timestamp,sliceId,dedicatedPRB,minPRB,maxPRB,algorithm
510,0,31.665,31.665,100.0,0
510,1,20.0,20.0,100.0,0
510,2,48.334999999999994,48.334999999999994,100.0,0
520,0,31.665,31.665,100.0,0
520,1,20.0,20.0,100.0,0
520,2,48.334999999999994,48.334999999999994,100.0,0
530,0,26.664999999999996,26.664999999999996,100.0,2
530,1,60.0,60.0,100.0,2
530,2,13.334999999999997,13.334999999999997,100.0,2
540,0,46.665,46.665,100.0,2
540,1,25.0,25.0,100.0,2
540,2,28.335,28.335,100.0,2
550,0,41.665,41.665,100.0,1
550,1,40.0,40.0,100.0,1
550,2,18.335,18.335,100.0,1
560,0,51.66499999999999,51.66499999999999,100.0,0
560,1,20.0,20.0,100.0,0
560,2,28.335,28.335,100.0,0
