timestamp,ueImsi,sliceId,dTxBytes,dRxBytes,plr,resourceSharePct,dLostPackets,throughputMbps,bufferBytes
560,1,0,24448,3056,87.50,32.75,14,2.4448,131757
560,2,0,24448,3056,87.50,32.75,14,2.4448,131798
560,3,0,24448,3056,87.50,32.75,14,2.4448,131813
560,4,0,24448,3056,87.50,32.75,14,2.4448,131818
560,5,0,24448,3056,87.50,32.75,14,2.4448,131719
560,6,1,780,702,10.00,47.32,1,0.5616,87
560,7,1,780,702,10.00,47.32,1,0.5616,87
560,8,1,780,702,10.00,47.32,1,0.5616,87
560,9,1,780,702,10.00,47.32,1,0.5616,87
560,10,1,780,702,10.00,47.32,1,0.5616,87
560,11,2,16000,896,94.40,19.93,118,0.7168,88167
560,12,2,16000,896,94.40,19.93,118,0.7168,88116
560,13,2,16000,768,95.20,19.93,119,0.6144,88060
560,14,2,16000,768,95.20,19.93,119,0.6144,88066
560,15,2,16000,1024,93.60,19.93,117,0.8192,88075
560,16,2,16000,896,94.40,19.93,118,0.7168,88069
560,17,2,16000,896,94.40,19.93,118,0.7168,88090
560,18,2,16000,896,94.40,19.93,118,0.7168,88067
560,19,2,16000,896,94.40,19.93,118,0.7168,88064
560,20,2,16000,896,94.40,19.93,118,0.7168,88082
