timestamp,ueImsi,sliceId,dTxBytes,dRxBytes,plr,resourceSharePct,dLostPackets,throughputMbps,bufferBytes,dlBufferBytes,ulBufferBytes,macBufferBytes,congestionPct,lastDrlActionStatus
10600,1,0,128736,0,100.00,21.66,112,0.0000,1200005,93029,1200005,1293034,12.33,applied
10600,2,0,128736,49120,64.29,21.66,72,3.9296,1200005,91819,1200005,1291824,12.32,applied
10600,3,0,128736,66312,51.79,21.66,58,5.3050,1200005,91819,1200005,1291824,12.32,applied
10600,4,0,128736,0,100.00,21.66,112,0.0000,34,93539,34,93573,0.89,applied
10600,5,0,128736,0,100.00,21.66,112,0.0000,1043,91829,1043,92872,0.89,applied
10600,6,1,0,0,0.00,20.00,0,0.0000,34,0,34,34,0.00,applied
10600,7,1,0,0,0.00,20.00,0,0.0000,34,0,34,34,0.00,applied
10600,8,1,0,0,0.00,20.00,0,0.0000,34,0,34,34,0.00,applied
10600,9,1,0,0,0.00,20.00,0,0.0000,34,0,34,34,0.00,applied
10600,10,1,0,0,0.00,20.00,0,0.0000,34,0,34,34,0.00,applied
10600,11,1,0,0,0.00,20.00,0,0.0000,34,0,34,34,0.00,applied
10600,12,1,0,0,0.00,20.00,0,0.0000,34,0,34,34,0.00,applied
10600,13,1,0,0,0.00,20.00,0,0.0000,34,0,34,34,0.00,applied
10600,14,2,63772,940,89.80,58.33,44,0.0752,5879793,5879793,51,5879844,56.07,applied
10600,15,2,63772,0,100.00,58.33,49,0.0000,5879889,5879889,51,5879940,56.08,applied
10600,16,2,63772,940,89.80,58.33,44,0.0752,5879793,5879793,51,5879844,56.07,applied
10600,17,2,63772,0,100.00,58.33,49,0.0000,5882115,5882115,51,5882166,56.10,applied
10600,18,2,63772,0,100.00,58.33,49,0.0000,5879822,5879822,51,5879873,56.07,applied
