timestamp,sliceId,dedicatedPRB,minPRB,maxPRB
510,0,28.939706658494067,28.939706658494067,100.0
510,1,40.05071478169212,40.05071478169212,100.0
510,2,31.00957855981381,31.00957855981381,100.0
520,0,24.826371920702865,24.826371920702865,100.0
520,1,31.096959221246173,31.096959221246173,100.0
520,2,44.07666885805096,44.07666885805096,100.0
530,0,41.17959583592392,41.17959583592392,100.0
530,1,28.09281029258395,28.09281029258395,100.0
530,2,30.727593871492132,30.727593871492132,100.0
540,0,38.69210500283263,38.69210500283263,100.0
540,1,40.99406018675771,40.99406018675771,100.0
540,2,20.31383481040966,20.31383481040966,100.0
550,0,42.94626223892699,42.94626223892699,100.0
550,1,30.82946440923362,30.82946440923362,100.0
550,2,26.22427335183939,26.22427335183939,100.0
560,0,25.255812061951342,25.255812061951342,100.0
560,1,44.32893817836441,44.32893817836441,100.0
560,2,30.415249759684244,30.415249759684244,100.0
570,0,36.99211852363642,36.99211852363642,100.0
570,1,31.364399140559566,31.364399140559566,100.0
570,2,31.64348233580402,31.64348233580402,100.0
580,0,34.04631269383363,34.04631269383363,100.0
580,1,30.452948770505827,30.452948770505827,100.0
580,2,35.500738535660545,35.500738535660545,100.0
590,0,44.80654995187311,44.80654995187311,100.0
590,1,26.324763129601354,26.324763129601354,100.0
590,2,28.868686918525526,28.868686918525526,100.0
600,0,24.185800046912938,24.185800046912938,100.0
600,1,47.54569458899452,47.54569458899452,100.0
600,2,28.268505364092533,28.268505364092533,100.0
610,0,34.42499985364999,34.42499985364999,100.0
610,1,38.79750447672644,38.79750447672644,100.0
610,2,26.777495669623562,26.777495669623562,100.0
620,0,24.861435220737853,24.861435220737853,100.0
620,1,45.628498344555155,45.628498344555155,100.0
620,2,29.510066434706992,29.510066434706992,100.0
630,0,50.34057026692705,50.34057026692705,100.0
630,1,29.744261631343647,29.744261631343647,100.0
630,2,19.915168101729293,19.915168101729293,100.0
640,0,31.597847058306893,31.597847058306893,100.0
640,1,27.86540099493791,27.86540099493791,100.0
640,2,40.5367519467552,40.5367519467552,100.0
650,0,41.44784636998779,41.44784636998779,100.0
650,1,28.799348399712528,28.799348399712528,100.0
650,2,29.75280523029968,29.75280523029968,100.0
660,0,40.35076812462623,40.35076812462623,100.0
660,1,34.631155066869,34.631155066869,100.0
660,2,25.01807680850478,25.01807680850478,100.0
670,0,26.12803077261141,26.12803077261141,100.0
670,1,46.88249192495187,46.88249192495187,100.0
670,2,26.989477302436715,26.989477302436715,100.0
680,0,31.327282763842017,31.327282763842017,100.0
680,1,47.21727142909977,47.21727142909977,100.0
680,2,21.45544580705821,21.45544580705821,100.0
690,0,35.55977722319241,35.55977722319241,100.0
690,1,30.586748093997805,30.586748093997805,100.0
690,2,33.85347468280978,33.85347468280978,100.0
700,0,45.307420152883594,45.307420152883594,100.0
700,1,24.33491899045949,24.33491899045949,100.0
700,2,30.357660856656913,30.357660856656913,100.0
710,0,37.93070640863981,37.93070640863981,100.0
710,1,35.520821264828875,35.520821264828875,100.0
710,2,26.548472326531318,26.548472326531318,100.0
720,0,30.51954177999058,30.51954177999058,100.0
720,1,35.00466234482108,35.00466234482108,100.0
720,2,34.47579587518834,34.47579587518834,100.0
730,0,27.941392195546,27.941392195546,100.0
730,1,51.714611165554025,51.714611165554025,100.0
730,2,20.34399663889997,20.34399663889997,100.0
740,0,30.506904173153682,30.506904173153682,100.0
740,1,40.83213686439168,40.83213686439168,100.0
740,2,28.660958962454647,28.660958962454647,100.0
750,0,32.40859787107731,32.40859787107731,100.0
750,1,42.89269317356592,42.89269317356592,100.0
750,2,24.698708955356775,24.698708955356775,100.0
760,0,29.83147255050086,29.83147255050086,100.0
760,1,49.06646727871242,49.06646727871242,100.0
760,2,21.102060170786718,21.102060170786718,100.0
770,0,49.935439576710316,49.935439576710316,100.0
770,1,30.98644061988802,30.98644061988802,100.0
770,2,19.078119803401663,19.078119803401663,100.0
780,0,26.63445513776025,26.63445513776025,100.0
780,1,32.850213018400275,32.850213018400275,100.0
780,2,40.515331843839476,40.515331843839476,100.0
790,0,27.46505032663602,27.46505032663602,100.0
790,1,27.67898665557714,27.67898665557714,100.0
790,2,44.855963017786834,44.855963017786834,100.0
800,0,50.277171693408064,50.277171693408064,100.0
800,1,27.68734511078023,27.68734511078023,100.0
800,2,22.0354831958117,22.0354831958117,100.0
810,0,31.518724719004933,31.518724719004933,100.0
810,1,36.28468497192263,36.28468497192263,100.0
810,2,32.196590309072434,32.196590309072434,100.0
820,0,25.499834335377606,25.499834335377606,100.0
820,1,43.773684971297165,43.773684971297165,100.0
820,2,30.726480693325232,30.726480693325232,100.0
830,0,24.949576027134153,24.949576027134153,100.0
830,1,54.24116537435677,54.24116537435677,100.0
830,2,20.80925859850909,20.80925859850909,100.0
840,0,31.19635728978768,31.19635728978768,100.0
840,1,38.50819858224376,38.50819858224376,100.0
840,2,30.295444127968562,30.295444127968562,100.0
850,0,50.267396685400755,50.267396685400755,100.0
850,1,30.53031664566399,30.53031664566399,100.0
850,2,19.202286668935255,19.202286668935255,100.0
860,0,28.682001554210814,28.682001554210814,100.0
860,1,47.25713024956386,47.25713024956386,100.0
860,2,24.060868196225336,24.060868196225336,100.0
870,0,30.64135044923227,30.64135044923227,100.0
870,1,30.202846291599506,30.202846291599506,100.0
870,2,39.15580325916823,39.15580325916823,100.0
880,0,32.45677884380483,32.45677884380483,100.0
880,1,42.75665479307593,42.75665479307593,100.0
880,2,24.78656636311924,24.78656636311924,100.0
890,0,35.29271972389176,35.29271972389176,100.0
890,1,32.207838625360615,32.207838625360615,100.0
890,2,32.499441650747634,32.499441650747634,100.0
900,0,40.2173522040783,40.2173522040783,100.0
900,1,32.85735815137925,32.85735815137925,100.0
900,2,26.92528964454244,26.92528964454244,100.0
910,0,23.242067078028047,23.242067078028047,100.0
910,1,34.862253229426756,34.862253229426756,100.0
910,2,41.895679692545194,41.895679692545194,100.0
920,0,24.941712500715482,24.941712500715482,100.0
920,1,37.18957459499465,37.18957459499465,100.0
920,2,37.86871290428987,37.86871290428987,100.0
930,0,41.04596987604677,41.04596987604677,100.0
930,1,34.64887936727064,34.64887936727064,100.0
930,2,24.305150756682597,24.305150756682597,100.0
940,0,38.20072615801112,38.20072615801112,100.0
940,1,39.33505692962325,39.33505692962325,100.0
940,2,22.46421691236563,22.46421691236563,100.0
950,0,29.201493484236867,29.201493484236867,100.0
950,1,41.37727002149237,41.37727002149237,100.0
950,2,29.42123649427075,29.42123649427075,100.0
960,0,31.429045437544147,31.429045437544147,100.0
960,1,43.365764445707676,43.365764445707676,100.0
960,2,25.20519011674817,25.20519011674817,100.0
970,0,22.322189513800154,22.322189513800154,100.0
970,1,45.25800853890098,45.25800853890098,100.0
970,2,32.419801947298865,32.419801947298865,100.0
980,0,34.93176692467092,34.93176692467092,100.0
980,1,34.78755224846195,34.78755224846195,100.0
980,2,30.28068082686713,30.28068082686713,100.0
990,0,33.07856365953823,33.07856365953823,100.0
990,1,37.226629488624646,37.226629488624646,100.0
990,2,29.694806851837125,29.694806851837125,100.0
1000,0,32.77833324214601,32.77833324214601,100.0
1000,1,28.10209888472535,28.10209888472535,100.0
1000,2,39.11956787312864,39.11956787312864,100.0
1010,0,50.93637540640417,50.93637540640417,100.0
1010,1,28.3984491050445,28.3984491050445,100.0
1010,2,20.66517548855133,20.66517548855133,100.0
1020,0,36.55511579718061,36.55511579718061,100.0
1020,1,32.20528405050314,32.20528405050314,100.0
1020,2,31.239600152316243,31.239600152316243,100.0
1030,0,45.43682182226397,45.43682182226397,100.0
1030,1,27.43882248109478,27.43882248109478,100.0
1030,2,27.124355696641256,27.124355696641256,100.0
1040,0,28.665435654159978,28.665435654159978,100.0
1040,1,41.47837005690989,41.47837005690989,100.0
1040,2,29.856194288930137,29.856194288930137,100.0
1050,0,27.702933490763698,27.702933490763698,100.0
1050,1,27.409258795284558,27.409258795284558,100.0
1050,2,44.887807713951744,44.887807713951744,100.0
1060,0,42.76214373180811,42.76214373180811,100.0
1060,1,31.227492377236928,31.227492377236928,100.0
1060,2,26.010363890954963,26.010363890954963,100.0
1070,0,27.480047690820637,27.480047690820637,100.0
1070,1,25.408321217008105,25.408321217008105,100.0
1070,2,47.11163109217126,47.11163109217126,100.0
1080,0,45.74691201165372,45.74691201165372,100.0
1080,1,30.589145566810526,30.589145566810526,100.0
1080,2,23.663942421535754,23.663942421535754,100.0
1090,0,23.57363863438828,23.57363863438828,100.0
1090,1,39.51056225977852,39.51056225977852,100.0
1090,2,36.9157991058332,36.9157991058332,100.0
1100,0,38.9170925176136,38.9170925176136,100.0
1100,1,28.052370072246703,28.052370072246703,100.0
1100,2,33.03053741013971,33.03053741013971,100.0
1110,0,24.17651475071977,24.17651475071977,100.0
1110,1,41.707256667907004,41.707256667907004,100.0
1110,2,34.116228581373235,34.116228581373235,100.0
1120,0,23.540211778802156,23.540211778802156,100.0
1120,1,32.312909933009315,32.312909933009315,100.0
1120,2,44.14687828818853,44.14687828818853,100.0
1130,0,48.98661347129053,48.98661347129053,100.0
1130,1,30.50901492029673,30.50901492029673,100.0
1130,2,20.504371608412736,20.504371608412736,100.0
1140,0,50.24092196475325,50.24092196475325,100.0
1140,1,26.365242740536665,26.365242740536665,100.0
1140,2,23.393835294710087,23.393835294710087,100.0
1150,0,29.21187255006408,29.21187255006408,100.0
1150,1,37.78070686946372,37.78070686946372,100.0
1150,2,33.0074205804722,33.0074205804722,100.0
1160,0,28.21673397464813,28.21673397464813,100.0
1160,1,43.05860831664243,43.05860831664243,100.0
1160,2,28.72465770870945,28.72465770870945,100.0
1170,0,40.457116176387274,40.457116176387274,100.0
1170,1,32.714413546218985,32.714413546218985,100.0
1170,2,26.82847027739374,26.82847027739374,100.0
1180,0,31.955522827443556,31.955522827443556,100.0
1180,1,46.865415053573535,46.865415053573535,100.0
1180,2,21.179062118982916,21.179062118982916,100.0
1190,0,40.97971096702477,40.97971096702477,100.0
1190,1,39.064267075863214,39.064267075863214,100.0
1190,2,19.956021957112018,19.956021957112018,100.0
1200,0,47.14086396709812,47.14086396709812,100.0
1200,1,25.12369401595941,25.12369401595941,100.0
1200,2,27.735442016942475,27.735442016942475,100.0
1210,0,30.884433276591167,30.884433276591167,100.0
1210,1,40.42525722182758,40.42525722182758,100.0
1210,2,28.69030950158126,28.69030950158126,100.0
1220,0,30.25499237098671,30.25499237098671,100.0
1220,1,45.48238544007873,45.48238544007873,100.0
1220,2,24.262622188934557,24.262622188934557,100.0
1230,0,40.285473727099465,40.285473727099465,100.0
1230,1,32.865195413838535,32.865195413838535,100.0
1230,2,26.849330859062004,26.849330859062004,100.0
1240,0,34.79711858500551,34.79711858500551,100.0
1240,1,30.833275304456325,30.833275304456325,100.0
1240,2,34.36960611053818,34.36960611053818,100.0
1250,0,23.512875845467725,23.512875845467725,100.0
1250,1,39.97119654889929,39.97119654889929,100.0
1250,2,36.51592760563298,36.51592760563298,100.0
1260,0,26.917609980547297,26.917609980547297,100.0
1260,1,47.4385699046506,47.4385699046506,100.0
1260,2,25.643820114802107,25.643820114802107,100.0
1270,0,22.099799082359546,22.099799082359546,100.0
1270,1,43.973080068339044,43.973080068339044,100.0
1270,2,33.9271208493014,33.9271208493014,100.0
1280,0,25.410918211600485,25.410918211600485,100.0
1280,1,26.27536286794371,26.27536286794371,100.0
1280,2,48.313718920455806,48.313718920455806,100.0
1290,0,28.923365778770936,28.923365778770936,100.0
1290,1,30.530045061468158,30.530045061468158,100.0
1290,2,40.546589159760906,40.546589159760906,100.0
1300,0,28.446871051273686,28.446871051273686,100.0
1300,1,36.6354126432776,36.6354126432776,100.0
1300,2,34.91771630544872,34.91771630544872,100.0
1310,0,39.36284773008774,39.36284773008774,100.0
1310,1,39.543812740258325,39.543812740258325,100.0
1310,2,21.093339529653925,21.093339529653925,100.0
1320,0,47.68006281072541,47.68006281072541,100.0
1320,1,25.506438693788347,25.506438693788347,100.0
1320,2,26.81349849548625,26.81349849548625,100.0
1330,0,28.741898083636073,28.741898083636073,100.0
1330,1,45.725154830137285,45.725154830137285,100.0
1330,2,25.532947086226642,25.532947086226642,100.0
1340,0,47.572615451050694,47.572615451050694,100.0
1340,1,30.97181754316526,30.97181754316526,100.0
1340,2,21.455567005784058,21.455567005784058,100.0
1350,0,39.90320228713588,39.90320228713588,100.0
1350,1,25.565065918281228,25.565065918281228,100.0
1350,2,34.531731794582896,34.531731794582896,100.0
1360,0,38.825145265434045,38.825145265434045,100.0
1360,1,43.602009553062224,43.602009553062224,100.0
1360,2,17.572845181503723,17.572845181503723,100.0
1370,0,30.950681242017875,30.950681242017875,100.0
1370,1,48.86327494937427,48.86327494937427,100.0
1370,2,20.186043808607852,20.186043808607852,100.0
1380,0,52.732620192364145,52.732620192364145,100.0
1380,1,26.41593918036373,26.41593918036373,100.0
1380,2,20.85144062727213,20.85144062727213,100.0
1390,0,46.88850550914495,46.88850550914495,100.0
1390,1,34.03086144305163,34.03086144305163,100.0
1390,2,19.080633047803413,19.080633047803413,100.0
1400,0,45.93781992467989,45.93781992467989,100.0
1400,1,28.868199047751382,28.868199047751382,100.0
1400,2,25.193981027568736,25.193981027568736,100.0
1410,0,27.39059090594491,27.39059090594491,100.0
1410,1,39.257556525401014,39.257556525401014,100.0
1410,2,33.351852568654074,33.351852568654074,100.0
1420,0,23.091907864524757,23.091907864524757,100.0
1420,1,31.674822579422568,31.674822579422568,100.0
1420,2,45.23326955605268,45.23326955605268,100.0
1430,0,37.55199630419062,37.55199630419062,100.0
1430,1,32.024828084884845,32.024828084884845,100.0
1430,2,30.42317561092454,30.42317561092454,100.0
1440,0,32.332514949201396,32.332514949201396,100.0
1440,1,33.24455420301924,33.24455420301924,100.0
1440,2,34.42293084777936,34.42293084777936,100.0
1450,0,32.113452234003795,32.113452234003795,100.0
1450,1,40.4950166163348,40.4950166163348,100.0
1450,2,27.391531149661414,27.391531149661414,100.0
1460,0,43.55099003251216,43.55099003251216,100.0
1460,1,28.21276601506293,28.21276601506293,100.0
1460,2,28.23624395242491,28.23624395242491,100.0
1470,0,31.678412142939994,31.678412142939994,100.0
1470,1,31.648384906028117,31.648384906028117,100.0
1470,2,36.67320295103189,36.67320295103189,100.0
1480,0,32.26326002605515,32.26326002605515,100.0
1480,1,25.583584588073787,25.583584588073787,100.0
1480,2,42.15315538587107,42.15315538587107,100.0
1490,0,27.035444585306067,27.035444585306067,100.0
1490,1,35.97288212957178,35.97288212957178,100.0
1490,2,36.991673285122154,36.991673285122154,100.0
1500,0,30.039645801847705,30.039645801847705,100.0
1500,1,36.62447852810319,36.62447852810319,100.0
1500,2,33.335875670049106,33.335875670049106,100.0
