timestamp,ueImsi,sliceId,dTxBytes,dRxBytes,plr,resourceSharePct,dLostPackets,throughputMbps,bufferBytes
570,1,0,18336,6112,66.67,31.18,8,4.8896,87414
570,2,0,18336,6112,66.67,31.18,8,4.8896,87408
570,3,0,18336,6112,66.67,31.18,8,4.8896,87372
570,4,0,18336,6112,66.67,31.18,8,4.8896,87427
570,5,0,18336,6112,66.67,31.18,8,4.8896,87404
570,6,1,390,390,0.00,41.62,0,0.3120,87
570,7,1,390,390,0.00,41.62,0,0.3120,87
570,8,1,390,390,0.00,41.62,0,0.3120,87
570,9,1,390,390,0.00,41.62,0,0.3120,87
570,10,1,390,390,0.00,41.62,0,0.3120,87
570,11,2,384,384,0.00,27.19,0,0.3072,137
570,12,2,384,256,33.33,27.19,1,0.2048,54
570,13,2,384,256,33.33,27.19,1,0.2048,54
570,14,2,384,256,33.33,27.19,1,0.2048,54
570,15,2,384,256,33.33,27.19,1,0.2048,54
570,16,2,384,256,33.33,27.19,1,0.2048,54
570,17,2,384,384,0.00,27.19,0,0.3072,137
570,18,2,384,384,0.00,27.19,0,0.3072,137
570,19,2,384,384,0.00,27.19,0,0.3072,137
570,20,2,384,384,0.00,27.19,0,0.3072,137
