timestamp,sliceId,dedicatedPRB,minPRB,maxPRB
510,0,38.54667756435474,38.54667756435474,100.0
510,1,41.840628340269845,41.840628340269845,100.0
510,2,19.612694095375417,19.612694095375417,100.0
520,0,39.88318679014588,39.88318679014588,100.0
520,1,32.63046116706765,32.63046116706765,100.0
520,2,27.48635204278647,27.48635204278647,100.0
530,0,34.265906078199556,34.265906078199556,100.0
530,1,26.37324075972768,26.37324075972768,100.0
530,2,39.360853162072765,39.360853162072765,100.0
540,0,35.92683888922667,35.92683888922667,100.0
540,1,25.983325635550546,25.983325635550546,100.0
540,2,38.08983547522278,38.08983547522278,100.0
550,0,38.65356812112012,38.65356812112012,100.0
550,1,39.46469446593232,39.46469446593232,100.0
550,2,21.881737412947572,21.881737412947572,100.0
560,0,38.24234624391381,38.24234624391381,100.0
560,1,29.142611831293298,29.142611831293298,100.0
560,2,32.6150419247929,32.6150419247929,100.0
570,0,30.561505107834236,30.561505107834236,100.0
570,1,45.86404843236635,45.86404843236635,100.0
570,2,23.574446459799418,23.574446459799418,100.0
580,0,40.27179205371542,40.27179205371542,100.0
580,1,40.190353222868715,40.190353222868715,100.0
580,2,19.537854723415858,19.537854723415858,100.0
590,0,50.9883571434715,50.9883571434715,100.0
590,1,28.177551250555116,28.177551250555116,100.0
590,2,20.83409160597339,20.83409160597339,100.0
600,0,36.820177934762505,36.820177934762505,100.0
600,1,31.215409756059465,31.215409756059465,100.0
600,2,31.96441230917803,31.96441230917803,100.0
610,0,41.192525124662396,41.192525124662396,100.0
610,1,28.821514367510893,28.821514367510893,100.0
610,2,29.985960507826707,29.985960507826707,100.0
620,0,28.7481513770934,28.7481513770934,100.0
620,1,31.354327073468024,31.354327073468024,100.0
620,2,39.89752154943857,39.89752154943857,100.0
630,0,35.84631285163221,35.84631285163221,100.0
630,1,39.355658374880264,39.355658374880264,100.0
630,2,24.79802877348752,24.79802877348752,100.0
640,0,26.396809549621373,26.396809549621373,100.0
640,1,29.33702223144786,29.33702223144786,100.0
640,2,44.266168218930765,44.266168218930765,100.0
650,0,36.12697657037383,36.12697657037383,100.0
650,1,39.53378021802241,39.53378021802241,100.0
650,2,24.339243211603772,24.339243211603772,100.0
660,0,37.00227041225292,37.00227041225292,100.0
660,1,30.582511295465075,30.582511295465075,100.0
660,2,32.415218292282,32.415218292282,100.0
670,0,34.32670399015796,34.32670399015796,100.0
670,1,33.27517178880659,33.27517178880659,100.0
670,2,32.39812422103545,32.39812422103545,100.0
680,0,28.2951110390134,28.2951110390134,100.0
680,1,33.87053891621987,33.87053891621987,100.0
680,2,37.83435004476673,37.83435004476673,100.0
690,0,35.13112372848224,35.13112372848224,100.0
690,1,41.423389445889896,41.423389445889896,100.0
690,2,23.445486825627874,23.445486825627874,100.0
700,0,34.20349316168303,34.20349316168303,100.0
700,1,43.11710726963786,43.11710726963786,100.0
700,2,22.67939956867912,22.67939956867912,100.0
710,0,26.012434988939482,26.012434988939482,100.0
710,1,38.679496197576235,38.679496197576235,100.0
710,2,35.30806881348428,35.30806881348428,100.0
720,0,44.2010443470782,44.2010443470782,100.0
720,1,32.21892434596414,32.21892434596414,100.0
720,2,23.580031306957654,23.580031306957654,100.0
730,0,27.713329609465625,27.713329609465625,100.0
730,1,30.756638965809792,30.756638965809792,100.0
730,2,41.5300314247246,41.5300314247246,100.0
740,0,34.795438314576344,34.795438314576344,100.0
740,1,31.960662165578306,31.960662165578306,100.0
740,2,33.24389951984534,33.24389951984534,100.0
750,0,37.64426906349725,37.64426906349725,100.0
750,1,33.47699768240749,33.47699768240749,100.0
750,2,28.878733254095255,28.878733254095255,100.0
760,0,28.633995000644163,28.633995000644163,100.0
760,1,47.65854820082499,47.65854820082499,100.0
760,2,23.707456798530853,23.707456798530853,100.0
770,0,38.961674337217566,38.961674337217566,100.0
770,1,28.45976237471402,28.45976237471402,100.0
770,2,32.578563288068416,32.578563288068416,100.0
780,0,28.93136222538905,28.93136222538905,100.0
780,1,33.548106708665124,33.548106708665124,100.0
780,2,37.520531065945825,37.520531065945825,100.0
790,0,39.73316603021807,39.73316603021807,100.0
790,1,34.85100929863882,34.85100929863882,100.0
790,2,25.415824671143106,25.415824671143106,100.0
800,0,31.84358121824508,31.84358121824508,100.0
800,1,35.88680857422171,35.88680857422171,100.0
800,2,32.269610207533205,32.269610207533205,100.0
810,0,37.26820804783455,37.26820804783455,100.0
810,1,26.813647808804614,26.813647808804614,100.0
810,2,35.91814414336084,35.91814414336084,100.0
820,0,37.91664156840798,37.91664156840798,100.0
820,1,44.59041087394974,44.59041087394974,100.0
820,2,17.492947557642275,17.492947557642275,100.0
830,0,25.346853187083628,25.346853187083628,100.0
830,1,51.98358040483594,51.98358040483594,100.0
830,2,22.66956640808044,22.66956640808044,100.0
840,0,39.28927005084248,39.28927005084248,100.0
840,1,42.69912001563589,42.69912001563589,100.0
840,2,18.011609933521626,18.011609933521626,100.0
850,0,51.01388040520042,51.01388040520042,100.0
850,1,28.434668820354368,28.434668820354368,100.0
850,2,20.55145077444521,20.55145077444521,100.0
860,0,28.154860622107336,28.154860622107336,100.0
860,1,39.38251467496044,39.38251467496044,100.0
860,2,32.46262470293224,32.46262470293224,100.0
870,0,38.542611857051035,38.542611857051035,100.0
870,1,40.45391898794431,40.45391898794431,100.0
870,2,21.003469155004662,21.003469155004662,100.0
880,0,25.330836111659604,25.330836111659604,100.0
880,1,53.92809198402513,53.92809198402513,100.0
880,2,20.74107190431528,20.74107190431528,100.0
890,0,24.979726621450173,24.979726621450173,100.0
890,1,42.88715694281278,42.88715694281278,100.0
890,2,32.133116435737044,32.133116435737044,100.0
900,0,36.343293596099265,36.343293596099265,100.0
900,1,30.614800985605033,30.614800985605033,100.0
900,2,33.041905418295705,33.041905418295705,100.0
910,0,36.146934011978296,36.146934011978296,100.0
910,1,31.055129454246348,31.055129454246348,100.0
910,2,32.797936533775356,32.797936533775356,100.0
920,0,29.028381469383202,29.028381469383202,100.0
920,1,47.94705538491758,47.94705538491758,100.0
920,2,23.02456314569922,23.02456314569922,100.0
930,0,27.879793352302762,27.879793352302762,100.0
930,1,27.353347187072032,27.353347187072032,100.0
930,2,44.766859460625206,44.766859460625206,100.0
940,0,26.92957894293771,26.92957894293771,100.0
940,1,39.362339272081,39.362339272081,100.0
940,2,33.70808178498129,33.70808178498129,100.0
950,0,30.55918688228756,30.55918688228756,100.0
950,1,37.72849747370631,37.72849747370631,100.0
950,2,31.712315644006132,31.712315644006132,100.0
960,0,28.38987297323535,28.38987297323535,100.0
960,1,46.084189558498615,46.084189558498615,100.0
960,2,25.525937468266036,25.525937468266036,100.0
970,0,31.07195437951018,31.07195437951018,100.0
970,1,44.913041797886216,44.913041797886216,100.0
970,2,24.015003822603596,24.015003822603596,100.0
980,0,31.930837289186538,31.930837289186538,100.0
980,1,49.43923148417782,49.43923148417782,100.0
980,2,18.629931226635648,18.629931226635648,100.0
990,0,21.73163991517039,21.73163991517039,100.0
990,1,35.3341050957834,35.3341050957834,100.0
990,2,42.9342549890462,42.9342549890462,100.0
1000,0,41.667955449721205,41.667955449721205,100.0
1000,1,41.0316463171446,41.0316463171446,100.0
1000,2,17.300398233134207,17.300398233134207,100.0
1010,0,23.0523961943151,23.0523961943151,100.0
1010,1,55.47792165403893,55.47792165403893,100.0
1010,2,21.46968215164597,21.46968215164597,100.0
1020,0,29.030916081529934,29.030916081529934,100.0
1020,1,26.620224789765384,26.620224789765384,100.0
1020,2,44.348859128704675,44.348859128704675,100.0
1030,0,30.699323580282645,30.699323580282645,100.0
1030,1,45.017234603695606,45.017234603695606,100.0
1030,2,24.28344181602175,24.28344181602175,100.0
1040,0,22.750647237169005,22.750647237169005,100.0
1040,1,50.046060864530176,50.046060864530176,100.0
1040,2,27.203291898300836,27.203291898300836,100.0
1050,0,32.48578676387738,32.48578676387738,100.0
1050,1,45.96376078080768,45.96376078080768,100.0
1050,2,21.550452455314943,21.550452455314943,100.0
1060,0,28.457746044873193,28.457746044873193,100.0
1060,1,51.28776057946342,51.28776057946342,100.0
1060,2,20.25449337566339,20.25449337566339,100.0
1070,0,36.684092666967395,36.684092666967395,100.0
1070,1,25.119503532453034,25.119503532453034,100.0
1070,2,38.19640380057957,38.19640380057957,100.0
1080,0,40.54414573385902,40.54414573385902,100.0
1080,1,33.96250128784637,33.96250128784637,100.0
1080,2,25.493352978294613,25.493352978294613,100.0
1090,0,21.989110400370944,21.989110400370944,100.0
1090,1,50.03532602166847,50.03532602166847,100.0
1090,2,27.975563577960592,27.975563577960592,100.0
1100,0,23.18299943660303,23.18299943660303,100.0
1100,1,54.345542606066864,54.345542606066864,100.0
1100,2,22.471457957330117,22.471457957330117,100.0
1110,0,31.264015598180578,31.264015598180578,100.0
1110,1,42.53267246945893,42.53267246945893,100.0
1110,2,26.203311932360496,26.203311932360496,100.0
1120,0,32.986250424130105,32.986250424130105,100.0
1120,1,30.29663736673744,30.29663736673744,100.0
1120,2,36.717112209132466,36.717112209132466,100.0
1130,0,28.288369088502186,28.288369088502186,100.0
1130,1,52.560789870572385,52.560789870572385,100.0
1130,2,19.15084104092542,19.15084104092542,100.0
1140,0,38.21117057770039,38.21117057770039,100.0
1140,1,43.3793340333613,43.3793340333613,100.0
1140,2,18.409495388938304,18.409495388938304,100.0
1150,0,25.1475606272655,25.1475606272655,100.0
1150,1,47.7650031988142,47.7650031988142,100.0
1150,2,27.087436173920302,27.087436173920302,100.0
1160,0,41.0948650796019,41.0948650796019,100.0
1160,1,39.30941008684621,39.30941008684621,100.0
1160,2,19.59572483355188,19.59572483355188,100.0
1170,0,24.32459219019038,24.32459219019038,100.0
1170,1,43.24359886974136,43.24359886974136,100.0
1170,2,32.43180894006825,32.43180894006825,100.0
1180,0,46.106002176466376,46.106002176466376,100.0
1180,1,35.295076773808944,35.295076773808944,100.0
1180,2,18.59892104972468,18.59892104972468,100.0
1190,0,31.2875373798291,31.2875373798291,100.0
1190,1,33.35312330843937,33.35312330843937,100.0
1190,2,35.35933931173153,35.35933931173153,100.0
1200,0,45.793672304395415,45.793672304395415,100.0
1200,1,35.54992109878192,35.54992109878192,100.0
1200,2,18.656406596822663,18.656406596822663,100.0
1210,0,26.191928194178978,26.191928194178978,100.0
1210,1,37.49069547758086,37.49069547758086,100.0
1210,2,36.31737632824017,36.31737632824017,100.0
1220,0,23.754363583896286,23.754363583896286,100.0
1220,1,34.6621999991565,34.6621999991565,100.0
1220,2,41.583436416947215,41.583436416947215,100.0
1230,0,23.68903394031648,23.68903394031648,100.0
1230,1,34.45899066422583,34.45899066422583,100.0
1230,2,41.851975395457686,41.851975395457686,100.0
1240,0,33.52547284184168,33.52547284184168,100.0
1240,1,35.303127651102145,35.303127651102145,100.0
1240,2,31.17139950705617,31.17139950705617,100.0
1250,0,34.08120406888999,34.08120406888999,100.0
1250,1,29.336743822645346,29.336743822645346,100.0
1250,2,36.58205210846467,36.58205210846467,100.0
1260,0,24.13160155899037,24.13160155899037,100.0
1260,1,40.186172447228984,40.186172447228984,100.0
1260,2,35.68222599378065,35.68222599378065,100.0
1270,0,28.13132871998903,28.13132871998903,100.0
1270,1,42.07306902702312,42.07306902702312,100.0
1270,2,29.79560225298785,29.79560225298785,100.0
1280,0,37.62380180415385,37.62380180415385,100.0
1280,1,34.8197592990359,34.8197592990359,100.0
1280,2,27.556438896810253,27.556438896810253,100.0
1290,0,41.84629883082656,41.84629883082656,100.0
1290,1,32.20472410587846,32.20472410587846,100.0
1290,2,25.948977063294983,25.948977063294983,100.0
1300,0,21.152016875075702,21.152016875075702,100.0
1300,1,45.063487623984884,45.063487623984884,100.0
1300,2,33.784495500939414,33.784495500939414,100.0
1310,0,25.752765241014764,25.752765241014764,100.0
1310,1,46.59300875737518,46.59300875737518,100.0
1310,2,27.65422600161006,27.65422600161006,100.0
1320,0,24.825295969778992,24.825295969778992,100.0
1320,1,42.337806180765774,42.337806180765774,100.0
1320,2,32.83689784945523,32.83689784945523,100.0
1330,0,36.99596862224639,36.99596862224639,100.0
1330,1,45.44083887534603,45.44083887534603,100.0
1330,2,17.563192502407585,17.563192502407585,100.0
1340,0,25.309576195680915,25.309576195680915,100.0
1340,1,50.694120219628594,50.694120219628594,100.0
1340,2,23.996303584690494,23.996303584690494,100.0
1350,0,25.992996033650584,25.992996033650584,100.0
1350,1,39.01648264014585,39.01648264014585,100.0
1350,2,34.99052132620356,34.99052132620356,100.0
1360,0,24.066664033859354,24.066664033859354,100.0
1360,1,49.238173605753325,49.238173605753325,100.0
1360,2,26.695162360387325,26.695162360387325,100.0
1370,0,30.347551460440346,30.347551460440346,100.0
1370,1,48.987336572447354,48.987336572447354,100.0
1370,2,20.665111967112292,20.665111967112292,100.0
1380,0,32.48658484622063,32.48658484622063,100.0
1380,1,44.701255171205176,44.701255171205176,100.0
1380,2,22.812159982574197,22.812159982574197,100.0
1390,0,38.740275985306,38.740275985306,100.0
1390,1,28.618023895352383,28.618023895352383,100.0
1390,2,32.64170011934162,32.64170011934162,100.0
1400,0,40.034979267230106,40.034979267230106,100.0
1400,1,39.486962535760675,39.486962535760675,100.0
1400,2,20.478058197009215,20.478058197009215,100.0
1410,0,32.04957999000758,32.04957999000758,100.0
1410,1,35.75136654848313,35.75136654848313,100.0
1410,2,32.199053461509294,32.199053461509294,100.0
1420,0,25.639801297860142,25.639801297860142,100.0
1420,1,28.355565339964624,28.355565339964624,100.0
1420,2,46.00463336217524,46.00463336217524,100.0
1430,0,38.882595419956644,38.882595419956644,100.0
1430,1,40.283765226836216,40.283765226836216,100.0
1430,2,20.83363935320714,20.83363935320714,100.0
1440,0,42.240610749339936,42.240610749339936,100.0
1440,1,28.748350770688035,28.748350770688035,100.0
1440,2,29.01103847997203,29.01103847997203,100.0
1450,0,27.54446963119188,27.54446963119188,100.0
1450,1,30.73277280318126,30.73277280318126,100.0
1450,2,41.722757565626864,41.722757565626864,100.0
1460,0,34.994329554957325,34.994329554957325,100.0
1460,1,37.013343203837735,37.013343203837735,100.0
1460,2,27.992327241204933,27.992327241204933,100.0
1470,0,42.34866533353683,42.34866533353683,100.0
1470,1,25.93965969896469,25.93965969896469,100.0
1470,2,31.711674967498492,31.711674967498492,100.0
1480,0,26.78496633838928,26.78496633838928,100.0
1480,1,46.6295168215865,46.6295168215865,100.0
1480,2,26.585516840024216,26.585516840024216,100.0
1490,0,32.69614471013732,32.69614471013732,100.0
1490,1,29.84934629514925,29.84934629514925,100.0
1490,2,37.454508994713436,37.454508994713436,100.0
1500,0,46.0975929019084,46.0975929019084,100.0
1500,1,31.015236376449558,31.015236376449558,100.0
1500,2,22.88717072164204,22.88717072164204,100.0
