timestamp,sliceId,dedicatedPRB,minPRB,maxPRB
510,0,25.35422202326251,25.35422202326251,100.0
510,1,28.90856715781802,28.90856715781802,100.0
510,2,45.737210818919465,45.737210818919465,100.0
520,0,25.018737604679497,25.018737604679497,100.0
520,1,25.482435622326697,25.482435622326697,100.0
520,2,49.4988267729938,49.4988267729938,100.0
530,0,31.65035707407776,31.65035707407776,100.0
530,1,26.660015475529917,26.660015475529917,100.0
530,2,41.68962745039232,41.68962745039232,100.0
540,0,36.12886690348447,36.12886690348447,100.0
540,1,34.581396357846536,34.581396357846536,100.0
540,2,29.289736738668992,29.289736738668992,100.0
550,0,36.46121628381131,36.46121628381131,100.0
550,1,36.78806098184829,36.78806098184829,100.0
550,2,26.75072273434041,26.75072273434041,100.0
