timestamp,sliceId,dedicatedPRB,minPRB,maxPRB
510,0,40.42461574399565,40.42461574399565,100.0
510,1,36.737994800725005,36.737994800725005,100.0
510,2,22.83738945527935,22.83738945527935,100.0
520,0,45.651098389704906,45.651098389704906,100.0
520,1,28.122588668873394,28.122588668873394,100.0
520,2,26.226312941421703,26.226312941421703,100.0
530,0,37.02661620808527,37.02661620808527,100.0
530,1,35.28432495870552,35.28432495870552,100.0
530,2,27.689058833209206,27.689058833209206,100.0
540,0,36.35383560918141,36.35383560918141,100.0
540,1,40.98995556012828,40.98995556012828,100.0
540,2,22.656208830690314,22.656208830690314,100.0
550,0,32.98936128681335,32.98936128681335,100.0
550,1,40.03641252547465,40.03641252547465,100.0
550,2,26.974226187712002,26.974226187712002,100.0
560,0,34.55939181724436,34.55939181724436,100.0
560,1,41.40124879463748,41.40124879463748,100.0
560,2,24.03935938811816,24.03935938811816,100.0
570,0,41.09116510032164,41.09116510032164,100.0
570,1,34.57680702546173,34.57680702546173,100.0
570,2,24.332027874216628,24.332027874216628,100.0
580,0,24.356173032653324,24.356173032653324,100.0
580,1,37.814721832691525,37.814721832691525,100.0
580,2,37.82910513465516,37.82910513465516,100.0
590,0,33.41833307531115,33.41833307531115,100.0
590,1,38.948758737353224,38.948758737353224,100.0
590,2,27.63290818733563,27.63290818733563,100.0
600,0,30.226868074426573,30.226868074426573,100.0
600,1,47.00129696490149,47.00129696490149,100.0
600,2,22.771834960671946,22.771834960671946,100.0
610,0,26.19479819525611,26.19479819525611,100.0
610,1,27.41651521472912,27.41651521472912,100.0
610,2,46.38868659001477,46.38868659001477,100.0
620,0,24.36396992257759,24.36396992257759,100.0
620,1,52.376887408468555,52.376887408468555,100.0
620,2,23.259142668953864,23.259142668953864,100.0
630,0,29.13402920089502,29.13402920089502,100.0
630,1,31.28469898965958,31.28469898965958,100.0
630,2,39.5812718094454,39.5812718094454,100.0
640,0,30.636934447560915,30.636934447560915,100.0
640,1,35.496672577122645,35.496672577122645,100.0
640,2,33.86639297531644,33.86639297531644,100.0
650,0,24.192859042463102,24.192859042463102,100.0
650,1,49.555952080762665,49.555952080762665,100.0
650,2,26.25118887677424,26.25118887677424,100.0
660,0,36.66685313099225,36.66685313099225,100.0
660,1,41.47797792888406,41.47797792888406,100.0
660,2,21.855168940123693,21.855168940123693,100.0
670,0,25.449960845734054,25.449960845734054,100.0
670,1,53.948332602572755,53.948332602572755,100.0
670,2,20.601706551693187,20.601706551693187,100.0
680,0,26.063279526115736,26.063279526115736,100.0
680,1,31.747313880121357,31.747313880121357,100.0
680,2,42.18940659376291,42.18940659376291,100.0
690,0,42.684292174735674,42.684292174735674,100.0
690,1,31.167675342797413,31.167675342797413,100.0
690,2,26.148032482466917,26.148032482466917,100.0
700,0,42.57509308147872,42.57509308147872,100.0
700,1,32.627079747855895,32.627079747855895,100.0
700,2,24.797827170665386,24.797827170665386,100.0
710,0,23.1730498985691,23.1730498985691,100.0
710,1,54.19259227592982,54.19259227592982,100.0
710,2,22.634357825501084,22.634357825501084,100.0
720,0,24.798575717005523,24.798575717005523,100.0
720,1,53.20917281279303,53.20917281279303,100.0
720,2,21.992251470201445,21.992251470201445,100.0
730,0,26.028264253345114,26.028264253345114,100.0
730,1,35.15440746562787,35.15440746562787,100.0
730,2,38.81732828102702,38.81732828102702,100.0
740,0,36.80346312929675,36.80346312929675,100.0
740,1,37.22441632231829,37.22441632231829,100.0
740,2,25.972120548384964,25.972120548384964,100.0
750,0,34.332119941738384,34.332119941738384,100.0
750,1,46.115705750334484,46.115705750334484,100.0
750,2,19.55217430792714,19.55217430792714,100.0
760,0,28.67598214424325,28.67598214424325,100.0
760,1,34.807414866729616,34.807414866729616,100.0
760,2,36.51660298902713,36.51660298902713,100.0
770,0,26.953313789502214,26.953313789502214,100.0
770,1,35.29227571443351,35.29227571443351,100.0
770,2,37.75441049606428,37.75441049606428,100.0
780,0,37.449351658924115,37.449351658924115,100.0
780,1,43.05101505568958,43.05101505568958,100.0
780,2,19.4996332853863,19.4996332853863,100.0
790,0,32.14791307043734,32.14791307043734,100.0
790,1,40.551793353179306,40.551793353179306,100.0
790,2,27.300293576383357,27.300293576383357,100.0
800,0,23.02241441420532,23.02241441420532,100.0
800,1,31.411751969134937,31.411751969134937,100.0
800,2,45.565833616659745,45.565833616659745,100.0
810,0,45.30860275820315,45.30860275820315,100.0
810,1,33.1524629018106,33.1524629018106,100.0
810,2,21.53893433998625,21.53893433998625,100.0
820,0,48.376933362363104,48.376933362363104,100.0
820,1,27.97569643601604,27.97569643601604,100.0
820,2,23.64737020162086,23.64737020162086,100.0
830,0,26.86831551422097,26.86831551422097,100.0
830,1,46.478389864254396,46.478389864254396,100.0
830,2,26.653294621524637,26.653294621524637,100.0
840,0,25.707879139011926,25.707879139011926,100.0
840,1,55.52811318058687,55.52811318058687,100.0
840,2,18.764007680401196,18.764007680401196,100.0
850,0,31.03588949431898,31.03588949431898,100.0
850,1,36.444690798412374,36.444690798412374,100.0
850,2,32.519419707268646,32.519419707268646,100.0
860,0,24.09516460905076,24.09516460905076,100.0
860,1,25.713945365683895,25.713945365683895,100.0
860,2,50.190890025265354,50.190890025265354,100.0
870,0,40.98428400539055,40.98428400539055,100.0
870,1,39.552878571056254,39.552878571056254,100.0
870,2,19.462837423553207,19.462837423553207,100.0
880,0,31.168079899672485,31.168079899672485,100.0
880,1,46.01734112407051,46.01734112407051,100.0
880,2,22.814578976257007,22.814578976257007,100.0
890,0,42.38366190752464,42.38366190752464,100.0
890,1,29.81188398569335,29.81188398569335,100.0
890,2,27.80445410678201,27.80445410678201,100.0
900,0,32.64146565191041,32.64146565191041,100.0
900,1,25.583152702061994,25.583152702061994,100.0
900,2,41.7753816460276,41.7753816460276,100.0
910,0,29.851287853439963,29.851287853439963,100.0
910,1,29.865676099525384,29.865676099525384,100.0
910,2,40.28303604703466,40.28303604703466,100.0
920,0,51.46264082096826,51.46264082096826,100.0
920,1,27.013884780789134,27.013884780789134,100.0
920,2,21.5234743982426,21.5234743982426,100.0
930,0,32.26169177606585,32.26169177606585,100.0
930,1,36.87374648023953,36.87374648023953,100.0
930,2,30.86456174369462,30.86456174369462,100.0
940,0,37.79263911473696,37.79263911473696,100.0
940,1,29.995607359079823,29.995607359079823,100.0
940,2,32.21175352618321,32.21175352618321,100.0
950,0,27.095145293652877,27.095145293652877,100.0
950,1,50.7002717388079,50.7002717388079,100.0
950,2,22.204582967539217,22.204582967539217,100.0
960,0,31.099896744873057,31.099896744873057,100.0
960,1,44.67068206860533,44.67068206860533,100.0
960,2,24.229421186521613,24.229421186521613,100.0
970,0,40.444612559217894,40.444612559217894,100.0
970,1,40.61631793426519,40.61631793426519,100.0
970,2,18.93906950651691,18.93906950651691,100.0
980,0,26.176858953337316,26.176858953337316,100.0
980,1,28.529048363676267,28.529048363676267,100.0
980,2,45.29409268298641,45.29409268298641,100.0
990,0,31.759972116556206,31.759972116556206,100.0
990,1,45.67418952398852,45.67418952398852,100.0
990,2,22.565838359455288,22.565838359455288,100.0
1000,0,33.78931908939749,33.78931908939749,100.0
1000,1,28.753604724848238,28.753604724848238,100.0
1000,2,37.45707618575428,37.45707618575428,100.0
1010,0,48.223918190773254,48.223918190773254,100.0
1010,1,29.002221158118275,29.002221158118275,100.0
1010,2,22.773860651108475,22.773860651108475,100.0
1020,0,38.706187642354536,38.706187642354536,100.0
1020,1,43.25093608181765,43.25093608181765,100.0
1020,2,18.042876275827815,18.042876275827815,100.0
1030,0,34.169265598903884,34.169265598903884,100.0
1030,1,28.709077807132168,28.709077807132168,100.0
1030,2,37.121656593963955,37.121656593963955,100.0
1040,0,35.323701674277515,35.323701674277515,100.0
1040,1,39.785222151247325,39.785222151247325,100.0
1040,2,24.891076174475163,24.891076174475163,100.0
1050,0,43.7918673782804,43.7918673782804,100.0
1050,1,28.71737579406819,28.71737579406819,100.0
1050,2,27.49075682765141,27.49075682765141,100.0
1060,0,46.522983131791015,46.522983131791015,100.0
1060,1,29.938314562484525,29.938314562484525,100.0
1060,2,23.53870230572447,23.53870230572447,100.0
1070,0,36.93934417281889,36.93934417281889,100.0
1070,1,28.133053036913005,28.133053036913005,100.0
1070,2,34.92760279026811,34.92760279026811,100.0
1080,0,45.78013615066405,45.78013615066405,100.0
1080,1,26.091426945057915,26.091426945057915,100.0
1080,2,28.128436904278033,28.128436904278033,100.0
1090,0,26.38146746728166,26.38146746728166,100.0
1090,1,47.84223753165924,47.84223753165924,100.0
1090,2,25.7762950010591,25.7762950010591,100.0
1100,0,24.934469147580796,24.934469147580796,100.0
1100,1,34.96824176374062,34.96824176374062,100.0
1100,2,40.09728908867858,40.09728908867858,100.0
1110,0,44.09476564359585,44.09476564359585,100.0
1110,1,34.162462222429525,34.162462222429525,100.0
1110,2,21.74277213397463,21.74277213397463,100.0
1120,0,40.457295775984,40.457295775984,100.0
1120,1,38.52382512811153,38.52382512811153,100.0
1120,2,21.018879095904463,21.018879095904463,100.0
1130,0,36.194033350889406,36.194033350889406,100.0
1130,1,27.41899181225285,27.41899181225285,100.0
1130,2,36.386974836857746,36.386974836857746,100.0
1140,0,39.46484602327403,39.46484602327403,100.0
1140,1,34.19904069502044,34.19904069502044,100.0
1140,2,26.33611328170553,26.33611328170553,100.0
1150,0,43.30004554771023,43.30004554771023,100.0
1150,1,26.690760313196133,26.690760313196133,100.0
1150,2,30.009194139093637,30.009194139093637,100.0
1160,0,27.895113159611405,27.895113159611405,100.0
1160,1,33.10199918945733,33.10199918945733,100.0
1160,2,39.002887650931264,39.002887650931264,100.0
1170,0,35.225141350359195,35.225141350359195,100.0
1170,1,24.827213815607514,24.827213815607514,100.0
1170,2,39.9476448340333,39.9476448340333,100.0
1180,0,40.837901268483556,40.837901268483556,100.0
1180,1,29.285811480964057,29.285811480964057,100.0
1180,2,29.87628725055238,29.87628725055238,100.0
1190,0,25.108214572134074,25.108214572134074,100.0
1190,1,48.218941276062026,48.218941276062026,100.0
1190,2,26.672844151803904,26.672844151803904,100.0
1200,0,30.816580358642153,30.816580358642153,100.0
1200,1,39.6566607433906,39.6566607433906,100.0
1200,2,29.526758897967238,29.526758897967238,100.0
1210,0,36.34507091085256,36.34507091085256,100.0
1210,1,37.13422881331774,37.13422881331774,100.0
1210,2,26.5207002758297,26.5207002758297,100.0
1220,0,32.5229004751148,32.5229004751148,100.0
1220,1,48.11164065181487,48.11164065181487,100.0
1220,2,19.36545887307034,19.36545887307034,100.0
1230,0,40.69993948164311,40.69993948164311,100.0
1230,1,37.93759576268764,37.93759576268764,100.0
1230,2,21.36246475566925,21.36246475566925,100.0
1240,0,48.13409102170518,48.13409102170518,100.0
1240,1,31.118585494784078,31.118585494784078,100.0
1240,2,20.747323483510733,20.747323483510733,100.0
1250,0,41.31108115643893,41.31108115643893,100.0
1250,1,33.40578126008192,33.40578126008192,100.0
1250,2,25.28313758347915,25.28313758347915,100.0
1260,0,39.73705665170893,39.73705665170893,100.0
1260,1,29.455321616385543,29.455321616385543,100.0
1260,2,30.807621731905538,30.807621731905538,100.0
1270,0,33.66368785158428,33.66368785158428,100.0
1270,1,39.83942208432685,39.83942208432685,100.0
1270,2,26.496890064088873,26.496890064088873,100.0
1280,0,34.67584304311728,34.67584304311728,100.0
1280,1,34.06567616126892,34.06567616126892,100.0
1280,2,31.258480795613796,31.258480795613796,100.0
1290,0,46.02576751995912,46.02576751995912,100.0
1290,1,30.113814677044044,30.113814677044044,100.0
1290,2,23.86041780299684,23.86041780299684,100.0
1300,0,26.07158133148711,26.07158133148711,100.0
1300,1,46.997636432588486,46.997636432588486,100.0
1300,2,26.93078223592441,26.93078223592441,100.0
1310,0,50.78213258774227,50.78213258774227,100.0
1310,1,27.382705595341317,27.382705595341317,100.0
1310,2,21.835161816916415,21.835161816916415,100.0
1320,0,42.182994153365584,42.182994153365584,100.0
1320,1,26.67275265365763,26.67275265365763,100.0
1320,2,31.14425319297679,31.14425319297679,100.0
1330,0,32.014536895944225,32.014536895944225,100.0
1330,1,32.33559584586696,32.33559584586696,100.0
1330,2,35.64986725818882,35.64986725818882,100.0
1340,0,49.835330608229114,49.835330608229114,100.0
1340,1,29.167492962178432,29.167492962178432,100.0
1340,2,20.99717642959246,20.99717642959246,100.0
1350,0,42.32269945631193,42.32269945631193,100.0
1350,1,27.214667020311577,27.214667020311577,100.0
1350,2,30.462633523376493,30.462633523376493,100.0
1360,0,23.390009256343664,23.390009256343664,100.0
1360,1,29.079792299109197,29.079792299109197,100.0
1360,2,47.53019844454713,47.53019844454713,100.0
1370,0,25.651526262719226,25.651526262719226,100.0
1370,1,26.910780333714857,26.910780333714857,100.0
1370,2,47.43769340356593,47.43769340356593,100.0
1380,0,39.46104482366447,39.46104482366447,100.0
1380,1,35.99580986957028,35.99580986957028,100.0
1380,2,24.543145306765258,24.543145306765258,100.0
1390,0,30.93702895695238,30.93702895695238,100.0
1390,1,43.98069321132794,43.98069321132794,100.0
1390,2,25.082277831719686,25.082277831719686,100.0
1400,0,33.19521610964367,33.19521610964367,100.0
1400,1,46.21211453345145,46.21211453345145,100.0
1400,2,20.592669356904896,20.592669356904896,100.0
1410,0,32.99557180380486,32.99557180380486,100.0
1410,1,33.36509313361197,33.36509313361197,100.0
1410,2,33.63933506258317,33.63933506258317,100.0
1420,0,45.411790820423604,45.411790820423604,100.0
1420,1,27.082946739503843,27.082946739503843,100.0
1420,2,27.505262440072553,27.505262440072553,100.0
1430,0,29.80787469614159,29.80787469614159,100.0
1430,1,32.498884817397084,32.498884817397084,100.0
1430,2,37.693240486461335,37.693240486461335,100.0
1440,0,27.826657076420457,27.826657076420457,100.0
1440,1,53.501874604515024,53.501874604515024,100.0
1440,2,18.671468319064537,18.671468319064537,100.0
1450,0,37.86735007381012,37.86735007381012,100.0
1450,1,37.291334190626614,37.291334190626614,100.0
1450,2,24.841315735563256,24.841315735563256,100.0
1460,0,38.16588527549524,38.16588527549524,100.0
1460,1,31.64857733358884,31.64857733358884,100.0
1460,2,30.18553739091592,30.18553739091592,100.0
1470,0,24.43678593340791,24.43678593340791,100.0
1470,1,53.59780557672615,53.59780557672615,100.0
1470,2,21.96540848986594,21.96540848986594,100.0
1480,0,40.688495186614674,40.688495186614674,100.0
1480,1,29.16366062553276,29.16366062553276,100.0
1480,2,30.14784418785257,30.14784418785257,100.0
1490,0,25.00533386037789,25.00533386037789,100.0
1490,1,36.462371335309896,36.462371335309896,100.0
1490,2,38.532294804312215,38.532294804312215,100.0
1500,0,39.97815269313838,39.97815269313838,100.0
1500,1,30.904652622908955,30.904652622908955,100.0
1500,2,29.11719468395268,29.11719468395268,100.0
