timestamp,ueImsi,sliceId,dTxBytes,dRxBytes,plr,resourceSharePct,dLostPackets,throughputMbps,bufferBytes
710,1,0,24448,1528,93.75,27.41,15,1.2224,480998
710,2,0,24448,1528,93.75,27.41,15,1.2224,481011
710,3,0,24448,1528,93.75,27.41,15,1.2224,480880
710,4,0,24448,1528,93.75,27.41,15,1.2224,480882
710,5,0,24448,1528,93.75,27.41,15,1.2224,480986
710,6,1,390,468,0.00,32.01,0,0.3744,87
710,7,1,390,468,0.00,32.01,0,0.3744,87
710,8,1,390,468,0.00,32.01,0,0.3744,87
710,9,1,390,468,0.00,32.01,0,0.3744,87
710,10,1,390,468,0.00,32.01,0,0.3744,87
710,11,2,16000,1408,91.20,40.58,114,1.1264,320381
710,12,2,16000,1408,91.20,40.58,114,1.1264,320354
710,13,2,16000,1408,91.20,40.58,114,1.1264,320358
710,14,2,16000,1408,91.20,40.58,114,1.1264,320381
710,15,2,16000,1408,91.20,40.58,114,1.1264,320442
710,16,2,16000,1408,91.20,40.58,114,1.1264,320378
710,17,2,16000,1408,91.20,40.58,114,1.1264,320364
710,18,2,16000,1536,90.40,40.58,113,1.2288,320342
710,19,2,16000,1408,91.20,40.58,114,1.1264,320400
710,20,2,16000,1408,91.20,40.58,114,1.1264,320416
