timestamp,sliceId,dedicatedPRB,minPRB,maxPRB,algorithm
510,0,26.665,26.665,100.0,2
510,1,50.0,50.0,100.0,2
510,2,23.335,23.335,100.0,2
520,0,21.665,21.665,100.0,0
520,1,20.0,20.0,100.0,0
520,2,58.335,58.335,100.0,0
530,0,46.665,46.665,100.0,0
530,1,25.0,25.0,100.0,0
530,2,28.335,28.335,100.0,0
540,0,21.665,21.665,100.0,0
540,1,20.0,20.0,100.0,0
540,2,58.335,58.335,100.0,0
550,0,46.665,46.665,100.0,1
550,1,25.0,25.0,100.0,1
550,2,28.335,28.335,100.0,1
560,0,21.665,21.665,100.0,0
560,1,35.0,35.0,100.0,0
560,2,43.335,43.335,100.0,0
570,0,31.665,31.665,100.0,2
570,1,55.00000000000001,55.00000000000001,100.0,2
570,2,13.334999999999999,13.334999999999999,100.0,2
