timestamp,ueImsi,sliceId,dTxBytes,dRxBytes,plr,resourceSharePct,dLostPackets,throughputMbps,bufferBytes,dlBufferBytes,ulBufferBytes,macBufferBytes,congestionPct,lastDrlActionStatus
10600,1,0,194844,256,98.84,31.66,171,0.0205,1199666,200800,1199666,1400466,13.36,applied
10600,2,0,194844,256,98.84,31.66,171,0.0205,1199757,200782,1199757,1400539,13.36,applied
10600,3,0,194844,121828,41.62,31.66,72,9.7462,1198405,200784,1198405,1399189,13.34,applied
10600,4,0,194844,128,99.42,31.66,172,0.0102,1200005,203903,1200005,1403908,13.39,applied
10600,5,0,194844,14992,91.91,31.66,159,1.1994,1199518,200783,1199518,1400301,13.35,applied
10600,6,1,0,0,0.00,40.00,0,0.0000,34,0,34,34,0.00,applied
10600,7,1,0,0,0.00,40.00,0,0.0000,34,0,34,34,0.00,applied
10600,8,1,0,0,0.00,40.00,0,0.0000,34,0,34,34,0.00,applied
10600,9,1,0,0,0.00,40.00,0,0.0000,34,0,34,34,0.00,applied
10600,10,1,0,0,0.00,40.00,0,0.0000,34,0,34,34,0.00,applied
10600,11,1,0,0,0.00,40.00,0,0.0000,34,0,34,34,0.00,applied
10600,12,1,0,0,0.00,40.00,0,0.0000,34,0,34,34,0.00,applied
10600,13,1,0,0,0.00,40.00,0,0.0000,34,0,34,34,0.00,applied
10600,14,2,63772,0,100.00,28.33,49,0.0000,6448408,6448408,51,6448459,61.50,applied
10600,15,2,63772,0,100.00,28.33,49,0.0000,6448584,6448584,34,6448618,61.50,applied
10600,16,2,63772,0,100.00,28.33,49,0.0000,6448415,6448415,51,6448466,61.50,applied
10600,17,2,63772,0,100.00,28.33,49,0.0000,6450838,6450838,51,6450889,61.52,applied
10600,18,2,63772,0,100.00,28.33,49,0.0000,6448422,6448422,51,6448473,61.50,applied
10600,19,2,63772,1128,87.76,28.33,43,0.0902,6448407,6448407,51,6448458,61.50,applied
10600,20,2,63772,1128,87.76,28.33,43,0.0902,6448410,6448410,51,6448461,61.50,applied
10600,21,2,63772,0,100.00,28.33,49,0.0000,6448933,6448933,51,6448984,61.50,applied
10600,22,2,63772,0,100.00,28.33,49,0.0000,6449922,6449922,51,6449973,61.51,applied
10600,23,2,63772,0,100.00,28.33,49,0.0000,6448407,6448407,51,6448458,61.50,applied
10600,24,2,63772,1128,87.76,28.33,43,0.0902,6448406,6448406,51,6448457,61.50,applied
10600,25,2,63772,0,100.00,28.33,49,0.0000,6448406,6448406,51,6448457,61.50,applied
10600,26,2,63772,0,100.00,28.33,49,0.0000,6448406,6448406,51,6448457,61.50,applied
10600,27,2,63772,0,100.00,28.33,49,0.0000,6448565,6448565,51,6448616,61.50,applied
10600,28,2,63772,0,100.00,28.33,49,0.0000,6448612,6448612,51,6448663,61.50,applied
10600,29,2,63772,0,100.00,28.33,49,0.0000,6450645,6450645,51,6450696,61.52,applied
10600,30,2,63772,0,100.00,28.33,49,0.0000,6448405,6448405,51,6448456,61.50,applied
10600,31,2,63772,1128,87.76,28.33,43,0.0902,6448403,6448403,51,6448454,61.50,applied
10600,32,2,63772,0,100.00,28.33,49,0.0000,6448411,6448411,51,6448462,61.50,applied
10600,33,2,63772,0,100.00,28.33,49,0.0000,6450257,6450257,51,6450308,61.51,applied
