timestamp,sliceId,dedicatedPRB,minPRB,maxPRB,algorithm
510,0,26.665,26.665,100.0,0
510,1,55.00000000000001,55.00000000000001,100.0,0
510,2,18.335,18.335,100.0,0
520,0,46.665,46.665,100.0,2
520,1,20.0,20.0,100.0,2
520,2,33.335,33.335,100.0,2
530,0,21.665,21.665,100.0,0
530,1,45.0,45.0,100.0,0
530,2,33.335,33.335,100.0,0
540,0,36.665000000000006,36.665000000000006,100.0,2
540,1,45.0,45.0,100.0,2
540,2,18.335,18.335,100.0,2
550,0,46.665,46.665,100.0,2
550,1,20.0,20.0,100.0,2
550,2,33.335,33.335,100.0,2
