timestamp,ueImsi,sliceId,dTxBytes,dRxBytes,plr,resourceSharePct,dLostPackets,throughputMbps,bufferBytes
1510,1,0,35144,0,100.00,22.17,23,0.0000,3154490
1510,2,0,35144,13752,60.87,22.17,14,11.0016,1704809
1510,3,1,1014,936,7.69,38.92,1,0.7488,87
1510,4,1,1014,1326,0.00,38.92,0,1.0608,87
1510,5,2,256,0,100.00,38.91,2,0.0000,137
1510,6,2,256,256,0.00,38.91,0,0.2048,137
1510,7,2,256,0,100.00,38.91,2,0.0000,137
1510,8,2,256,256,0.00,38.91,0,0.2048,137
1510,9,2,256,256,0.00,38.91,0,0.2048,137
1510,10,2,256,0,100.00,38.91,2,0.0000,137
