timestamp,sliceId,dedicatedPRB,minPRB,maxPRB
510,0,22.901606557734144,22.901606557734144,100.0
510,1,45.083477886306575,45.083477886306575,100.0
510,2,32.01491555595928,32.01491555595928,100.0
520,0,29.682126326480756,29.682126326480756,100.0
520,1,35.49162017656375,35.49162017656375,100.0
520,2,34.8262534969555,34.8262534969555,100.0
530,0,37.540193970278295,37.540193970278295,100.0
530,1,26.202524196080933,26.202524196080933,100.0
530,2,36.257281833640775,36.257281833640775,100.0
540,0,31.248766859002323,31.248766859002323,100.0
540,1,39.98609648472409,39.98609648472409,100.0
540,2,28.765136656273583,28.765136656273583,100.0
550,0,28.928025362822506,28.928025362822506,100.0
550,1,47.41064796389763,47.41064796389763,100.0
550,2,23.661326673279863,23.661326673279863,100.0
560,0,29.943700393868777,29.943700393868777,100.0
560,1,48.68491983734016,48.68491983734016,100.0
560,2,21.371379768791066,21.371379768791066,100.0
570,0,45.4041189740651,45.4041189740651,100.0
570,1,33.62175685184733,33.62175685184733,100.0
570,2,20.97412417408757,20.97412417408757,100.0
580,0,22.90331499591462,22.90331499591462,100.0
580,1,29.513652443983908,29.513652443983908,100.0
580,2,47.58303256010148,47.58303256010148,100.0
590,0,30.003783593199252,30.003783593199252,100.0
590,1,50.255219183222245,50.255219183222245,100.0
590,2,19.7409972235785,19.7409972235785,100.0
600,0,32.44674178584246,32.44674178584246,100.0
600,1,37.93093660881644,37.93093660881644,100.0
600,2,29.622321605341114,29.622321605341114,100.0
610,0,25.45176479318035,25.45176479318035,100.0
610,1,47.16240139253694,47.16240139253694,100.0
610,2,27.385833814282716,27.385833814282716,100.0
620,0,23.51062152380014,23.51062152380014,100.0
620,1,45.2699796573537,45.2699796573537,100.0
620,2,31.219398818846166,31.219398818846166,100.0
630,0,42.50469219564829,42.50469219564829,100.0
630,1,25.19785694689235,25.19785694689235,100.0
630,2,32.29745085745937,32.29745085745937,100.0
640,0,34.99574652457061,34.99574652457061,100.0
640,1,33.25188116785128,33.25188116785128,100.0
640,2,31.752372307578103,31.752372307578103,100.0
650,0,31.202142582588987,31.202142582588987,100.0
650,1,32.08262573029392,32.08262573029392,100.0
650,2,36.7152316871171,36.7152316871171,100.0
660,0,28.084138268686836,28.084138268686836,100.0
660,1,46.68298683698771,46.68298683698771,100.0
660,2,25.23287489432546,25.23287489432546,100.0
670,0,31.606606751485234,31.606606751485234,100.0
670,1,32.55736580283203,32.55736580283203,100.0
670,2,35.836027445682745,35.836027445682745,100.0
680,0,31.84980284374874,31.84980284374874,100.0
680,1,37.39459389081109,37.39459389081109,100.0
680,2,30.75560326544016,30.75560326544016,100.0
690,0,41.10644730935277,41.10644730935277,100.0
690,1,37.70696565536549,37.70696565536549,100.0
690,2,21.18658703528175,21.18658703528175,100.0
700,0,42.54094609126755,42.54094609126755,100.0
700,1,38.30845277940006,38.30845277940006,100.0
700,2,19.150601129332383,19.150601129332383,100.0
710,0,22.63174621834501,22.63174621834501,100.0
710,1,29.840212233175546,29.840212233175546,100.0
710,2,47.52804154847945,47.52804154847945,100.0
720,0,49.05215376826384,49.05215376826384,100.0
720,1,28.627454541372146,28.627454541372146,100.0
720,2,22.320391690364016,22.320391690364016,100.0
730,0,22.786104290508842,22.786104290508842,100.0
730,1,50.15372809378741,50.15372809378741,100.0
730,2,27.06016761570376,27.06016761570376,100.0
740,0,30.556609215433088,30.556609215433088,100.0
740,1,33.55279577537215,33.55279577537215,100.0
740,2,35.89059500919477,35.89059500919477,100.0
750,0,35.10221557445817,35.10221557445817,100.0
750,1,29.05307623448167,29.05307623448167,100.0
750,2,35.84470819106016,35.84470819106016,100.0
760,0,40.972945706041344,40.972945706041344,100.0
760,1,33.42996376727862,33.42996376727862,100.0
760,2,25.597090526680034,25.597090526680034,100.0
770,0,37.881370560212545,37.881370560212545,100.0
770,1,42.511643035375165,42.511643035375165,100.0
770,2,19.606986404412282,19.606986404412282,100.0
780,0,36.86498726709754,36.86498726709754,100.0
780,1,39.721789162142564,39.721789162142564,100.0
780,2,23.4132235707599,23.4132235707599,100.0
790,0,35.43198258179011,35.43198258179011,100.0
790,1,36.94723283138978,36.94723283138978,100.0
790,2,27.620784586820097,27.620784586820097,100.0
800,0,42.90367919473922,42.90367919473922,100.0
800,1,27.230119136704932,27.230119136704932,100.0
800,2,29.866201668555853,29.866201668555853,100.0
810,0,39.447024740556444,39.447024740556444,100.0
810,1,34.59230262143051,34.59230262143051,100.0
810,2,25.960672638013044,25.960672638013044,100.0
820,0,45.07303549541441,45.07303549541441,100.0
820,1,36.19545037643268,36.19545037643268,100.0
820,2,18.73151412815292,18.73151412815292,100.0
830,0,40.66053073942174,40.66053073942174,100.0
830,1,38.89870410419619,38.89870410419619,100.0
830,2,20.440765156382067,20.440765156382067,100.0
840,0,39.44576303693117,39.44576303693117,100.0
840,1,39.22568400034025,39.22568400034025,100.0
840,2,21.32855296272858,21.32855296272858,100.0
850,0,46.11392623348413,46.11392623348413,100.0
850,1,28.49911337282105,28.49911337282105,100.0
850,2,25.386960393694828,25.386960393694828,100.0
860,0,54.46847782029954,54.46847782029954,100.0
860,1,26.143691291586297,26.143691291586297,100.0
860,2,19.387830888114166,19.387830888114166,100.0
870,0,43.64762394933025,43.64762394933025,100.0
870,1,34.19039180609043,34.19039180609043,100.0
870,2,22.161984244579326,22.161984244579326,100.0
880,0,36.766302443136915,36.766302443136915,100.0
880,1,26.201138505150112,26.201138505150112,100.0
880,2,37.03255905171298,37.03255905171298,100.0
890,0,37.63220832667969,37.63220832667969,100.0
890,1,28.17569922242857,28.17569922242857,100.0
890,2,34.19209245089174,34.19209245089174,100.0
900,0,38.53134705754529,38.53134705754529,100.0
900,1,33.870682971668145,33.870682971668145,100.0
900,2,27.597969970786558,27.597969970786558,100.0
910,0,25.083871009353846,25.083871009353846,100.0
910,1,48.02750622576525,48.02750622576525,100.0
910,2,26.8886227648809,26.8886227648809,100.0
920,0,30.526600632951588,30.526600632951588,100.0
920,1,32.95623347367787,32.95623347367787,100.0
920,2,36.517165893370546,36.517165893370546,100.0
930,0,27.72251538731789,27.72251538731789,100.0
930,1,26.196071601443187,26.196071601443187,100.0
930,2,46.081413011238915,46.081413011238915,100.0
940,0,44.59915046711402,44.59915046711402,100.0
940,1,33.820174933935554,33.820174933935554,100.0
940,2,21.580674598950424,21.580674598950424,100.0
950,0,35.44218474143048,35.44218474143048,100.0
950,1,33.50143967216829,33.50143967216829,100.0
950,2,31.056375586401234,31.056375586401234,100.0
960,0,33.50343532870582,33.50343532870582,100.0
960,1,35.84252968011945,35.84252968011945,100.0
960,2,30.65403499117473,30.65403499117473,100.0
970,0,26.196907105122374,26.196907105122374,100.0
970,1,39.88447585624808,39.88447585624808,100.0
970,2,33.91861703862955,33.91861703862955,100.0
980,0,39.949956173595844,39.949956173595844,100.0
980,1,34.76362790812249,34.76362790812249,100.0
980,2,25.28641591828167,25.28641591828167,100.0
990,0,44.910789281590446,44.910789281590446,100.0
990,1,33.93286180815803,33.93286180815803,100.0
990,2,21.15634891025153,21.15634891025153,100.0
1000,0,36.4298361009714,36.4298361009714,100.0
1000,1,33.816075546820414,33.816075546820414,100.0
1000,2,29.754088352208186,29.754088352208186,100.0
1010,0,37.509244257430844,37.509244257430844,100.0
1010,1,44.76769393115394,44.76769393115394,100.0
1010,2,17.72306181141522,17.72306181141522,100.0
1020,0,44.59282849616678,44.59282849616678,100.0
1020,1,24.99185014833636,24.99185014833636,100.0
1020,2,30.415321355496854,30.415321355496854,100.0
1030,0,36.826587274840335,36.826587274840335,100.0
1030,1,44.14670124239067,44.14670124239067,100.0
1030,2,19.026711482769006,19.026711482769006,100.0
1040,0,46.1219271826051,46.1219271826051,100.0
1040,1,30.405984820104305,30.405984820104305,100.0
1040,2,23.472087997290608,23.472087997290608,100.0
1050,0,28.004294726778827,28.004294726778827,100.0
1050,1,28.391733468991625,28.391733468991625,100.0
1050,2,43.603971804229545,43.603971804229545,100.0
1060,0,51.07353027203892,51.07353027203892,100.0
1060,1,27.464481972081533,27.464481972081533,100.0
1060,2,21.46198775587955,21.46198775587955,100.0
1070,0,23.749105130677517,23.749105130677517,100.0
1070,1,55.29588429722598,55.29588429722598,100.0
1070,2,20.955010572096505,20.955010572096505,100.0
1080,0,42.05225911380433,42.05225911380433,100.0
1080,1,32.495835707448784,32.495835707448784,100.0
1080,2,25.45190517874688,25.45190517874688,100.0
1090,0,35.76766971311981,35.76766971311981,100.0
1090,1,29.033339700735404,29.033339700735404,100.0
1090,2,35.19899058614479,35.19899058614479,100.0
1100,0,26.735943791110884,26.735943791110884,100.0
1100,1,42.416253817610496,42.416253817610496,100.0
1100,2,30.847802391278634,30.847802391278634,100.0
1110,0,41.37250821844389,41.37250821844389,100.0
1110,1,27.004747797928562,27.004747797928562,100.0
1110,2,31.622743983627554,31.622743983627554,100.0
1120,0,35.530728023045604,35.530728023045604,100.0
1120,1,34.58840956273739,34.58840956273739,100.0
1120,2,29.880862414217013,29.880862414217013,100.0
1130,0,34.57103093353786,34.57103093353786,100.0
1130,1,34.261806731397115,34.261806731397115,100.0
1130,2,31.16716233506502,31.16716233506502,100.0
1140,0,29.486033364481923,29.486033364481923,100.0
1140,1,29.775107475249108,29.775107475249108,100.0
1140,2,40.73885916026897,40.73885916026897,100.0
1150,0,24.340258248254727,24.340258248254727,100.0
1150,1,28.885857642093228,28.885857642093228,100.0
1150,2,46.77388410965205,46.77388410965205,100.0
1160,0,25.01900751089269,25.01900751089269,100.0
1160,1,50.6584503674584,50.6584503674584,100.0
1160,2,24.32254212164891,24.32254212164891,100.0
1170,0,31.912938089918853,31.912938089918853,100.0
1170,1,46.43183304543888,46.43183304543888,100.0
1170,2,21.65522886464227,21.65522886464227,100.0
1180,0,21.82277228143538,21.82277228143538,100.0
1180,1,50.739239880778975,50.739239880778975,100.0
1180,2,27.437987837785638,27.437987837785638,100.0
1190,0,22.519519142236028,22.519519142236028,100.0
1190,1,42.53769765274155,42.53769765274155,100.0
1190,2,34.94278320502243,34.94278320502243,100.0
1200,0,35.87122263393541,35.87122263393541,100.0
1200,1,37.879562893667455,37.879562893667455,100.0
1200,2,26.249214472397135,26.249214472397135,100.0
1210,0,32.30345007169792,32.30345007169792,100.0
1210,1,31.502082949274822,31.502082949274822,100.0
1210,2,36.19446697902726,36.19446697902726,100.0
1220,0,32.16712388920547,32.16712388920547,100.0
1220,1,35.272797662593796,35.272797662593796,100.0
1220,2,32.560078448200734,32.560078448200734,100.0
1230,0,26.275623192824426,26.275623192824426,100.0
1230,1,54.48736644867031,54.48736644867031,100.0
1230,2,19.237010358505273,19.237010358505273,100.0
1240,0,35.93396175381676,35.93396175381676,100.0
1240,1,27.596289301137656,27.596289301137656,100.0
1240,2,36.46974894504559,36.46974894504559,100.0
1250,0,43.335026750148245,43.335026750148245,100.0
1250,1,34.51047376750418,34.51047376750418,100.0
1250,2,22.154499482347582,22.154499482347582,100.0
1260,0,36.801870881861376,36.801870881861376,100.0
1260,1,41.24279450832064,41.24279450832064,100.0
1260,2,21.95533460981798,21.95533460981798,100.0
1270,0,32.1389459965497,32.1389459965497,100.0
1270,1,28.615568140209103,28.615568140209103,100.0
1270,2,39.24548586324121,39.24548586324121,100.0
1280,0,40.20892550863974,40.20892550863974,100.0
1280,1,33.235220441120966,33.235220441120966,100.0
1280,2,26.555854050239304,26.555854050239304,100.0
1290,0,28.101616441510558,28.101616441510558,100.0
1290,1,44.80726418613807,44.80726418613807,100.0
1290,2,27.09111937235138,27.09111937235138,100.0
1300,0,27.097602289698802,27.097602289698802,100.0
1300,1,29.344252978913644,29.344252978913644,100.0
1300,2,43.558144731387564,43.558144731387564,100.0
1310,0,41.576876732957324,41.576876732957324,100.0
1310,1,37.085745123073046,37.085745123073046,100.0
1310,2,21.337378143969634,21.337378143969634,100.0
1320,0,35.762686814953874,35.762686814953874,100.0
1320,1,39.19466358378687,39.19466358378687,100.0
1320,2,25.042649601259253,25.042649601259253,100.0
1330,0,22.331269833625583,22.331269833625583,100.0
1330,1,53.21049329693888,53.21049329693888,100.0
1330,2,24.458236869435535,24.458236869435535,100.0
1340,0,38.92004931236691,38.92004931236691,100.0
1340,1,40.813307477951696,40.813307477951696,100.0
1340,2,20.266643209681398,20.266643209681398,100.0
1350,0,39.55376547862357,39.55376547862357,100.0
1350,1,24.143206796752896,24.143206796752896,100.0
1350,2,36.303027724623526,36.303027724623526,100.0
1360,0,41.98071348613126,41.98071348613126,100.0
1360,1,34.51076363298622,34.51076363298622,100.0
1360,2,23.50852288088252,23.50852288088252,100.0
1370,0,22.998524405031628,22.998524405031628,100.0
1370,1,49.88950582395658,49.88950582395658,100.0
1370,2,27.11196977101179,27.11196977101179,100.0
1380,0,27.812519022384148,27.812519022384148,100.0
1380,1,27.652355784858695,27.652355784858695,100.0
1380,2,44.53512519275717,44.53512519275717,100.0
1390,0,37.20483456927871,37.20483456927871,100.0
1390,1,42.90897930182392,42.90897930182392,100.0
1390,2,19.88618612889737,19.88618612889737,100.0
1400,0,26.791276473806203,26.791276473806203,100.0
1400,1,44.14658141314259,44.14658141314259,100.0
1400,2,29.062142113051202,29.062142113051202,100.0
1410,0,42.52940894186178,42.52940894186178,100.0
1410,1,36.98821743914987,36.98821743914987,100.0
1410,2,20.482373618988344,20.482373618988344,100.0
1420,0,42.6675279409786,42.6675279409786,100.0
1420,1,32.639227941983485,32.639227941983485,100.0
1420,2,24.69324411703792,24.69324411703792,100.0
1430,0,39.66003607699509,39.66003607699509,100.0
1430,1,36.94676295429126,36.94676295429126,100.0
1430,2,23.39320096871366,23.39320096871366,100.0
1440,0,38.40371934674213,38.40371934674213,100.0
1440,1,41.01890147327043,41.01890147327043,100.0
1440,2,20.57737917998744,20.57737917998744,100.0
1450,0,29.7067998774227,29.7067998774227,100.0
1450,1,29.50069289157161,29.50069289157161,100.0
1450,2,40.79250723100569,40.79250723100569,100.0
1460,0,30.1893141970041,30.1893141970041,100.0
1460,1,49.77396261614307,49.77396261614307,100.0
1460,2,20.03672318685282,20.03672318685282,100.0
1470,0,36.75261171120045,36.75261171120045,100.0
1470,1,41.42569554998959,41.42569554998959,100.0
1470,2,21.821692738809954,21.821692738809954,100.0
1480,0,38.37513856235913,38.37513856235913,100.0
1480,1,28.178655185231676,28.178655185231676,100.0
1480,2,33.4462062524092,33.4462062524092,100.0
1490,0,33.457147343840774,33.457147343840774,100.0
1490,1,43.169549549108254,43.169549549108254,100.0
1490,2,23.37330310705097,23.37330310705097,100.0
1500,0,25.73235565529831,25.73235565529831,100.0
1500,1,40.52606814552442,40.52606814552442,100.0
1500,2,33.74157619917727,33.74157619917727,100.0
