timestamp,ueImsi,sliceId,dTxBytes,dRxBytes,plr,resourceSharePct,dLostPackets,throughputMbps,bufferBytes
1510,1,0,35144,24448,30.43,44.77,7,19.5584,652553
1510,2,0,35144,29032,17.39,44.77,4,23.2256,110326
1510,3,1,1014,702,30.77,28.59,4,0.5616,333
1510,4,1,1014,702,30.77,28.59,4,0.5616,333
1510,5,2,256,256,0.00,26.64,0,0.2048,39
1510,6,2,256,256,0.00,26.64,0,0.2048,39
1510,7,2,256,256,0.00,26.64,0,0.2048,39
1510,8,2,256,0,100.00,26.64,2,0.0000,137
1510,9,2,256,256,0.00,26.64,0,0.2048,39
1510,10,2,256,256,0.00,26.64,0,0.2048,32
