timestamp,ueImsi,sliceId,dTxBytes,dRxBytes,plr,resourceSharePct,dLostPackets,throughputMbps,bufferBytes
830,1,0,24448,3056,87.50,30.22,14,2.4448,759303
830,2,0,24448,3056,87.50,30.22,14,2.4448,759323
830,3,0,24448,1528,93.75,30.22,15,1.2224,759054
830,4,0,24448,1528,93.75,30.22,15,1.2224,759083
830,5,0,24448,3056,87.50,30.22,14,2.4448,759285
830,6,1,390,546,0.00,42.89,0,0.4368,87
830,7,1,390,546,0.00,42.89,0,0.4368,87
830,8,1,390,546,0.00,42.89,0,0.4368,87
830,9,1,390,546,0.00,42.89,0,0.4368,87
830,10,1,390,546,0.00,42.89,0,0.4368,87
830,11,2,16000,896,94.40,26.89,118,0.7168,509144
830,12,2,16000,896,94.40,26.89,118,0.7168,509039
830,13,2,16000,768,95.20,26.89,119,0.6144,509152
830,14,2,16000,768,95.20,26.89,119,0.6144,509153
830,15,2,16000,896,94.40,26.89,118,0.7168,509105
830,16,2,16000,896,94.40,26.89,118,0.7168,509105
830,17,2,16000,1024,93.60,26.89,117,0.8192,509066
830,18,2,16000,896,94.40,26.89,118,0.7168,509013
830,19,2,16000,768,95.20,26.89,119,0.6144,509214
830,20,2,16000,896,94.40,26.89,118,0.7168,509116
