timestamp,sliceId,dedicatedPRB,minPRB,maxPRB
510,0,39.223432771204514,39.223432771204514,100.0
510,1,25.212036998281878,25.212036998281878,100.0
510,2,35.56453023051361,35.56453023051361,100.0
520,0,37.12451716623566,37.12451716623566,100.0
520,1,27.217158768968634,27.217158768968634,100.0
520,2,35.65832406479571,35.65832406479571,100.0
530,0,33.58486838410097,33.58486838410097,100.0
530,1,36.544294428223644,36.544294428223644,100.0
530,2,29.87083718767538,29.87083718767538,100.0
540,0,25.906742516322968,25.906742516322968,100.0
540,1,30.755689630041395,30.755689630041395,100.0
540,2,43.33756785363564,43.33756785363564,100.0
550,0,47.40203427937504,47.40203427937504,100.0
550,1,26.505241097473686,26.505241097473686,100.0
550,2,26.092724623151277,26.092724623151277,100.0
560,0,41.07601016877515,41.07601016877515,100.0
560,1,35.81493747153682,35.81493747153682,100.0
560,2,23.109052359688025,23.109052359688025,100.0
570,0,27.646957133543072,27.646957133543072,100.0
570,1,47.223307989565484,47.223307989565484,100.0
570,2,25.129734876891447,25.129734876891447,100.0
580,0,24.471826110630758,24.471826110630758,100.0
580,1,53.9100880179929,53.9100880179929,100.0
580,2,21.61808587137635,21.61808587137635,100.0
590,0,35.97302459008901,35.97302459008901,100.0
590,1,39.27147377361172,39.27147377361172,100.0
590,2,24.75550163629927,24.75550163629927,100.0
600,0,32.99481353394626,32.99481353394626,100.0
600,1,30.773447788823788,30.773447788823788,100.0
600,2,36.23173867722996,36.23173867722996,100.0
610,0,38.80408830474169,38.80408830474169,100.0
610,1,30.18203266446728,30.18203266446728,100.0
610,2,31.013879030791035,31.013879030791035,100.0
620,0,39.17906964635656,39.17906964635656,100.0
620,1,33.18677304448142,33.18677304448142,100.0
620,2,27.63415730916202,27.63415730916202,100.0
630,0,33.24020876800585,33.24020876800585,100.0
630,1,26.145681065871774,26.145681065871774,100.0
630,2,40.61411016612237,40.61411016612237,100.0
640,0,37.124253621681305,37.124253621681305,100.0
640,1,29.088690001413585,29.088690001413585,100.0
640,2,33.78705637690511,33.78705637690511,100.0
650,0,48.99003344134406,48.99003344134406,100.0
650,1,27.66058055332318,27.66058055332318,100.0
650,2,23.349386005332764,23.349386005332764,100.0
660,0,46.21503458193611,46.21503458193611,100.0
660,1,32.43042507960505,32.43042507960505,100.0
660,2,21.354540338458836,21.354540338458836,100.0
670,0,38.4188744491042,38.4188744491042,100.0
670,1,37.392656828851045,37.392656828851045,100.0
670,2,24.18846872204476,24.18846872204476,100.0
680,0,43.187334899215045,43.187334899215045,100.0
680,1,31.146204528498235,31.146204528498235,100.0
680,2,25.66646057228672,25.66646057228672,100.0
690,0,47.20901350178078,47.20901350178078,100.0
690,1,31.055596988599536,31.055596988599536,100.0
690,2,21.73538950961968,21.73538950961968,100.0
700,0,27.808409103368454,27.808409103368454,100.0
700,1,42.5941644326332,42.5941644326332,100.0
700,2,29.597426463998357,29.597426463998357,100.0
710,0,25.84285151909681,25.84285151909681,100.0
710,1,47.252908718017906,47.252908718017906,100.0
710,2,26.904239762885286,26.904239762885286,100.0
720,0,22.663098074038448,22.663098074038448,100.0
720,1,42.526633671135464,42.526633671135464,100.0
720,2,34.810268254826084,34.810268254826084,100.0
730,0,30.14841013967408,30.14841013967408,100.0
730,1,31.94419463742193,31.94419463742193,100.0
730,2,37.90739522290399,37.90739522290399,100.0
740,0,31.357588096450016,31.357588096450016,100.0
740,1,38.305604787963325,38.305604787963325,100.0
740,2,30.336807115586655,30.336807115586655,100.0
750,0,36.93775885990432,36.93775885990432,100.0
750,1,42.0670479473736,42.0670479473736,100.0
750,2,20.99519319272207,20.99519319272207,100.0
760,0,27.633525360891664,27.633525360891664,100.0
760,1,30.358748571433082,30.358748571433082,100.0
760,2,42.00772606767526,42.00772606767526,100.0
770,0,23.050529726559812,23.050529726559812,100.0
770,1,35.932082322185884,35.932082322185884,100.0
770,2,41.0173879512543,41.0173879512543,100.0
780,0,40.100548205683005,40.100548205683005,100.0
780,1,38.19348342650504,38.19348342650504,100.0
780,2,21.705968367811955,21.705968367811955,100.0
790,0,31.18759579587508,31.18759579587508,100.0
790,1,25.290010903921022,25.290010903921022,100.0
790,2,43.5223933002039,43.5223933002039,100.0
800,0,37.8642421774002,37.8642421774002,100.0
800,1,24.699812104813613,24.699812104813613,100.0
800,2,37.43594571778618,37.43594571778618,100.0
810,0,49.26304330443511,49.26304330443511,100.0
810,1,30.365880262515944,30.365880262515944,100.0
810,2,20.37107643304895,20.37107643304895,100.0
820,0,39.659942172472704,39.659942172472704,100.0
820,1,32.298305599814206,32.298305599814206,100.0
820,2,28.041752227713086,28.041752227713086,100.0
830,0,21.93978288362687,21.93978288362687,100.0
830,1,37.89125526034714,37.89125526034714,100.0
830,2,40.168961856025994,40.168961856025994,100.0
840,0,23.621304149224116,23.621304149224116,100.0
840,1,51.09989955494112,51.09989955494112,100.0
840,2,25.278796295834766,25.278796295834766,100.0
850,0,25.101856080153183,25.101856080153183,100.0
850,1,36.53152721220318,36.53152721220318,100.0
850,2,38.36661670764363,38.36661670764363,100.0
860,0,28.890270525048567,28.890270525048567,100.0
860,1,41.815026201518215,41.815026201518215,100.0
860,2,29.29470327343322,29.29470327343322,100.0
870,0,24.333964118896635,24.333964118896635,100.0
870,1,47.55012168070419,47.55012168070419,100.0
870,2,28.11591420039918,28.11591420039918,100.0
880,0,34.12153747666935,34.12153747666935,100.0
880,1,38.22128367218963,38.22128367218963,100.0
880,2,27.657178851141023,27.657178851141023,100.0
890,0,48.606780214355304,48.606780214355304,100.0
890,1,29.904821465901154,29.904821465901154,100.0
890,2,21.488398319743535,21.488398319743535,100.0
900,0,32.83760885586062,32.83760885586062,100.0
900,1,39.343159343709274,39.343159343709274,100.0
900,2,27.8192318004301,27.8192318004301,100.0
910,0,28.010959579742156,28.010959579742156,100.0
910,1,27.936923932763776,27.936923932763776,100.0
910,2,44.052116487494075,44.052116487494075,100.0
920,0,26.523679692737435,26.523679692737435,100.0
920,1,34.35127545303311,34.35127545303311,100.0
920,2,39.12504485422945,39.12504485422945,100.0
930,0,33.954257379124286,33.954257379124286,100.0
930,1,35.284025496856366,35.284025496856366,100.0
930,2,30.761717124019345,30.761717124019345,100.0
940,0,25.116453051932353,25.116453051932353,100.0
940,1,49.416450939677695,49.416450939677695,100.0
940,2,25.467096008389944,25.467096008389944,100.0
950,0,47.594456024619994,47.594456024619994,100.0
950,1,29.738852600612876,29.738852600612876,100.0
950,2,22.66669137476713,22.66669137476713,100.0
960,0,27.39488806791786,27.39488806791786,100.0
960,1,39.45288576596566,39.45288576596566,100.0
960,2,33.15222616611648,33.15222616611648,100.0
970,0,33.93358366981442,33.93358366981442,100.0
970,1,25.801692770238184,25.801692770238184,100.0
970,2,40.2647235599474,40.2647235599474,100.0
980,0,26.50566465064156,26.50566465064156,100.0
980,1,46.60349366328491,46.60349366328491,100.0
980,2,26.89084168607353,26.89084168607353,100.0
990,0,35.20270583274851,35.20270583274851,100.0
990,1,34.510013001416176,34.510013001416176,100.0
990,2,30.287281165835324,30.287281165835324,100.0
1000,0,39.58853106098173,39.58853106098173,100.0
1000,1,38.795582813305195,38.795582813305195,100.0
1000,2,21.61588612571308,21.61588612571308,100.0
1010,0,48.549271766835226,48.549271766835226,100.0
1010,1,30.262872449798444,30.262872449798444,100.0
1010,2,21.187855783366334,21.187855783366334,100.0
1020,0,29.991243882841367,29.991243882841367,100.0
1020,1,47.33594223888166,47.33594223888166,100.0
1020,2,22.672813878276976,22.672813878276976,100.0
1030,0,26.30811452670318,26.30811452670318,100.0
1030,1,40.28038066175211,40.28038066175211,100.0
1030,2,33.41150481154471,33.41150481154471,100.0
1040,0,39.06143784883434,39.06143784883434,100.0
1040,1,36.11367307529234,36.11367307529234,100.0
1040,2,24.82488907587333,24.82488907587333,100.0
1050,0,27.429922723691313,27.429922723691313,100.0
1050,1,40.457317768673896,40.457317768673896,100.0
1050,2,32.112759507634784,32.112759507634784,100.0
1060,0,45.417013080995616,45.417013080995616,100.0
1060,1,32.72139384411735,32.72139384411735,100.0
1060,2,21.86159307488704,21.86159307488704,100.0
1070,0,49.653637209855816,49.653637209855816,100.0
1070,1,29.949888975592522,29.949888975592522,100.0
1070,2,20.396473814551662,20.396473814551662,100.0
1080,0,41.802946435224655,41.802946435224655,100.0
1080,1,30.169280436874562,30.169280436874562,100.0
1080,2,28.02777312790079,28.02777312790079,100.0
1090,0,33.67313880678024,33.67313880678024,100.0
1090,1,36.38841203086787,36.38841203086787,100.0
1090,2,29.938449162351898,29.938449162351898,100.0
1100,0,51.665766079953,51.665766079953,100.0
1100,1,28.11068792531032,28.11068792531032,100.0
1100,2,20.22354599473668,20.22354599473668,100.0
1110,0,22.370184356901884,22.370184356901884,100.0
1110,1,46.033537640176604,46.033537640176604,100.0
1110,2,31.59627800292152,31.59627800292152,100.0
1120,0,33.310137027707654,33.310137027707654,100.0
1120,1,41.87637184274827,41.87637184274827,100.0
1120,2,24.81349112954408,24.81349112954408,100.0
1130,0,33.74691924484174,33.74691924484174,100.0
1130,1,31.560477697871193,31.560477697871193,100.0
1130,2,34.692603057287066,34.692603057287066,100.0
1140,0,24.470836909602024,24.470836909602024,100.0
1140,1,55.17096468189161,55.17096468189161,100.0
1140,2,20.35819840850637,20.35819840850637,100.0
1150,0,32.73811278384922,32.73811278384922,100.0
1150,1,48.95289783024092,48.95289783024092,100.0
1150,2,18.308989385909864,18.308989385909864,100.0
1160,0,41.02458932555925,41.02458932555925,100.0
1160,1,30.790297375425663,30.790297375425663,100.0
1160,2,28.185113299015097,28.185113299015097,100.0
1170,0,38.95954744141602,38.95954744141602,100.0
1170,1,26.163030516378644,26.163030516378644,100.0
1170,2,34.87742204220534,34.87742204220534,100.0
1180,0,24.461484530654385,24.461484530654385,100.0
1180,1,43.31400772009629,43.31400772009629,100.0
1180,2,32.22450774924932,32.22450774924932,100.0
1190,0,32.617837343552566,32.617837343552566,100.0
1190,1,34.65333591696677,34.65333591696677,100.0
1190,2,32.72882673948067,32.72882673948067,100.0
1200,0,31.956157686230103,31.956157686230103,100.0
1200,1,39.12929103775955,39.12929103775955,100.0
1200,2,28.914551276010343,28.914551276010343,100.0
1210,0,22.171407362866123,22.171407362866123,100.0
1210,1,48.33147496622573,48.33147496622573,100.0
1210,2,29.497117670908153,29.497117670908153,100.0
1220,0,28.519398594986363,28.519398594986363,100.0
1220,1,48.47253807067714,48.47253807067714,100.0
1220,2,23.008063334336505,23.008063334336505,100.0
1230,0,25.091037210517026,25.091037210517026,100.0
1230,1,38.18854221776981,38.18854221776981,100.0
1230,2,36.72042057171318,36.72042057171318,100.0
1240,0,29.218004242272833,29.218004242272833,100.0
1240,1,25.684023600654793,25.684023600654793,100.0
1240,2,45.09797215707238,45.09797215707238,100.0
1250,0,33.06881610180235,33.06881610180235,100.0
1250,1,39.0483079538899,39.0483079538899,100.0
1250,2,27.882875944307738,27.882875944307738,100.0
1260,0,46.210951159435645,46.210951159435645,100.0
1260,1,29.24210351402478,29.24210351402478,100.0
1260,2,24.546945326539575,24.546945326539575,100.0
1270,0,25.454670758888227,25.454670758888227,100.0
1270,1,47.47496410494351,47.47496410494351,100.0
1270,2,27.070365136168274,27.070365136168274,100.0
1280,0,21.64079974081102,21.64079974081102,100.0
1280,1,31.577057701648492,31.577057701648492,100.0
1280,2,46.782142557540496,46.782142557540496,100.0
1290,0,27.61739081627858,27.61739081627858,100.0
1290,1,33.035358655449976,33.035358655449976,100.0
1290,2,39.34725052827144,39.34725052827144,100.0
1300,0,34.94740264861397,34.94740264861397,100.0
1300,1,46.07403044935142,46.07403044935142,100.0
1300,2,18.978566902034615,18.978566902034615,100.0
1310,0,37.392884592648,37.392884592648,100.0
1310,1,40.61328886037278,40.61328886037278,100.0
1310,2,21.993826546979218,21.993826546979218,100.0
1320,0,39.082476585856554,39.082476585856554,100.0
1320,1,28.804522503221946,28.804522503221946,100.0
1320,2,32.11300091092151,32.11300091092151,100.0
1330,0,44.19364810086627,44.19364810086627,100.0
1330,1,28.660786344622867,28.660786344622867,100.0
1330,2,27.145565554510863,27.145565554510863,100.0
1340,0,24.16072116616537,24.16072116616537,100.0
1340,1,27.583341555650794,27.583341555650794,100.0
1340,2,48.25593727818384,48.25593727818384,100.0
1350,0,29.300382837582983,29.300382837582983,100.0
1350,1,43.21845224257515,43.21845224257515,100.0
1350,2,27.481164919841873,27.481164919841873,100.0
1360,0,32.75318700500157,32.75318700500157,100.0
1360,1,32.70034286217655,32.70034286217655,100.0
1360,2,34.54647013282188,34.54647013282188,100.0
1370,0,31.50467555982295,31.50467555982295,100.0
1370,1,47.09208878104343,47.09208878104343,100.0
1370,2,21.40323565913362,21.40323565913362,100.0
1380,0,36.58939948586396,36.58939948586396,100.0
1380,1,24.522800175831627,24.522800175831627,100.0
1380,2,38.887800338304416,38.887800338304416,100.0
1390,0,25.94788233399685,25.94788233399685,100.0
1390,1,31.325415618477415,31.325415618477415,100.0
1390,2,42.726702047525734,42.726702047525734,100.0
1400,0,33.52573377738442,33.52573377738442,100.0
1400,1,38.97179514263374,38.97179514263374,100.0
1400,2,27.50247107998185,27.50247107998185,100.0
1410,0,48.75963111452871,48.75963111452871,100.0
1410,1,30.324192695761674,30.324192695761674,100.0
1410,2,20.916176189709613,20.916176189709613,100.0
1420,0,28.38165976105369,28.38165976105369,100.0
1420,1,49.369725064764125,49.369725064764125,100.0
1420,2,22.24861517418218,22.24861517418218,100.0
1430,0,32.76178303323507,32.76178303323507,100.0
1430,1,48.51805318804647,48.51805318804647,100.0
1430,2,18.720163778718454,18.720163778718454,100.0
1440,0,44.2439280346199,44.2439280346199,100.0
1440,1,35.99188589315363,35.99188589315363,100.0
1440,2,19.76418607222648,19.76418607222648,100.0
1450,0,47.395979214340244,47.395979214340244,100.0
1450,1,25.785802104052873,25.785802104052873,100.0
1450,2,26.818218681606876,26.818218681606876,100.0
1460,0,45.22495403239969,45.22495403239969,100.0
1460,1,31.99021110478989,31.99021110478989,100.0
1460,2,22.784834862810424,22.784834862810424,100.0
1470,0,28.923755333960028,28.923755333960028,100.0
1470,1,35.16419435923406,35.16419435923406,100.0
1470,2,35.912050306805924,35.912050306805924,100.0
1480,0,35.661629456748564,35.661629456748564,100.0
1480,1,34.596236943260486,34.596236943260486,100.0
1480,2,29.74213359999095,29.74213359999095,100.0
1490,0,25.418350975590382,25.418350975590382,100.0
1490,1,34.33039111627742,34.33039111627742,100.0
1490,2,40.251257908132196,40.251257908132196,100.0
1500,0,43.62480085956067,43.62480085956067,100.0
1500,1,31.292143862608796,31.292143862608796,100.0
1500,2,25.083055277830535,25.083055277830535,100.0
