timestamp,sliceId,dedicatedPRB,minPRB,maxPRB
510,0,26.128802276542768,26.128802276542768,100.0
510,1,30.582713988291154,30.582713988291154,100.0
510,2,43.288483735166075,43.288483735166075,100.0
520,0,26.761162745560043,26.761162745560043,100.0
520,1,40.1935226008055,40.1935226008055,100.0
520,2,33.04531465363446,33.04531465363446,100.0
530,0,33.06273455130644,33.06273455130644,100.0
530,1,34.525157509291404,34.525157509291404,100.0
530,2,32.41210793940215,32.41210793940215,100.0
540,0,30.934766531350405,30.934766531350405,100.0
540,1,40.79374157164216,40.79374157164216,100.0
540,2,28.271491897007433,28.271491897007433,100.0
550,0,52.42473751309,52.42473751309,100.0
550,1,27.546501129997964,27.546501129997964,100.0
550,2,20.02876135691204,20.02876135691204,100.0
560,0,25.988245970700707,25.988245970700707,100.0
560,1,37.767375705686995,37.767375705686995,100.0
560,2,36.2443783236123,36.2443783236123,100.0
570,0,39.77058771644442,39.77058771644442,100.0
570,1,43.35453914186446,43.35453914186446,100.0
570,2,16.87487314169113,16.87487314169113,100.0
580,0,20.966914152766428,20.966914152766428,100.0
580,1,49.191784529002305,49.191784529002305,100.0
580,2,29.84130131823126,29.84130131823126,100.0
590,0,37.74725046502583,37.74725046502583,100.0
590,1,41.628280308302614,41.628280308302614,100.0
590,2,20.624469226671557,20.624469226671557,100.0
600,0,30.42297140035421,30.42297140035421,100.0
600,1,30.781100800846712,30.781100800846712,100.0
600,2,38.79592779879908,38.79592779879908,100.0
610,0,42.199753217528865,42.199753217528865,100.0
610,1,39.68873118767723,39.68873118767723,100.0
610,2,18.111515594793907,18.111515594793907,100.0
620,0,21.686166883081007,21.686166883081007,100.0
620,1,31.663313811419837,31.663313811419837,100.0
620,2,46.65051930549917,46.65051930549917,100.0
630,0,41.48857097579126,41.48857097579126,100.0
630,1,40.82614637062507,40.82614637062507,100.0
630,2,17.685282653583663,17.685282653583663,100.0
640,0,29.939435559159598,29.939435559159598,100.0
640,1,31.539567189783547,31.539567189783547,100.0
640,2,38.52099725105685,38.52099725105685,100.0
650,0,32.77044094305719,32.77044094305719,100.0
650,1,38.60644158966873,38.60644158966873,100.0
650,2,28.623117467274085,28.623117467274085,100.0
660,0,24.438423400089786,24.438423400089786,100.0
660,1,37.527415273192155,37.527415273192155,100.0
660,2,38.03416132671806,38.03416132671806,100.0
670,0,46.41078243943203,46.41078243943203,100.0
670,1,34.1873507255191,34.1873507255191,100.0
670,2,19.40186683504885,19.40186683504885,100.0
680,0,27.573846582033966,27.573846582033966,100.0
680,1,33.81728507312351,33.81728507312351,100.0
680,2,38.608868344842534,38.608868344842534,100.0
690,0,45.74228166659159,45.74228166659159,100.0
690,1,32.562508908012205,32.562508908012205,100.0
690,2,21.695209425396218,21.695209425396218,100.0
700,0,25.676622423821154,25.676622423821154,100.0
700,1,45.7220391658751,45.7220391658751,100.0
700,2,28.601338410303747,28.601338410303747,100.0
710,0,46.2163614357825,46.2163614357825,100.0
710,1,26.874533957400743,26.874533957400743,100.0
710,2,26.909104606816754,26.909104606816754,100.0
720,0,21.665750685565165,21.665750685565165,100.0
720,1,51.003038223309986,51.003038223309986,100.0
720,2,27.331211091124853,27.331211091124853,100.0
730,0,37.97886811876538,37.97886811876538,100.0
730,1,28.2155992185971,28.2155992185971,100.0
730,2,33.805532662637525,33.805532662637525,100.0
740,0,29.08574902228257,29.08574902228257,100.0
740,1,46.95713342118965,46.95713342118965,100.0
740,2,23.957117556527773,23.957117556527773,100.0
750,0,44.3488832577457,44.3488832577457,100.0
750,1,29.270294300651422,29.270294300651422,100.0
750,2,26.38082244160288,26.38082244160288,100.0
760,0,21.778352439848014,21.778352439848014,100.0
760,1,41.481406119914695,41.481406119914695,100.0
760,2,36.740241440237284,36.740241440237284,100.0
770,0,51.431428230640996,51.431428230640996,100.0
770,1,29.612940441320816,29.612940441320816,100.0
770,2,18.955631328038194,18.955631328038194,100.0
780,0,21.42845345560695,21.42845345560695,100.0
780,1,47.78816235225026,47.78816235225026,100.0
780,2,30.783384192142794,30.783384192142794,100.0
790,0,42.42775123647763,42.42775123647763,100.0
790,1,40.35422813988059,40.35422813988059,100.0
790,2,17.218020623641777,17.218020623641777,100.0
800,0,25.73522645124916,25.73522645124916,100.0
800,1,39.44118680858533,39.44118680858533,100.0
800,2,34.82358674016551,34.82358674016551,100.0
810,0,42.78882333332445,42.78882333332445,100.0
810,1,37.0659983585796,37.0659983585796,100.0
810,2,20.145178308095943,20.145178308095943,100.0
820,0,41.28864111871668,41.28864111871668,100.0
820,1,26.888275913613917,26.888275913613917,100.0
820,2,31.823082967669404,31.823082967669404,100.0
