timestamp,ueImsi,sliceId,dTxBytes,dRxBytes,plr,resourceSharePct,dLostPackets,throughputMbps,bufferBytes
1510,1,0,35144,35144,0.00,36.02,0,28.1152,1537
1510,2,0,35144,0,100.00,36.02,23,0.0000,3170372
1510,3,1,1014,0,100.00,34.86,13,0.0000,3121
1510,4,1,1014,1326,0.00,34.86,0,1.0608,87
1510,5,2,256,0,100.00,29.11,2,0.0000,269
1510,6,2,256,256,0.00,29.11,0,0.2048,137
1510,7,2,256,256,0.00,29.11,0,0.2048,137
1510,8,2,256,256,0.00,29.11,0,0.2048,137
1510,9,2,256,256,0.00,29.11,0,0.2048,137
1510,10,2,256,0,100.00,29.11,2,0.0000,137
