timestamp,sliceId,dedicatedPRB,minPRB,maxPRB
510,0,28.796373683477007,28.796373683477007,100.0
510,1,34.350783535738536,34.350783535738536,100.0
510,2,36.85284278078445,36.85284278078445,100.0
520,0,23.312592471277544,23.312592471277544,100.0
520,1,45.97421739815781,45.97421739815781,100.0
520,2,30.713190130564648,30.713190130564648,100.0
530,0,35.23454078867781,35.23454078867781,100.0
530,1,33.501430527700435,33.501430527700435,100.0
530,2,31.26402868362176,31.26402868362176,100.0
540,0,29.055237604855815,29.055237604855815,100.0
540,1,43.66589920350386,43.66589920350386,100.0
540,2,27.278863191640323,27.278863191640323,100.0
550,0,37.93918594754922,37.93918594754922,100.0
550,1,40.81560141235528,40.81560141235528,100.0
550,2,21.245212640095502,21.245212640095502,100.0
