timestamp,ueImsi,sliceId,dTxBytes,dRxBytes,plr,resourceSharePct,dLostPackets,throughputMbps,bufferBytes
560,1,0,24448,1528,93.75,32.04,15,1.2224,135628
560,2,0,24448,1528,93.75,32.04,15,1.2224,135629
560,3,0,24448,1528,93.75,32.04,15,1.2224,135540
560,4,0,24448,1528,93.75,32.04,15,1.2224,135524
560,5,0,24448,1528,93.75,32.04,15,1.2224,135626
560,6,1,390,312,20.00,26.66,1,0.2496,169
560,7,1,390,312,20.00,26.66,1,0.2496,169
560,8,1,390,312,20.00,26.66,1,0.2496,169
560,9,1,390,312,20.00,26.66,1,0.2496,169
560,10,1,390,312,20.00,26.66,1,0.2496,169
560,11,2,16000,1024,93.60,41.31,117,0.8192,89417
560,12,2,16000,1024,93.60,41.31,117,0.8192,89525
560,13,2,16000,1024,93.60,41.31,117,0.8192,89425
560,14,2,16000,1152,92.80,41.31,116,0.9216,89448
560,15,2,16000,1024,93.60,41.31,117,0.8192,89489
560,16,2,16000,1024,93.60,41.31,117,0.8192,89496
560,17,2,16000,1024,93.60,41.31,117,0.8192,89489
560,18,2,16000,1024,93.60,41.31,117,0.8192,89490
560,19,2,16000,1152,92.80,41.31,116,0.9216,89504
560,20,2,16000,1152,92.80,41.31,116,0.9216,89495
