timestamp,ueImsi,sliceId,dTxBytes,dRxBytes,plr,resourceSharePct,dLostPackets,throughputMbps,bufferBytes
1510,1,0,35144,12224,65.22,34.85,15,9.7792,1475534
1510,2,0,35144,36672,0.00,34.85,0,29.3376,1537
1510,3,1,1014,936,7.69,41.33,1,0.7488,87
1510,4,1,1014,936,7.69,41.33,1,0.7488,87
1510,5,2,256,256,0.00,23.82,0,0.2048,137
1510,6,2,256,0,100.00,23.82,2,0.0000,137
1510,7,2,256,0,100.00,23.82,2,0.0000,137
1510,8,2,256,256,0.00,23.82,0,0.2048,137
1510,9,2,256,256,0.00,23.82,0,0.2048,137
1510,10,2,256,256,0.00,23.82,0,0.2048,137
