timestamp,ueImsi,sliceId,dTxBytes,dRxBytes,plr,resourceSharePct,dLostPackets,throughputMbps,bufferBytes
1510,1,0,35144,0,100.00,29.73,23,0.0000,3212084
1510,2,0,35144,19864,43.48,29.73,10,15.8912,1791400
1510,3,1,1014,936,7.69,49.00,1,0.7488,87
1510,4,1,1014,1248,0.00,49.00,0,0.9984,87
1510,5,2,256,0,100.00,21.27,2,0.0000,137
1510,6,2,256,256,0.00,21.27,0,0.2048,137
1510,7,2,256,0,100.00,21.27,2,0.0000,137
1510,8,2,256,256,0.00,21.27,0,0.2048,137
1510,9,2,256,256,0.00,21.27,0,0.2048,137
1510,10,2,256,0,100.00,21.27,2,0.0000,137
