timestamp,ueImsi,sliceId,dTxBytes,dRxBytes,plr,resourceSharePct,dLostPackets,throughputMbps,bufferBytes
560,1,0,24448,3056,87.50,33.87,14,2.4448,128354
560,2,0,24448,3056,87.50,33.87,14,2.4448,128424
560,3,0,24448,3056,87.50,33.87,14,2.4448,128438
560,4,0,24448,3056,87.50,33.87,14,2.4448,128436
560,5,0,24448,3056,87.50,33.87,14,2.4448,128331
560,6,1,780,702,10.00,43.37,1,0.5616,87
560,7,1,780,702,10.00,43.37,1,0.5616,87
560,8,1,780,702,10.00,43.37,1,0.5616,87
560,9,1,780,702,10.00,43.37,1,0.5616,87
560,10,1,780,702,10.00,43.37,1,0.5616,87
560,11,2,16000,896,94.40,22.76,118,0.7168,88785
560,12,2,16000,896,94.40,22.76,118,0.7168,88722
560,13,2,16000,896,94.40,22.76,118,0.7168,88776
560,14,2,16000,1024,93.60,22.76,117,0.8192,88783
560,15,2,16000,1024,93.60,22.76,117,0.8192,88782
560,16,2,16000,1024,93.60,22.76,117,0.8192,88683
560,17,2,16000,1024,93.60,22.76,117,0.8192,88696
560,18,2,16000,1024,93.60,22.76,117,0.8192,88694
560,19,2,16000,1024,93.60,22.76,117,0.8192,88694
560,20,2,16000,1024,93.60,22.76,117,0.8192,88688
