timestamp,ueImsi,sliceId,dTxBytes,dRxBytes,plr,resourceSharePct,dLostPackets,throughputMbps,bufferBytes
560,1,0,24448,1528,93.75,31.26,15,1.2224,137173
560,2,0,24448,1528,93.75,31.26,15,1.2224,137160
560,3,0,24448,1528,93.75,31.26,15,1.2224,137230
560,4,0,24448,1528,93.75,31.26,15,1.2224,137123
560,5,0,24448,1528,93.75,31.26,15,1.2224,137131
560,6,1,780,624,20.00,32.81,2,0.4992,126
560,7,1,780,624,20.00,32.81,2,0.4992,87
560,8,1,780,624,20.00,32.81,2,0.4992,87
560,9,1,780,624,20.00,32.81,2,0.4992,126
560,10,1,780,624,20.00,32.81,2,0.4992,126
560,11,2,16000,768,95.20,35.93,119,0.6144,90961
560,12,2,16000,768,95.20,35.93,119,0.6144,90961
560,13,2,16000,768,95.20,35.93,119,0.6144,90968
560,14,2,16000,768,95.20,35.93,119,0.6144,90969
560,15,2,16000,896,94.40,35.93,118,0.7168,91024
560,16,2,16000,896,94.40,35.93,118,0.7168,91041
560,17,2,16000,896,94.40,35.93,118,0.7168,90933
560,18,2,16000,768,95.20,35.93,119,0.6144,90926
560,19,2,16000,768,95.20,35.93,119,0.6144,90924
560,20,2,16000,768,95.20,35.93,119,0.6144,90916
