timestamp,sliceId,dedicatedPRB,minPRB,maxPRB
510,0,35.814187926209215,35.814187926209215,100.0
510,1,34.52323400930577,34.52323400930577,100.0
510,2,29.662578064485018,29.662578064485018,100.0
520,0,42.81150267600421,42.81150267600421,100.0
520,1,26.28080254106453,26.28080254106453,100.0
520,2,30.907694782931266,30.907694782931266,100.0
530,0,22.796911412315442,22.796911412315442,100.0
530,1,43.06962560968954,43.06962560968954,100.0
530,2,34.13346297799502,34.13346297799502,100.0
540,0,26.72835959521947,26.72835959521947,100.0
540,1,50.215875889767624,50.215875889767624,100.0
540,2,23.055764515012914,23.055764515012914,100.0
550,0,29.06389457273879,29.06389457273879,100.0
550,1,25.82756189564432,25.82756189564432,100.0
550,2,45.10854353161689,45.10854353161689,100.0
560,0,23.722066029385946,23.722066029385946,100.0
560,1,39.250425380755,39.250425380755,100.0
560,2,37.02750858985905,37.02750858985905,100.0
570,0,38.98441448087107,38.98441448087107,100.0
570,1,41.03597791840393,41.03597791840393,100.0
570,2,19.979607600725004,19.979607600725004,100.0
580,0,32.69244767163211,32.69244767163211,100.0
580,1,46.060625044020966,46.060625044020966,100.0
580,2,21.246927284346917,21.246927284346917,100.0
590,0,44.29401601499697,44.29401601499697,100.0
590,1,34.23900672397539,34.23900672397539,100.0
590,2,21.46697726102763,21.46697726102763,100.0
600,0,44.97440213401007,44.97440213401007,100.0
600,1,30.725136760551152,30.725136760551152,100.0
600,2,24.30046110543878,24.30046110543878,100.0
610,0,35.28185993833277,35.28185993833277,100.0
610,1,45.35156693104972,45.35156693104972,100.0
610,2,19.36657313061751,19.36657313061751,100.0
620,0,45.06962937728689,45.06962937728689,100.0
620,1,36.291453688855064,36.291453688855064,100.0
620,2,18.63891693385805,18.63891693385805,100.0
630,0,29.51151632505199,29.51151632505199,100.0
630,1,41.00714542745777,41.00714542745777,100.0
630,2,29.481338247490243,29.481338247490243,100.0
640,0,28.338761490199126,28.338761490199126,100.0
640,1,37.03182447656866,37.03182447656866,100.0
640,2,34.62941403323222,34.62941403323222,100.0
650,0,34.816184984144016,34.816184984144016,100.0
650,1,33.50892053811211,33.50892053811211,100.0
650,2,31.674894477743877,31.674894477743877,100.0
660,0,34.47213950450213,34.47213950450213,100.0
660,1,42.911930106004306,42.911930106004306,100.0
660,2,22.615930389493567,22.615930389493567,100.0
670,0,25.37544831524411,25.37544831524411,100.0
670,1,37.69625370002846,37.69625370002846,100.0
670,2,36.92829798472744,36.92829798472744,100.0
680,0,27.82290066870705,27.82290066870705,100.0
680,1,32.75266062220791,32.75266062220791,100.0
680,2,39.42443870908503,39.42443870908503,100.0
690,0,25.805201598150173,25.805201598150173,100.0
690,1,44.42451165177413,44.42451165177413,100.0
690,2,29.77028675007569,29.77028675007569,100.0
700,0,35.55901944699021,35.55901944699021,100.0
700,1,36.668674923769075,36.668674923769075,100.0
700,2,27.772305629240705,27.772305629240705,100.0
710,0,34.82350637552103,34.82350637552103,100.0
710,1,30.919369424710485,30.919369424710485,100.0
710,2,34.257124199768484,34.257124199768484,100.0
720,0,26.412154295776407,26.412154295776407,100.0
720,1,46.99268933617298,46.99268933617298,100.0
720,2,26.595156368050628,26.595156368050628,100.0
730,0,25.039982880345434,25.039982880345434,100.0
730,1,36.03591901948863,36.03591901948863,100.0
730,2,38.92409810016594,38.92409810016594,100.0
740,0,28.29189842050399,28.29189842050399,100.0
740,1,33.18233783627953,33.18233783627953,100.0
740,2,38.52576374321648,38.52576374321648,100.0
750,0,30.74637197416587,30.74637197416587,100.0
750,1,36.36150114494534,36.36150114494534,100.0
750,2,32.89212688088879,32.89212688088879,100.0
760,0,26.611137315086907,26.611137315086907,100.0
760,1,48.79962048607808,48.79962048607808,100.0
760,2,24.589242198835016,24.589242198835016,100.0
770,0,27.36264279501295,27.36264279501295,100.0
770,1,53.46825661553161,53.46825661553161,100.0
770,2,19.16910058945545,19.16910058945545,100.0
780,0,26.69985195290509,26.69985195290509,100.0
780,1,42.34819088554071,42.34819088554071,100.0
780,2,30.9519571615542,30.9519571615542,100.0
790,0,44.25627208027086,44.25627208027086,100.0
790,1,27.12678986945083,27.12678986945083,100.0
790,2,28.616938050278307,28.616938050278307,100.0
800,0,31.027041606938088,31.027041606938088,100.0
800,1,35.99707990409625,35.99707990409625,100.0
800,2,32.97587848896566,32.97587848896566,100.0
810,0,33.727038683285265,33.727038683285265,100.0
810,1,35.4832328249325,35.4832328249325,100.0
810,2,30.78972849178223,30.78972849178223,100.0
820,0,48.428353657522685,48.428353657522685,100.0
820,1,32.05501212600193,32.05501212600193,100.0
820,2,19.51663421647539,19.51663421647539,100.0
830,0,27.96008006147454,27.96008006147454,100.0
830,1,53.49080868982288,53.49080868982288,100.0
830,2,18.549111248702587,18.549111248702587,100.0
840,0,31.21206443349739,31.21206443349739,100.0
840,1,40.58616469266663,40.58616469266663,100.0
840,2,28.201770873835986,28.201770873835986,100.0
850,0,39.888197348178736,39.888197348178736,100.0
850,1,31.28870461368212,31.28870461368212,100.0
850,2,28.82309803813914,28.82309803813914,100.0
860,0,29.972964347275198,29.972964347275198,100.0
860,1,26.741599037476217,26.741599037476217,100.0
860,2,43.2854366152486,43.2854366152486,100.0
870,0,28.608834744322397,28.608834744322397,100.0
870,1,27.62287384110423,27.62287384110423,100.0
870,2,43.76829141457337,43.76829141457337,100.0
880,0,39.590058500420405,39.590058500420405,100.0
880,1,26.92350255533629,26.92350255533629,100.0
880,2,33.48643894424331,33.48643894424331,100.0
890,0,35.930347748555306,35.930347748555306,100.0
890,1,36.93569415499235,36.93569415499235,100.0
890,2,27.133958096452353,27.133958096452353,100.0
900,0,33.880822011343184,33.880822011343184,100.0
900,1,38.9969713850831,38.9969713850831,100.0
900,2,27.122206603573716,27.122206603573716,100.0
910,0,39.72030900560861,39.72030900560861,100.0
910,1,29.851001465484963,29.851001465484963,100.0
910,2,30.42868952890643,30.42868952890643,100.0
920,0,26.5015657439814,26.5015657439814,100.0
920,1,40.95576516284736,40.95576516284736,100.0
920,2,32.54266909317124,32.54266909317124,100.0
930,0,50.57220929350058,50.57220929350058,100.0
930,1,30.080457897202894,30.080457897202894,100.0
930,2,19.34733280929653,19.34733280929653,100.0
940,0,31.575728486101884,31.575728486101884,100.0
940,1,43.67167849456942,43.67167849456942,100.0
940,2,24.752593019328692,24.752593019328692,100.0
950,0,29.48008275042736,29.48008275042736,100.0
950,1,45.54913683258049,45.54913683258049,100.0
950,2,24.97078041699215,24.97078041699215,100.0
960,0,43.8732028635678,43.8732028635678,100.0
960,1,25.766009660933577,25.766009660933577,100.0
960,2,30.36078747549863,30.36078747549863,100.0
970,0,34.705314725473926,34.705314725473926,100.0
970,1,37.92625557775663,37.92625557775663,100.0
970,2,27.368429696769446,27.368429696769446,100.0
980,0,31.249611359768675,31.249611359768675,100.0
980,1,41.401285219775666,41.401285219775666,100.0
980,2,27.349103420455656,27.349103420455656,100.0
990,0,32.51569313565068,32.51569313565068,100.0
990,1,39.362987103878346,39.362987103878346,100.0
990,2,28.121319760470975,28.121319760470975,100.0
1000,0,34.90782058255022,34.90782058255022,100.0
1000,1,44.63502656159266,44.63502656159266,100.0
1000,2,20.457152855857117,20.457152855857117,100.0
1010,0,22.092032892051296,22.092032892051296,100.0
1010,1,40.15587536667547,40.15587536667547,100.0
1010,2,37.75209174127323,37.75209174127323,100.0
1020,0,37.42591437656575,37.42591437656575,100.0
1020,1,34.74447220715686,34.74447220715686,100.0
1020,2,27.82961341627739,27.82961341627739,100.0
1030,0,46.55645351234282,46.55645351234282,100.0
1030,1,30.598547209322312,30.598547209322312,100.0
1030,2,22.84499927833487,22.84499927833487,100.0
1040,0,31.571805648671354,31.571805648671354,100.0
1040,1,38.43053700674289,38.43053700674289,100.0
1040,2,29.99765734458576,29.99765734458576,100.0
1050,0,41.48899751072447,41.48899751072447,100.0
1050,1,25.156946082255228,25.156946082255228,100.0
1050,2,33.354056407020316,33.354056407020316,100.0
1060,0,36.85490150292728,36.85490150292728,100.0
1060,1,32.58106949113604,32.58106949113604,100.0
1060,2,30.56402900593668,30.56402900593668,100.0
1070,0,43.18786087470308,43.18786087470308,100.0
1070,1,26.299635889659044,26.299635889659044,100.0
1070,2,30.51250323563788,30.51250323563788,100.0
1080,0,43.57001377469183,43.57001377469183,100.0
1080,1,38.101311323888055,38.101311323888055,100.0
1080,2,18.328674901420115,18.328674901420115,100.0
1090,0,33.37547093102478,33.37547093102478,100.0
1090,1,38.91856030253471,38.91856030253471,100.0
1090,2,27.705968766440513,27.705968766440513,100.0
1100,0,38.31160780907966,38.31160780907966,100.0
1100,1,34.58005844493546,34.58005844493546,100.0
1100,2,27.108333745984886,27.108333745984886,100.0
1110,0,31.653451485616145,31.653451485616145,100.0
1110,1,41.08962559152453,41.08962559152453,100.0
1110,2,27.25692292285932,27.25692292285932,100.0
1120,0,36.2011022758412,36.2011022758412,100.0
1120,1,35.83204714769723,35.83204714769723,100.0
1120,2,27.966850576461567,27.966850576461567,100.0
1130,0,31.8735829947208,31.8735829947208,100.0
1130,1,40.56809449833527,40.56809449833527,100.0
1130,2,27.558322506943927,27.558322506943927,100.0
1140,0,28.955582524432145,28.955582524432145,100.0
1140,1,38.809679274410094,38.809679274410094,100.0
1140,2,32.23473820115777,32.23473820115777,100.0
1150,0,26.21991593619021,26.21991593619021,100.0
1150,1,51.5611891398628,51.5611891398628,100.0
1150,2,22.218894923947012,22.218894923947012,100.0
1160,0,32.25777256902217,32.25777256902217,100.0
1160,1,45.77275685227469,45.77275685227469,100.0
1160,2,21.969470578703135,21.969470578703135,100.0
1170,0,27.71527741649421,27.71527741649421,100.0
1170,1,30.224402018007346,30.224402018007346,100.0
1170,2,42.060320565498444,42.060320565498444,100.0
1180,0,31.627826055514852,31.627826055514852,100.0
1180,1,30.09062742545156,30.09062742545156,100.0
1180,2,38.2815465190336,38.2815465190336,100.0
1190,0,33.03977240387733,33.03977240387733,100.0
1190,1,36.62131993643888,36.62131993643888,100.0
1190,2,30.338907659683805,30.338907659683805,100.0
1200,0,38.965504753381055,38.965504753381055,100.0
1200,1,31.810743290242044,31.810743290242044,100.0
1200,2,29.223751956376905,29.223751956376905,100.0
1210,0,36.793032480322374,36.793032480322374,100.0
1210,1,39.24481410894903,39.24481410894903,100.0
1210,2,23.962153410728597,23.962153410728597,100.0
1220,0,31.56727914229972,31.56727914229972,100.0
1220,1,41.53732446969801,41.53732446969801,100.0
1220,2,26.895396388002286,26.895396388002286,100.0
1230,0,33.88108230784048,33.88108230784048,100.0
1230,1,31.783786455990015,31.783786455990015,100.0
1230,2,34.33513123616952,34.33513123616952,100.0
1240,0,39.476527192904946,39.476527192904946,100.0
1240,1,26.789320826774055,26.789320826774055,100.0
1240,2,33.73415198032101,33.73415198032101,100.0
1250,0,43.29585053543359,43.29585053543359,100.0
1250,1,36.336188506730394,36.336188506730394,100.0
1250,2,20.367960957836022,20.367960957836022,100.0
1260,0,30.48055619739245,30.48055619739245,100.0
1260,1,36.845435413533025,36.845435413533025,100.0
1260,2,32.67400838907452,32.67400838907452,100.0
1270,0,40.42351398796108,40.42351398796108,100.0
1270,1,40.13704687905469,40.13704687905469,100.0
1270,2,19.43943913298424,19.43943913298424,100.0
1280,0,44.33043079511103,44.33043079511103,100.0
1280,1,31.554661748769508,31.554661748769508,100.0
1280,2,24.11490745611946,24.11490745611946,100.0
1290,0,43.05846377896836,43.05846377896836,100.0
1290,1,31.00530390312784,31.00530390312784,100.0
1290,2,25.93623231790381,25.93623231790381,100.0
1300,0,26.01899760948867,26.01899760948867,100.0
1300,1,48.98787707705258,48.98787707705258,100.0
1300,2,24.99312531345876,24.99312531345876,100.0
1310,0,34.18257111930082,34.18257111930082,100.0
1310,1,45.29841463222866,45.29841463222866,100.0
1310,2,20.519014248470526,20.519014248470526,100.0
1320,0,30.644241234819543,30.644241234819543,100.0
1320,1,41.54605493105004,41.54605493105004,100.0
1320,2,27.809703834130435,27.809703834130435,100.0
1330,0,28.328056157250263,28.328056157250263,100.0
1330,1,35.4071962718992,35.4071962718992,100.0
1330,2,36.26474757085053,36.26474757085053,100.0
1340,0,28.07416171506328,28.07416171506328,100.0
1340,1,46.05279099344042,46.05279099344042,100.0
1340,2,25.87304729149631,25.87304729149631,100.0
1350,0,28.791244455756615,28.791244455756615,100.0
1350,1,45.825076904163296,45.825076904163296,100.0
1350,2,25.38367864008009,25.38367864008009,100.0
1360,0,32.17609021498333,32.17609021498333,100.0
1360,1,42.67145150932758,42.67145150932758,100.0
1360,2,25.152458275689092,25.152458275689092,100.0
1370,0,35.80178950107139,35.80178950107139,100.0
1370,1,27.696273425325284,27.696273425325284,100.0
1370,2,36.501937073603315,36.501937073603315,100.0
1380,0,28.47288275007267,28.47288275007267,100.0
1380,1,42.3686969050556,42.3686969050556,100.0
1380,2,29.15842034487173,29.15842034487173,100.0
1390,0,50.756259046012374,50.756259046012374,100.0
1390,1,29.747379857242866,29.747379857242866,100.0
1390,2,19.496361096744756,19.496361096744756,100.0
1400,0,26.004279414280873,26.004279414280873,100.0
1400,1,39.20298848107418,39.20298848107418,100.0
1400,2,34.79273210464495,34.79273210464495,100.0
1410,0,26.155300032417806,26.155300032417806,100.0
1410,1,31.392024012329074,31.392024012329074,100.0
1410,2,42.45267595525313,42.45267595525313,100.0
1420,0,45.69964293280082,45.69964293280082,100.0
1420,1,26.512425075397655,26.512425075397655,100.0
1420,2,27.787931991801518,27.787931991801518,100.0
1430,0,52.364916461660215,52.364916461660215,100.0
1430,1,25.923197542892098,25.923197542892098,100.0
1430,2,21.711885995447705,21.711885995447705,100.0
1440,0,43.62280742459965,43.62280742459965,100.0
1440,1,35.991470293437544,35.991470293437544,100.0
1440,2,20.385722281962803,20.385722281962803,100.0
1450,0,25.663909183168293,25.663909183168293,100.0
1450,1,26.815470912228513,26.815470912228513,100.0
1450,2,47.5206199046032,47.5206199046032,100.0
1460,0,42.2018171507758,42.2018171507758,100.0
1460,1,40.127265915765356,40.127265915765356,100.0
1460,2,17.67091693345884,17.67091693345884,100.0
1470,0,22.887928648298196,22.887928648298196,100.0
1470,1,41.559768548485344,41.559768548485344,100.0
1470,2,35.552302803216456,35.552302803216456,100.0
1480,0,32.555064838122426,32.555064838122426,100.0
1480,1,38.33723584029842,38.33723584029842,100.0
1480,2,29.10769932157916,29.10769932157916,100.0
1490,0,46.214649745713544,46.214649745713544,100.0
1490,1,29.271678068140467,29.271678068140467,100.0
1490,2,24.513672186146,24.513672186146,100.0
1500,0,36.89010837655281,36.89010837655281,100.0
1500,1,24.181731308931116,24.181731308931116,100.0
1500,2,38.92816031451608,38.92816031451608,100.0
