timestamp,sliceId,dedicatedPRB,minPRB,maxPRB
510,0,21.244995897571055,21.244995897571055,100.0
510,1,36.89995660063477,36.89995660063477,100.0
510,2,41.855047501794175,41.855047501794175,100.0
520,0,39.29677143341647,39.29677143341647,100.0
520,1,34.54310697583257,34.54310697583257,100.0
520,2,26.16012159075096,26.16012159075096,100.0
530,0,30.250707380465215,30.250707380465215,100.0
530,1,36.09098543249487,36.09098543249487,100.0
530,2,33.65830718703992,33.65830718703992,100.0
540,0,48.81381304382969,48.81381304382969,100.0
540,1,24.921533524414087,24.921533524414087,100.0
540,2,26.264653431756223,26.264653431756223,100.0
550,0,45.881589190085435,45.881589190085435,100.0
550,1,35.95946229707013,35.95946229707013,100.0
550,2,18.158948512844436,18.158948512844436,100.0
