timestamp,sliceId,dedicatedPRB,minPRB,maxPRB
510,0,28.701844140566923,28.701844140566923,100.0
510,1,27.08331459047681,27.08331459047681,100.0
510,2,44.21484126895627,44.21484126895627,100.0
520,0,35.73221439969661,35.73221439969661,100.0
520,1,29.484997931023116,29.484997931023116,100.0
520,2,34.78278766928028,34.78278766928028,100.0
530,0,40.79191868911186,40.79191868911186,100.0
530,1,24.92556208751839,24.92556208751839,100.0
530,2,34.28251922336974,34.28251922336974,100.0
540,0,21.603105463030325,21.603105463030325,100.0
540,1,33.31735268364652,33.31735268364652,100.0
540,2,45.07954185332316,45.07954185332316,100.0
550,0,37.332396519043485,37.332396519043485,100.0
550,1,29.575217140224595,29.575217140224595,100.0
550,2,33.09238634073191,33.09238634073191,100.0
