timestamp,ueImsi,sliceId,dTxBytes,dRxBytes,plr,resourceSharePct,dLostPackets,throughputMbps,bufferBytes
560,1,0,24448,0,100.00,16.66,16,0.0000,141237
560,2,0,24448,1528,93.75,16.66,15,1.2224,140066
560,3,0,24448,1528,93.75,16.66,15,1.2224,140045
560,4,0,24448,0,100.00,16.66,16,0.0000,139558
560,5,0,24448,0,100.00,16.66,16,0.0000,139559
560,6,1,780,624,20.00,20.00,2,0.4992,126
560,7,1,780,624,20.00,20.00,2,0.4992,225
560,8,1,780,624,20.00,20.00,2,0.4992,225
560,9,1,780,624,20.00,20.00,2,0.4992,225
560,10,1,780,624,20.00,20.00,2,0.4992,225
560,11,2,16000,1280,92.00,63.33,115,1.0240,89207
560,12,2,16000,1280,92.00,63.33,115,1.0240,89199
560,13,2,16000,1280,92.00,63.33,115,1.0240,88719
560,14,2,16000,1280,92.00,63.33,115,1.0240,88718
560,15,2,16000,1280,92.00,63.33,115,1.0240,88776
560,16,2,16000,1280,92.00,63.33,115,1.0240,88767
560,17,2,16000,1280,92.00,63.33,115,1.0240,88767
560,18,2,16000,1536,90.40,63.33,113,1.2288,88193
560,19,2,16000,1664,89.60,63.33,112,1.3312,88188
560,20,2,16000,1664,89.60,63.33,112,1.3312,87519
