timestamp,ueImsi,sliceId,dTxBytes,dRxBytes,plr,resourceSharePct,dLostPackets,throughputMbps,bufferBytes
590,1,0,24448,1528,93.75,23.68,15,1.2224,206177
590,2,0,24448,1528,93.75,23.68,15,1.2224,206175
590,3,0,24448,0,100.00,23.68,16,0.0000,206160
590,4,0,24448,1528,93.75,23.68,15,1.2224,206170
590,5,0,24448,1528,93.75,23.68,15,1.2224,206175
590,6,1,390,468,0.00,54.14,0,0.3744,87
590,7,1,390,468,0.00,54.14,0,0.3744,87
590,8,1,390,468,0.00,54.14,0,0.3744,87
590,9,1,390,468,0.00,54.14,0,0.3744,87
590,10,1,390,468,0.00,54.14,0,0.3744,87
590,11,2,16000,768,95.20,22.18,119,0.6144,135314
590,12,2,16000,768,95.20,22.18,119,0.6144,135320
590,13,2,16000,768,95.20,22.18,119,0.6144,135296
590,14,2,16000,896,94.40,22.18,118,0.7168,135281
590,15,2,16000,768,95.20,22.18,119,0.6144,135265
590,16,2,16000,768,95.20,22.18,119,0.6144,135243
590,17,2,16000,768,95.20,22.18,119,0.6144,135267
590,18,2,16000,768,95.20,22.18,119,0.6144,135266
590,19,2,16000,768,95.20,22.18,119,0.6144,135345
590,20,2,16000,768,95.20,22.18,119,0.6144,135262
