timestamp,ueImsi,sliceId,dTxBytes,dRxBytes,plr,resourceSharePct,dLostPackets,throughputMbps,bufferBytes
560,1,0,24448,1528,93.75,33.68,15,1.2224,137353
560,2,0,24448,1528,93.75,33.68,15,1.2224,137340
560,3,0,24448,1528,93.75,33.68,15,1.2224,137402
560,4,0,24448,1528,93.75,33.68,15,1.2224,137402
560,5,0,24448,1528,93.75,33.68,15,1.2224,137416
560,6,1,780,624,20.00,38.40,2,0.4992,87
560,7,1,780,624,20.00,38.40,2,0.4992,87
560,8,1,780,624,20.00,38.40,2,0.4992,87
560,9,1,780,624,20.00,38.40,2,0.4992,87
560,10,1,780,624,20.00,38.40,2,0.4992,87
560,11,2,16000,640,96.00,27.92,120,0.5120,91449
560,12,2,16000,640,96.00,27.92,120,0.5120,91449
560,13,2,16000,640,96.00,27.92,120,0.5120,91343
560,14,2,16000,640,96.00,27.92,120,0.5120,91340
560,15,2,16000,640,96.00,27.92,120,0.5120,91405
560,16,2,16000,640,96.00,27.92,120,0.5120,91398
560,17,2,16000,640,96.00,27.92,120,0.5120,91397
560,18,2,16000,640,96.00,27.92,120,0.5120,91413
560,19,2,16000,640,96.00,27.92,120,0.5120,91409
560,20,2,16000,640,96.00,27.92,120,0.5120,91418
