timestamp,ueImsi,sliceId,dTxBytes,dRxBytes,plr,resourceSharePct,dLostPackets,throughputMbps,bufferBytes,dlBufferBytes,ulBufferBytes,macBufferBytes,congestionPct,lastDrlActionStatus
10600,1,0,194844,0,100.00,26.66,173,0.0000,1199937,197626,1199937,1397563,13.33,applied
10600,2,0,194844,1228,99.42,26.66,172,0.0982,1199941,197619,1199941,1397560,13.33,applied
10600,3,0,194844,13508,93.64,26.66,162,1.0806,1199168,197619,1199168,1396787,13.32,applied
10600,4,0,194844,0,100.00,26.66,173,0.0000,1199957,200333,1199957,1400290,13.35,applied
10600,5,0,194844,8596,95.95,26.66,166,0.6877,1200005,197625,1200005,1397630,13.33,applied
10600,6,1,0,0,0.00,45.00,0,0.0000,34,0,34,34,0.00,applied
10600,7,1,0,0,0.00,45.00,0,0.0000,34,0,34,34,0.00,applied
10600,8,1,0,0,0.00,45.00,0,0.0000,34,0,34,34,0.00,applied
10600,9,1,0,0,0.00,45.00,0,0.0000,147,0,147,147,0.00,applied
10600,10,1,0,0,0.00,45.00,0,0.0000,34,0,34,34,0.00,applied
10600,11,1,0,0,0.00,45.00,0,0.0000,34,0,34,34,0.00,applied
10600,12,1,0,0,0.00,45.00,0,0.0000,34,0,34,34,0.00,applied
10600,13,1,0,0,0.00,45.00,0,0.0000,34,0,34,34,0.00,applied
10600,14,2,63772,0,100.00,28.33,49,0.0000,6309956,6309956,51,6310007,60.18,applied
10600,15,2,63772,0,100.00,28.33,49,0.0000,6310085,6310085,34,6310119,60.18,applied
10600,16,2,63772,0,100.00,28.33,49,0.0000,6309959,6309959,51,6310010,60.18,applied
10600,17,2,63772,0,100.00,28.33,49,0.0000,6312167,6312167,51,6312218,60.20,applied
10600,18,2,63772,0,100.00,28.33,49,0.0000,6309965,6309965,51,6310016,60.18,applied
10600,19,2,63772,1128,87.76,28.33,43,0.0902,6309953,6309953,51,6310004,60.18,applied
10600,20,2,63772,1128,87.76,28.33,43,0.0902,6309953,6309953,51,6310004,60.18,applied
10600,21,2,63772,0,100.00,28.33,49,0.0000,6310490,6310490,51,6310541,60.18,applied
10600,22,2,63772,0,100.00,28.33,49,0.0000,6311092,6311092,51,6311143,60.19,applied
10600,23,2,63772,0,100.00,28.33,49,0.0000,6309956,6309956,51,6310007,60.18,applied
10600,24,2,63772,1128,87.76,28.33,43,0.0902,6309955,6309955,51,6310006,60.18,applied
10600,25,2,63772,1692,81.63,28.33,40,0.1354,6309955,6309955,51,6310006,60.18,applied
10600,26,2,63772,0,100.00,28.33,49,0.0000,6309955,6309955,51,6310006,60.18,applied
10600,27,2,63772,0,100.00,28.33,49,0.0000,6310096,6310096,51,6310147,60.18,applied
10600,28,2,63772,0,100.00,28.33,49,0.0000,6310117,6310117,51,6310168,60.18,applied
10600,29,2,63772,0,100.00,28.33,49,0.0000,6311827,6311827,51,6311878,60.19,applied
10600,30,2,63772,0,100.00,28.33,49,0.0000,6309955,6309955,51,6310006,60.18,applied
10600,31,2,63772,1128,87.76,28.33,43,0.0902,6309954,6309954,51,6310005,60.18,applied
10600,32,2,63772,0,100.00,28.33,49,0.0000,6309954,6309954,51,6310005,60.18,applied
10600,33,2,63772,0,100.00,28.33,49,0.0000,6311433,6311433,51,6311484,60.19,applied
