timestamp,ueImsi,sliceId,dTxBytes,dRxBytes,plr,resourceSharePct,dLostPackets,throughputMbps,bufferBytes
1510,1,0,18336,15280,16.67,43.85,2,12.2240,2759
1510,2,0,18336,0,100.00,43.85,12,0.0000,1718136
1510,3,0,18336,0,100.00,43.85,12,0.0000,1680366
1510,4,0,18336,15280,16.67,43.85,2,12.2240,1236
1510,5,0,18336,0,100.00,43.85,12,0.0000,1686254
1510,6,1,390,390,0.00,32.41,0,0.3120,87
1510,7,1,390,390,0.00,32.41,0,0.3120,87
1510,8,1,390,390,0.00,32.41,0,0.3120,87
1510,9,1,390,390,0.00,32.41,0,0.3120,87
1510,10,1,390,0,100.00,32.41,5,0.0000,579
1510,11,2,384,256,33.33,23.74,1,0.2048,137
1510,12,2,384,256,33.33,23.74,1,0.2048,137
1510,13,2,384,0,100.00,23.74,3,0.0000,1155
1510,14,2,384,640,0.00,23.74,0,0.5120,137
1510,15,2,384,0,100.00,23.74,3,0.0000,1833
1510,16,2,384,0,100.00,23.74,3,0.0000,137
1510,17,2,384,0,100.00,23.74,3,0.0000,380
1510,18,2,384,0,100.00,23.74,3,0.0000,137
1510,19,2,384,256,33.33,23.74,1,0.2048,137
1510,20,2,384,256,33.33,23.74,1,0.2048,137
