timestamp,ueImsi,sliceId,dTxBytes,dRxBytes,plr,resourceSharePct,dLostPackets,throughputMbps,bufferBytes
1510,1,0,35144,33616,4.35,35.55,1,26.8928,652421
1510,2,0,35144,38200,0.00,35.55,0,30.5600,51198
1510,3,1,1014,702,30.77,26.78,4,0.5616,333
1510,4,1,1014,702,30.77,26.78,4,0.5616,333
1510,5,2,256,256,0.00,37.67,0,0.2048,137
1510,6,2,256,256,0.00,37.67,0,0.2048,137
1510,7,2,256,256,0.00,37.67,0,0.2048,137
1510,8,2,256,0,100.00,37.67,2,0.0000,137
1510,9,2,256,256,0.00,37.67,0,0.2048,137
1510,10,2,256,256,0.00,37.67,0,0.2048,137
