timestamp,ueImsi,sliceId,dTxBytes,dRxBytes,plr,resourceSharePct,dLostPackets,throughputMbps,bufferBytes
560,1,0,24448,1528,93.75,35.21,15,1.2224,136379
560,2,0,24448,1528,93.75,35.21,15,1.2224,136394
560,3,0,24448,1528,93.75,35.21,15,1.2224,136449
560,4,0,24448,1528,93.75,35.21,15,1.2224,136442
560,5,0,24448,1528,93.75,35.21,15,1.2224,136344
560,6,1,780,624,20.00,45.51,2,0.4992,87
560,7,1,780,624,20.00,45.51,2,0.4992,87
560,8,1,780,624,20.00,45.51,2,0.4992,87
560,9,1,780,624,20.00,45.51,2,0.4992,87
560,10,1,780,624,20.00,45.51,2,0.4992,87
560,11,2,16000,512,96.80,19.29,121,0.4096,91078
560,12,2,16000,512,96.80,19.29,121,0.4096,91078
560,13,2,16000,512,96.80,19.29,121,0.4096,91070
560,14,2,16000,512,96.80,19.29,121,0.4096,91070
560,15,2,16000,512,96.80,19.29,121,0.4096,91131
560,16,2,16000,512,96.80,19.29,121,0.4096,91125
560,17,2,16000,512,96.80,19.29,121,0.4096,91125
560,18,2,16000,512,96.80,19.29,121,0.4096,91125
560,19,2,16000,512,96.80,19.29,121,0.4096,91022
560,20,2,16000,512,96.80,19.29,121,0.4096,91022
