timestamp,sliceId,dedicatedPRB,minPRB,maxPRB
510,0,43.06121049952822,43.06121049952822,100.0
510,1,32.794921396785995,32.794921396785995,100.0
510,2,24.14386810368578,24.14386810368578,100.0
520,0,26.012588920610057,26.012588920610057,100.0
520,1,50.9851679210211,50.9851679210211,100.0
520,2,23.002243158368834,23.002243158368834,100.0
530,0,46.1789380917046,46.1789380917046,100.0
530,1,28.731290592637947,28.731290592637947,100.0
530,2,25.089771315657444,25.089771315657444,100.0
540,0,22.575889199038755,22.575889199038755,100.0
540,1,30.886625481899898,30.886625481899898,100.0
540,2,46.537485319061346,46.537485319061346,100.0
550,0,36.40786511697859,36.40786511697859,100.0
550,1,34.049373023362286,34.049373023362286,100.0
550,2,29.542761859659127,29.542761859659127,100.0
560,0,24.32048251577083,24.32048251577083,100.0
560,1,39.0749706426967,39.0749706426967,100.0
560,2,36.604546841532475,36.604546841532475,100.0
570,0,27.320160980200942,27.320160980200942,100.0
570,1,48.76127894573562,48.76127894573562,100.0
570,2,23.918560074063443,23.918560074063443,100.0
580,0,28.310020492136033,28.310020492136033,100.0
580,1,45.80420756257624,45.80420756257624,100.0
580,2,25.88577194528773,25.88577194528773,100.0
590,0,29.951662016972318,29.951662016972318,100.0
590,1,29.133239130133994,29.133239130133994,100.0
590,2,40.91509885289369,40.91509885289369,100.0
