timestamp,ueImsi,sliceId,dTxBytes,dRxBytes,plr,resourceSharePct,dLostPackets,throughputMbps,bufferBytes
560,1,0,24448,1528,93.75,24.14,15,1.2224,135045
560,2,0,24448,1528,93.75,24.14,15,1.2224,135062
560,3,0,24448,1528,93.75,24.14,15,1.2224,134948
560,4,0,24448,1528,93.75,24.14,15,1.2224,134946
560,5,0,24448,1528,93.75,24.14,15,1.2224,134967
560,6,1,390,312,20.00,25.66,1,0.2496,169
560,7,1,390,312,20.00,25.66,1,0.2496,169
560,8,1,390,312,20.00,25.66,1,0.2496,169
560,9,1,390,312,20.00,25.66,1,0.2496,169
560,10,1,390,312,20.00,25.66,1,0.2496,169
560,11,2,16000,1152,92.80,50.19,116,0.9216,89907
560,12,2,16000,1152,92.80,50.19,116,0.9216,89907
560,13,2,16000,1280,92.00,50.19,115,1.0240,89930
560,14,2,16000,1280,92.00,50.19,115,1.0240,89933
560,15,2,16000,1280,92.00,50.19,115,1.0240,89870
560,16,2,16000,1152,92.80,50.19,116,0.9216,89878
560,17,2,16000,1280,92.00,50.19,115,1.0240,89869
560,18,2,16000,1280,92.00,50.19,115,1.0240,89870
560,19,2,16000,1152,92.80,50.19,116,0.9216,89984
560,20,2,16000,1152,92.80,50.19,116,0.9216,89875
