timestamp,ueImsi,sliceId,dTxBytes,dRxBytes,plr,resourceSharePct,dLostPackets,throughputMbps,bufferBytes
560,1,0,24448,1528,93.75,30.71,15,1.2224,136691
560,2,0,24448,1528,93.75,30.71,15,1.2224,136705
560,3,0,24448,1528,93.75,30.71,15,1.2224,136600
560,4,0,24448,1528,93.75,30.71,15,1.2224,136599
560,5,0,24448,1528,93.75,30.71,15,1.2224,136686
560,6,1,390,312,20.00,42.38,1,0.2496,169
560,7,1,390,312,20.00,42.38,1,0.2496,169
560,8,1,390,312,20.00,42.38,1,0.2496,169
560,9,1,390,312,20.00,42.38,1,0.2496,169
560,10,1,390,312,20.00,42.38,1,0.2496,169
560,11,2,16000,896,94.40,26.91,118,0.7168,90220
560,12,2,16000,896,94.40,26.91,118,0.7168,90220
560,13,2,16000,768,95.20,26.91,119,0.6144,90215
560,14,2,16000,896,94.40,26.91,118,0.7168,90198
560,15,2,16000,768,95.20,26.91,119,0.6144,90175
560,16,2,16000,768,95.20,26.91,119,0.6144,90176
560,17,2,16000,896,94.40,26.91,118,0.7168,90185
560,18,2,16000,768,95.20,26.91,119,0.6144,90179
560,19,2,16000,768,95.20,26.91,119,0.6144,90263
560,20,2,16000,768,95.20,26.91,119,0.6144,90164
