timestamp,ueImsi,sliceId,dTxBytes,dRxBytes,plr,resourceSharePct,dLostPackets,throughputMbps,bufferBytes,dlBufferBytes,ulBufferBytes,macBufferBytes,congestionPct,lastDrlActionStatus
10600,1,0,194844,128,99.42,31.66,172,0.0102,1199842,197847,1199842,1397689,13.33,applied
10600,2,0,194844,128,99.42,31.66,172,0.0102,1199885,197833,1199885,1397718,13.33,applied
10600,3,0,194844,39424,80.92,31.66,140,3.1539,1200005,197836,1200005,1397841,13.33,applied
10600,4,0,194844,128,99.42,31.66,172,0.0102,1200005,201692,1200005,1401697,13.37,applied
10600,5,0,194844,8724,95.38,31.66,165,0.6979,1200005,197832,1200005,1397837,13.33,applied
10600,6,1,0,0,0.00,25.00,0,0.0000,34,0,34,34,0.00,applied
10600,7,1,0,0,0.00,25.00,0,0.0000,147,0,147,147,0.00,applied
10600,8,1,0,0,0.00,25.00,0,0.0000,34,0,34,34,0.00,applied
10600,9,1,0,0,0.00,25.00,0,0.0000,34,0,34,34,0.00,applied
10600,10,1,0,0,0.00,25.00,0,0.0000,34,0,34,34,0.00,applied
10600,11,1,0,0,0.00,25.00,0,0.0000,34,0,34,34,0.00,applied
10600,12,1,0,0,0.00,25.00,0,0.0000,34,0,34,34,0.00,applied
10600,13,1,0,0,0.00,25.00,0,0.0000,34,0,34,34,0.00,applied
10600,14,2,63772,0,100.00,43.33,49,0.0000,6447981,6447981,51,6448032,61.49,applied
10600,15,2,63772,0,100.00,43.33,49,0.0000,6448034,6448034,34,6448068,61.49,applied
10600,16,2,63772,0,100.00,43.33,49,0.0000,6447979,6447979,51,6448030,61.49,applied
10600,17,2,63772,0,100.00,43.33,49,0.0000,6450978,6450978,51,6451029,61.52,applied
10600,18,2,63772,0,100.00,43.33,49,0.0000,6447991,6447991,51,6448042,61.49,applied
10600,19,2,63772,940,89.80,43.33,44,0.0752,6447974,6447974,51,6448025,61.49,applied
10600,20,2,63772,940,89.80,43.33,44,0.0752,6447973,6447973,51,6448024,61.49,applied
10600,21,2,63772,0,100.00,43.33,49,0.0000,6448666,6448666,51,6448717,61.50,applied
10600,22,2,63772,0,100.00,43.33,49,0.0000,6449488,6449488,51,6449539,61.51,applied
10600,23,2,63772,0,100.00,43.33,49,0.0000,6447972,6447972,51,6448023,61.49,applied
10600,24,2,63772,940,89.80,43.33,44,0.0752,6447968,6447968,51,6448019,61.49,applied
10600,25,2,63772,752,91.84,43.33,45,0.0602,6447976,6447976,33,6448009,61.49,applied
10600,26,2,63772,0,100.00,43.33,49,0.0000,6447976,6447976,51,6448027,61.49,applied
10600,27,2,63772,0,100.00,43.33,49,0.0000,6448107,6448107,51,6448158,61.49,applied
10600,28,2,63772,0,100.00,43.33,49,0.0000,6448099,6448099,51,6448150,61.49,applied
10600,29,2,63772,0,100.00,43.33,49,0.0000,6450642,6450642,51,6450693,61.52,applied
10600,30,2,63772,0,100.00,43.33,49,0.0000,6447976,6447976,51,6448027,61.49,applied
10600,31,2,63772,940,89.80,43.33,44,0.0752,6447984,6447984,51,6448035,61.49,applied
10600,32,2,63772,0,100.00,43.33,49,0.0000,6447976,6447976,51,6448027,61.49,applied
10600,33,2,63772,0,100.00,43.33,49,0.0000,6450115,6450115,51,6450166,61.51,applied
