timestamp,ueImsi,sliceId,dTxBytes,dRxBytes,plr,resourceSharePct,dLostPackets,throughputMbps,bufferBytes
610,1,0,25976,4584,82.35,24.02,14,3.6672,241286
610,2,0,25976,4584,82.35,24.02,14,3.6672,241192
610,3,0,25976,4584,82.35,24.02,14,3.6672,241207
610,4,0,25976,4584,82.35,24.02,14,3.6672,241199
610,5,0,25976,4584,82.35,24.02,14,3.6672,241211
610,6,1,390,390,0.00,54.06,0,0.3120,87
610,7,1,390,390,0.00,54.06,0,0.3120,87
610,8,1,390,390,0.00,54.06,0,0.3120,87
610,9,1,390,390,0.00,54.06,0,0.3120,87
610,10,1,390,390,0.00,54.06,0,0.3120,87
610,11,2,16000,1792,88.80,21.91,111,1.4336,156956
610,12,2,16000,1792,88.80,21.91,111,1.4336,156952
610,13,2,16000,1792,88.80,21.91,111,1.4336,156963
610,14,2,16000,1792,88.80,21.91,111,1.4336,156905
610,15,2,16000,1792,88.80,21.91,111,1.4336,156923
610,16,2,16000,1792,88.80,21.91,111,1.4336,157034
610,17,2,16000,1792,88.80,21.91,111,1.4336,157027
610,18,2,16000,1792,88.80,21.91,111,1.4336,156961
610,19,2,16000,1792,88.80,21.91,111,1.4336,156913
610,20,2,16000,1920,88.00,21.91,110,1.5360,156899
