timestamp,ueImsi,sliceId,dTxBytes,dRxBytes,plr,resourceSharePct,dLostPackets,throughputMbps,bufferBytes
560,1,0,24448,4584,81.25,45.98,13,3.6672,126530
560,2,0,24448,4584,81.25,45.98,13,3.6672,126526
560,3,0,24448,4584,81.25,45.98,13,3.6672,126528
560,4,0,24448,3056,87.50,45.98,14,2.4448,126452
560,5,0,24448,3056,87.50,45.98,14,2.4448,126463
560,6,1,390,390,0.00,28.58,0,0.3120,87
560,7,1,390,390,0.00,28.58,0,0.3120,87
560,8,1,390,390,0.00,28.58,0,0.3120,87
560,9,1,390,390,0.00,28.58,0,0.3120,87
560,10,1,390,390,0.00,28.58,0,0.3120,87
560,11,2,16000,1280,92.00,25.45,115,1.0240,85292
560,12,2,16000,1280,92.00,25.45,115,1.0240,85308
560,13,2,16000,1280,92.00,25.45,115,1.0240,85300
560,14,2,16000,1280,92.00,25.45,115,1.0240,85357
560,15,2,16000,1280,92.00,25.45,115,1.0240,85274
560,16,2,16000,1280,92.00,25.45,115,1.0240,85346
560,17,2,16000,1280,92.00,25.45,115,1.0240,85352
560,18,2,16000,1280,92.00,25.45,115,1.0240,85305
560,19,2,16000,1280,92.00,25.45,115,1.0240,85348
560,20,2,16000,1280,92.00,25.45,115,1.0240,85348
