timestamp,ueImsi,sliceId,dTxBytes,dRxBytes,plr,resourceSharePct,dLostPackets,throughputMbps,bufferBytes
560,1,0,24448,1528,93.75,36.67,15,1.2224,136861
560,2,0,24448,1528,93.75,36.67,15,1.2224,135512
560,3,0,24448,1528,93.75,36.67,15,1.2224,135574
560,4,0,24448,1528,93.75,36.67,15,1.2224,134895
560,5,0,24448,1528,93.75,36.67,15,1.2224,134797
560,6,1,780,624,20.00,50.00,2,0.4992,87
560,7,1,780,624,20.00,50.00,2,0.4992,87
560,8,1,780,624,20.00,50.00,2,0.4992,87
560,9,1,780,624,20.00,50.00,2,0.4992,87
560,10,1,780,624,20.00,50.00,2,0.4992,87
560,11,2,16000,0,100.00,13.33,125,0.0000,92952
560,12,2,16000,128,99.20,13.33,124,0.1024,93034
560,13,2,16000,128,99.20,13.33,124,0.1024,92264
560,14,2,16000,384,97.60,13.33,122,0.3072,91821
560,15,2,16000,512,96.80,13.33,121,0.4096,91493
560,16,2,16000,512,96.80,13.33,121,0.4096,91013
560,17,2,16000,512,96.80,13.33,121,0.4096,91005
560,18,2,16000,512,96.80,13.33,121,0.4096,91005
560,19,2,16000,512,96.80,13.33,121,0.4096,90995
560,20,2,16000,512,96.80,13.33,121,0.4096,91002
