timestamp,sliceId,dedicatedPRB,minPRB,maxPRB
600,0,48.36117511897135,48.36117511897135,100.0
600,1,29.620678081238623,29.620678081238623,100.0
600,2,22.01814679979002,22.01814679979002,100.0
700,0,47.84737333731511,47.84737333731511,100.0
700,1,28.97463812152174,28.97463812152174,100.0
700,2,23.177988541163145,23.177988541163145,100.0
800,0,22.802158976607124,22.802158976607124,100.0
800,1,27.95414879696214,27.95414879696214,100.0
800,2,49.24369222643074,49.24369222643074,100.0
900,0,35.99714217296499,35.99714217296499,100.0
900,1,35.151649554092,35.151649554092,100.0
900,2,28.851208272943,28.851208272943,100.0
1000,0,39.55001733786043,39.55001733786043,100.0
1000,1,30.139030474065827,30.139030474065827,100.0
1000,2,30.310952188073735,30.310952188073735,100.0
1100,0,34.25690495453472,34.25690495453472,100.0
1100,1,43.910549661583964,43.910549661583964,100.0
1100,2,21.832545383881317,21.832545383881317,100.0
1200,0,31.356241286598085,31.356241286598085,100.0
1200,1,35.660890948207495,35.660890948207495,100.0
1200,2,32.98286776519443,32.98286776519443,100.0
1300,0,28.08810769118908,28.08810769118908,100.0
1300,1,37.056422325062485,37.056422325062485,100.0
1300,2,34.855469983748435,34.855469983748435,100.0
1400,0,35.448149189012945,35.448149189012945,100.0
1400,1,36.308339609304475,36.308339609304475,100.0
1400,2,28.24351120168258,28.24351120168258,100.0
1500,0,27.21373640092407,27.21373640092407,100.0
1500,1,28.65657777832754,28.65657777832754,100.0
1500,2,44.129685820748385,44.129685820748385,100.0
1600,0,31.6741449230997,31.6741449230997,100.0
1600,1,41.67094984897561,41.67094984897561,100.0
1600,2,26.654905227924697,26.654905227924697,100.0
1700,0,31.453704941760208,31.453704941760208,100.0
1700,1,26.194959419716835,26.194959419716835,100.0
1700,2,42.351335638522954,42.351335638522954,100.0
1800,0,49.25915733617278,49.25915733617278,100.0
1800,1,31.846307007926445,31.846307007926445,100.0
1800,2,18.894535655900775,18.894535655900775,100.0
1900,0,34.44780699462256,34.44780699462256,100.0
1900,1,31.68587513532568,31.68587513532568,100.0
1900,2,33.866317870051766,33.866317870051766,100.0
2000,0,37.645618082032115,37.645618082032115,100.0
2000,1,31.34923100652992,31.34923100652992,100.0
2000,2,31.00515091143797,31.00515091143797,100.0
2100,0,38.425012315478604,38.425012315478604,100.0
2100,1,26.803762867321208,26.803762867321208,100.0
2100,2,34.7712248172002,34.7712248172002,100.0
2200,0,46.59630226960994,46.59630226960994,100.0
2200,1,30.39925790634848,30.39925790634848,100.0
2200,2,23.00443982404158,23.00443982404158,100.0
2300,0,25.385786926107667,25.385786926107667,100.0
2300,1,52.69677528330362,52.69677528330362,100.0
2300,2,21.917437790588707,21.917437790588707,100.0
2400,0,45.999253743020795,45.999253743020795,100.0
2400,1,32.198917202104965,32.198917202104965,100.0
2400,2,21.80182905487424,21.80182905487424,100.0
2500,0,24.38818758736252,24.38818758736252,100.0
2500,1,27.70724748352546,27.70724748352546,100.0
2500,2,47.90456492911202,47.90456492911202,100.0
2600,0,27.93625533466595,27.93625533466595,100.0
2600,1,35.70357364536971,35.70357364536971,100.0
2600,2,36.360171019964355,36.360171019964355,100.0
2700,0,30.701974863808545,30.701974863808545,100.0
2700,1,42.025539652098495,42.025539652098495,100.0
2700,2,27.272485484092957,27.272485484092957,100.0
2800,0,35.165541531083704,35.165541531083704,100.0
2800,1,24.44103615880565,24.44103615880565,100.0
2800,2,40.393422310110644,40.393422310110644,100.0
2900,0,43.716401095617854,43.716401095617854,100.0
2900,1,27.3710017362817,27.3710017362817,100.0
2900,2,28.91259716810045,28.91259716810045,100.0
3000,0,44.33697433881645,44.33697433881645,100.0
3000,1,27.15480946153731,27.15480946153731,100.0
3000,2,28.50821619964624,28.50821619964624,100.0
3100,0,23.319680915688593,23.319680915688593,100.0
3100,1,34.746114600361366,34.746114600361366,100.0
3100,2,41.93420448395004,41.93420448395004,100.0
3200,0,24.781884390013158,24.781884390013158,100.0
3200,1,44.953174272384835,44.953174272384835,100.0
3200,2,30.264941337602004,30.264941337602004,100.0
3300,0,32.18262378951675,32.18262378951675,100.0
3300,1,39.21746569680272,39.21746569680272,100.0
3300,2,28.599910513680538,28.599910513680538,100.0
3400,0,31.567671542832382,31.567671542832382,100.0
3400,1,32.71554649579255,32.71554649579255,100.0
3400,2,35.71678196137507,35.71678196137507,100.0
3500,0,25.30805034033753,25.30805034033753,100.0
3500,1,53.470625452126995,53.470625452126995,100.0
3500,2,21.221324207535474,21.221324207535474,100.0
3600,0,28.79084488757439,28.79084488757439,100.0
3600,1,32.40092655420701,32.40092655420701,100.0
3600,2,38.8082285582186,38.8082285582186,100.0
3700,0,35.148039458037914,35.148039458037914,100.0
3700,1,35.84375999072882,35.84375999072882,100.0
3700,2,29.008200551233266,29.008200551233266,100.0
3800,0,26.24233311128971,26.24233311128971,100.0
3800,1,44.49725670141933,44.49725670141933,100.0
3800,2,29.260410187290965,29.260410187290965,100.0
3900,0,29.087273093337217,29.087273093337217,100.0
3900,1,35.34897989037798,35.34897989037798,100.0
3900,2,35.56374701628479,35.56374701628479,100.0
4000,0,22.172031496636414,22.172031496636414,100.0
4000,1,33.1040304921412,33.1040304921412,100.0
4000,2,44.72393801122239,44.72393801122239,100.0
4100,0,24.370187643179715,24.370187643179715,100.0
4100,1,48.880574935056245,48.880574935056245,100.0
4100,2,26.749237421764043,26.749237421764043,100.0
4200,0,33.373928511557935,33.373928511557935,100.0
4200,1,31.011942421770456,31.011942421770456,100.0
4200,2,35.614129066671616,35.614129066671616,100.0
4300,0,40.14961565114854,40.14961565114854,100.0
4300,1,38.8490895479443,38.8490895479443,100.0
4300,2,21.001294800907154,21.001294800907154,100.0
4400,0,22.973589199429064,22.973589199429064,100.0
4400,1,43.97979183980397,43.97979183980397,100.0
4400,2,33.04661896076696,33.04661896076696,100.0
4500,0,31.664383776929345,31.664383776929345,100.0
4500,1,38.81212670708778,38.81212670708778,100.0
4500,2,29.52348951598288,29.52348951598288,100.0
4600,0,32.52978402551513,32.52978402551513,100.0
4600,1,45.47402348228117,45.47402348228117,100.0
4600,2,21.996192492203704,21.996192492203704,100.0
4700,0,27.24764355471434,27.24764355471434,100.0
4700,1,40.7319775086861,40.7319775086861,100.0
4700,2,32.020378936599556,32.020378936599556,100.0
4800,0,32.230225002724836,32.230225002724836,100.0
4800,1,46.76241877328966,46.76241877328966,100.0
4800,2,21.00735622398551,21.00735622398551,100.0
4900,0,47.350281853178835,47.350281853178835,100.0
4900,1,26.70264304058469,26.70264304058469,100.0
4900,2,25.94707510623649,25.94707510623649,100.0
5000,0,38.88808313420513,38.88808313420513,100.0
5000,1,36.90032253098902,36.90032253098902,100.0
5000,2,24.21159433480585,24.21159433480585,100.0
5100,0,28.446838585492667,28.446838585492667,100.0
5100,1,35.607707769453775,35.607707769453775,100.0
5100,2,35.94545364505355,35.94545364505355,100.0
5200,0,21.666562513047836,21.666562513047836,100.0
5200,1,36.016013016330085,36.016013016330085,100.0
5200,2,42.31742447062208,42.31742447062208,100.0
5300,0,23.357363423025316,23.357363423025316,100.0
5300,1,29.93077163971024,29.93077163971024,100.0
5300,2,46.711864937264444,46.711864937264444,100.0
5400,0,44.77062457250954,44.77062457250954,100.0
5400,1,29.388850973185914,29.388850973185914,100.0
5400,2,25.840524454304553,25.840524454304553,100.0
5500,0,50.07946065129792,50.07946065129792,100.0
5500,1,27.040815109569614,27.040815109569614,100.0
5500,2,22.879724239132457,22.879724239132457,100.0
5600,0,23.001106353502283,23.001106353502283,100.0
5600,1,48.56945521808733,48.56945521808733,100.0
5600,2,28.429438428410403,28.429438428410403,100.0
5700,0,28.953374988190934,28.953374988190934,100.0
5700,1,32.58241360577746,32.58241360577746,100.0
5700,2,38.464211406031616,38.464211406031616,100.0
5800,0,24.081610059254917,24.081610059254917,100.0
5800,1,44.967009902747954,44.967009902747954,100.0
5800,2,30.951380037997133,30.951380037997133,100.0
5900,0,31.64831801057234,31.64831801057234,100.0
5900,1,33.95513327127233,33.95513327127233,100.0
5900,2,34.39654871815534,34.39654871815534,100.0
6000,0,34.814202848254965,34.814202848254965,100.0
6000,1,36.17208518450363,36.17208518450363,100.0
6000,2,29.013711967241402,29.013711967241402,100.0
6100,0,23.072762768953332,23.072762768953332,100.0
6100,1,56.86368787037356,56.86368787037356,100.0
6100,2,20.06354936067311,20.06354936067311,100.0
6200,0,34.18710985287708,34.18710985287708,100.0
6200,1,40.41312638425456,40.41312638425456,100.0
6200,2,25.39976376286836,25.39976376286836,100.0
6300,0,28.72503036903109,28.72503036903109,100.0
6300,1,48.39951877363006,48.39951877363006,100.0
6300,2,22.87545085733886,22.87545085733886,100.0
6400,0,28.97118505852434,28.97118505852434,100.0
6400,1,39.02320521767167,39.02320521767167,100.0
6400,2,32.005609723803985,32.005609723803985,100.0
6500,0,35.608423436778835,35.608423436778835,100.0
6500,1,32.01705703697012,32.01705703697012,100.0
6500,2,32.374519526251035,32.374519526251035,100.0
6600,0,47.39264635544954,47.39264635544954,100.0
6600,1,27.628134899851997,27.628134899851997,100.0
6600,2,24.979218744698457,24.979218744698457,100.0
6700,0,23.711837288379336,23.711837288379336,100.0
6700,1,29.330120126745275,29.330120126745275,100.0
6700,2,46.95804258487539,46.95804258487539,100.0
6800,0,21.829876431725516,21.829876431725516,100.0
6800,1,44.44617868920775,44.44617868920775,100.0
6800,2,33.723944879066735,33.723944879066735,100.0
6900,0,34.36964471859564,34.36964471859564,100.0
6900,1,40.330035909754685,40.330035909754685,100.0
6900,2,25.30031937164967,25.30031937164967,100.0
7000,0,36.2677800802259,36.2677800802259,100.0
7000,1,33.57438146514304,33.57438146514304,100.0
7000,2,30.157838454631058,30.157838454631058,100.0
7100,0,31.791269728845013,31.791269728845013,100.0
7100,1,33.343806834310044,33.343806834310044,100.0
7100,2,34.86492343684495,34.86492343684495,100.0
7200,0,34.96893035921196,34.96893035921196,100.0
7200,1,39.2844633765104,39.2844633765104,100.0
7200,2,25.746606264277638,25.746606264277638,100.0
7300,0,26.541164430064885,26.541164430064885,100.0
7300,1,33.91527108486294,33.91527108486294,100.0
7300,2,39.54356448507218,39.54356448507218,100.0
7400,0,42.602035232062704,42.602035232062704,100.0
7400,1,36.94212758901444,36.94212758901444,100.0
7400,2,20.45583717892285,20.45583717892285,100.0
7500,0,38.6197990674013,38.6197990674013,100.0
7500,1,26.123577213179605,26.123577213179605,100.0
7500,2,35.25662371941909,35.25662371941909,100.0
7600,0,53.95285800439781,53.95285800439781,100.0
7600,1,26.52793116119882,26.52793116119882,100.0
7600,2,19.519210834403378,19.519210834403378,100.0
7700,0,32.19906721696676,32.19906721696676,100.0
7700,1,29.94004672679579,29.94004672679579,100.0
7700,2,37.860886056237455,37.860886056237455,100.0
7800,0,25.176334286771223,25.176334286771223,100.0
7800,1,45.68440372661355,45.68440372661355,100.0
7800,2,29.13926198661522,29.13926198661522,100.0
7900,0,36.86547036157764,36.86547036157764,100.0
7900,1,36.637118731036374,36.637118731036374,100.0
7900,2,26.497410907385984,26.497410907385984,100.0
8000,0,32.30902788598843,32.30902788598843,100.0
8000,1,41.14408449277177,41.14408449277177,100.0
8000,2,26.546887621239808,26.546887621239808,100.0
8100,0,28.067212334981306,28.067212334981306,100.0
8100,1,45.01115725320767,45.01115725320767,100.0
8100,2,26.92163041181103,26.92163041181103,100.0
8200,0,36.26459863871061,36.26459863871061,100.0
8200,1,28.08310781401579,28.08310781401579,100.0
8200,2,35.6522935472736,35.6522935472736,100.0
8300,0,30.762714960973547,30.762714960973547,100.0
8300,1,39.37811248222059,39.37811248222059,100.0
8300,2,29.85917255680587,29.85917255680587,100.0
8400,0,27.439215986302678,27.439215986302678,100.0
8400,1,29.12796870122747,29.12796870122747,100.0
8400,2,43.432815312469856,43.432815312469856,100.0
8500,0,22.873118879009212,22.873118879009212,100.0
8500,1,34.244272397453926,34.244272397453926,100.0
8500,2,42.88260872353687,42.88260872353687,100.0
8600,0,33.78062143565359,33.78062143565359,100.0
8600,1,38.561721835316156,38.561721835316156,100.0
8600,2,27.657656729030254,27.657656729030254,100.0
8700,0,30.545774356453602,30.545774356453602,100.0
8700,1,36.38267802012908,36.38267802012908,100.0
8700,2,33.07154762341732,33.07154762341732,100.0
8800,0,21.970881734682635,21.970881734682635,100.0
8800,1,51.62691371853562,51.62691371853562,100.0
8800,2,26.40220454678175,26.40220454678175,100.0
8900,0,34.92888406320399,34.92888406320399,100.0
8900,1,26.81142026568919,26.81142026568919,100.0
8900,2,38.25969567110682,38.25969567110682,100.0
9000,0,31.08658170555979,31.08658170555979,100.0
9000,1,34.54599788624443,34.54599788624443,100.0
9000,2,34.367420408195784,34.367420408195784,100.0
9100,0,29.759971239098366,29.759971239098366,100.0
9100,1,34.56047423945486,34.56047423945486,100.0
9100,2,35.67955452144677,35.67955452144677,100.0
9200,0,34.11497078680738,34.11497078680738,100.0
9200,1,29.669649016349688,29.669649016349688,100.0
9200,2,36.215380196842936,36.215380196842936,100.0
9300,0,25.79381802630557,25.79381802630557,100.0
9300,1,36.52176063284468,36.52176063284468,100.0
9300,2,37.68442134084975,37.68442134084975,100.0
9400,0,37.803404869918786,37.803404869918786,100.0
9400,1,42.886277755433625,42.886277755433625,100.0
9400,2,19.310317374647596,19.310317374647596,100.0
9500,0,30.975681990079647,30.975681990079647,100.0
9500,1,39.60774846991586,39.60774846991586,100.0
9500,2,29.416569540004506,29.416569540004506,100.0
9600,0,30.852819192986537,30.852819192986537,100.0
9600,1,47.23681326733274,47.23681326733274,100.0
9600,2,21.910367539680717,21.910367539680717,100.0
9700,0,23.84161598973103,23.84161598973103,100.0
9700,1,34.43449736870331,34.43449736870331,100.0
9700,2,41.72388664156566,41.72388664156566,100.0
9800,0,35.158320362957475,35.158320362957475,100.0
9800,1,40.875780565108414,40.875780565108414,100.0
9800,2,23.96589907193411,23.96589907193411,100.0
9900,0,39.69551693380071,39.69551693380071,100.0
9900,1,28.79201269033562,28.79201269033562,100.0
9900,2,31.51247037586367,31.51247037586367,100.0
