timestamp,ueImsi,sliceId,dTxBytes,dRxBytes,plr,resourceSharePct,dLostPackets,throughputMbps,bufferBytes
1510,1,0,35144,41256,0.00,66.67,0,33.0048,1443008
1510,2,0,35144,48896,0.00,66.67,0,39.1168,1153803
1510,3,1,1014,858,15.38,20.00,2,0.6864,105
1510,4,1,1014,858,15.38,20.00,2,0.6864,113
1510,5,2,256,128,50.00,13.34,1,0.1024,92
1510,6,2,256,256,0.00,13.34,0,0.2048,92
1510,7,2,256,256,0.00,13.34,0,0.2048,85
1510,8,2,256,0,100.00,13.34,2,0.0000,137
1510,9,2,256,256,0.00,13.34,0,0.2048,92
1510,10,2,256,256,0.00,13.34,0,0.2048,92
