timestamp,ueImsi,sliceId,dTxBytes,dRxBytes,plr,resourceSharePct,dLostPackets,throughputMbps,bufferBytes
560,1,0,24448,4584,81.25,35.67,13,3.6672,127702
560,2,0,24448,4584,81.25,35.67,13,3.6672,127721
560,3,0,24448,4584,81.25,35.67,13,3.6672,127722
560,4,0,24448,4584,81.25,35.67,13,3.6672,127699
560,5,0,24448,4584,81.25,35.67,13,3.6672,127611
560,6,1,390,390,0.00,38.28,0,0.3120,87
560,7,1,390,390,0.00,38.28,0,0.3120,87
560,8,1,390,390,0.00,38.28,0,0.3120,87
560,9,1,390,390,0.00,38.28,0,0.3120,87
560,10,1,390,390,0.00,38.28,0,0.3120,87
560,11,2,16000,1408,91.20,26.05,114,1.1264,85590
560,12,2,16000,1408,91.20,26.05,114,1.1264,85598
560,13,2,16000,1408,91.20,26.05,114,1.1264,85590
560,14,2,16000,1408,91.20,26.05,114,1.1264,85546
560,15,2,16000,1408,91.20,26.05,114,1.1264,85555
560,16,2,16000,1536,90.40,26.05,113,1.2288,85539
560,17,2,16000,1536,90.40,26.05,113,1.2288,85528
560,18,2,16000,1408,91.20,26.05,114,1.1264,85482
560,19,2,16000,1536,90.40,26.05,113,1.2288,85530
560,20,2,16000,1408,91.20,26.05,114,1.1264,85554
