timestamp,ueImsi,sliceId,dTxBytes,dRxBytes,plr,resourceSharePct,dLostPackets,throughputMbps,bufferBytes
1280,1,0,24448,4584,81.25,41.16,13,3.6672,1807446
1280,2,0,24448,4584,81.25,41.16,13,3.6672,1807427
1280,3,0,24448,4584,81.25,41.16,13,3.6672,1807451
1280,4,0,24448,3056,87.50,41.16,14,2.4448,1807377
1280,5,0,24448,4584,81.25,41.16,13,3.6672,1807460
1280,6,1,390,312,20.00,40.36,1,0.2496,169
1280,7,1,390,312,20.00,40.36,1,0.2496,169
1280,8,1,390,312,20.00,40.36,1,0.2496,169
1280,9,1,390,312,20.00,40.36,1,0.2496,169
1280,10,1,390,312,20.00,40.36,1,0.2496,169
1280,11,2,16000,768,95.20,18.48,119,0.6144,1203935
1280,12,2,16000,768,95.20,18.48,119,0.6144,1203966
1280,13,2,16000,768,95.20,18.48,119,0.6144,1203936
1280,14,2,16000,768,95.20,18.48,119,0.6144,1203845
1280,15,2,16000,768,95.20,18.48,119,0.6144,1203876
1280,16,2,16000,768,95.20,18.48,119,0.6144,1203885
1280,17,2,16000,640,96.00,18.48,120,0.5120,1203922
1280,18,2,16000,640,96.00,18.48,120,0.5120,1203919
1280,19,2,16000,640,96.00,18.48,120,0.5120,1204019
1280,20,2,16000,640,96.00,18.48,120,0.5120,1204004
