timestamp,ueImsi,sliceId,dTxBytes,dRxBytes,plr,resourceSharePct,dLostPackets,throughputMbps,bufferBytes
1510,1,0,35144,41256,0.00,45.96,0,33.0048,352511
1510,2,0,35144,25976,26.09,45.96,6,20.7808,1615215
1510,3,1,1014,0,100.00,32.08,13,0.0000,87
1510,4,1,1014,936,7.69,32.08,1,0.7488,87
1510,5,2,256,0,100.00,21.96,2,0.0000,137
1510,6,2,256,256,0.00,21.96,0,0.2048,137
1510,7,2,256,256,0.00,21.96,0,0.2048,137
1510,8,2,256,0,100.00,21.96,2,0.0000,137
1510,9,2,256,0,100.00,21.96,2,0.0000,269
1510,10,2,256,256,0.00,21.96,0,0.2048,137
