timestamp,sliceId,dedicatedPRB,minPRB,maxPRB
510,0,25.770816729436895,25.770816729436895,100.0
510,1,38.14325532275652,38.14325532275652,100.0
510,2,36.08592794780658,36.08592794780658,100.0
520,0,41.28830801974567,41.28830801974567,100.0
520,1,28.13768027289153,28.13768027289153,100.0
520,2,30.574011707362796,30.574011707362796,100.0
530,0,40.424033678399105,40.424033678399105,100.0
530,1,40.48754942520018,40.48754942520018,100.0
530,2,19.088416896400716,19.088416896400716,100.0
540,0,26.8295606326704,26.8295606326704,100.0
540,1,39.05863467106664,39.05863467106664,100.0
540,2,34.11180469626295,34.11180469626295,100.0
550,0,29.006796511130815,29.006796511130815,100.0
550,1,32.63792483423191,32.63792483423191,100.0
550,2,38.35527865463727,38.35527865463727,100.0
560,0,49.50156916263542,49.50156916263542,100.0
560,1,27.534764264446622,27.534764264446622,100.0
560,2,22.963666572917962,22.963666572917962,100.0
570,0,47.26003743357071,47.26003743357071,100.0
570,1,29.963586954449497,29.963586954449497,100.0
570,2,22.776375611979795,22.776375611979795,100.0
580,0,45.01916640922988,45.01916640922988,100.0
580,1,33.40129209072167,33.40129209072167,100.0
580,2,21.579541500048446,21.579541500048446,100.0
590,0,32.01754140902848,32.01754140902848,100.0
590,1,44.785345538545386,44.785345538545386,100.0
590,2,23.197113052426133,23.197113052426133,100.0
600,0,34.36735303734097,34.36735303734097,100.0
600,1,47.72377594867766,47.72377594867766,100.0
600,2,17.908871013981358,17.908871013981358,100.0
610,0,24.31544207126294,24.31544207126294,100.0
610,1,33.16597908100175,33.16597908100175,100.0
610,2,42.51857884773531,42.51857884773531,100.0
620,0,37.707157013085194,37.707157013085194,100.0
620,1,42.67731082324782,42.67731082324782,100.0
620,2,19.615532163666984,19.615532163666984,100.0
630,0,33.54286805790709,33.54286805790709,100.0
630,1,31.33960092366023,31.33960092366023,100.0
630,2,35.11753101843268,35.11753101843268,100.0
640,0,36.98788340115883,36.98788340115883,100.0
640,1,41.38523353453095,41.38523353453095,100.0
640,2,21.626883064310228,21.626883064310228,100.0
650,0,37.37957955712996,37.37957955712996,100.0
650,1,28.781116660768767,28.781116660768767,100.0
650,2,33.839303782101275,33.839303782101275,100.0
660,0,24.321907290048635,24.321907290048635,100.0
660,1,40.915651029703994,40.915651029703994,100.0
660,2,34.76244168024737,34.76244168024737,100.0
670,0,26.01589518070841,26.01589518070841,100.0
670,1,33.66610046860597,33.66610046860597,100.0
670,2,40.31800435068562,40.31800435068562,100.0
680,0,31.787894968799957,31.787894968799957,100.0
680,1,43.08426886736437,43.08426886736437,100.0
680,2,25.12783616383567,25.12783616383567,100.0
690,0,33.85336741363577,33.85336741363577,100.0
690,1,36.276781638809936,36.276781638809936,100.0
690,2,29.869850947554287,29.869850947554287,100.0
700,0,29.62322863978624,29.62322863978624,100.0
700,1,46.862824825149616,46.862824825149616,100.0
700,2,23.513946535064147,23.513946535064147,100.0
710,0,48.19407579749742,48.19407579749742,100.0
710,1,31.306583060415527,31.306583060415527,100.0
710,2,20.499341142087058,20.499341142087058,100.0
720,0,40.628428368558,40.628428368558,100.0
720,1,34.8742986292197,34.8742986292197,100.0
720,2,24.497273002222297,24.497273002222297,100.0
730,0,44.94661762503951,44.94661762503951,100.0
730,1,34.19455604623227,34.19455604623227,100.0
730,2,20.858826328728213,20.858826328728213,100.0
740,0,23.638685231372982,23.638685231372982,100.0
740,1,48.12967971494106,48.12967971494106,100.0
740,2,28.231635053685967,28.231635053685967,100.0
750,0,24.287292256566378,24.287292256566378,100.0
750,1,42.99497995243604,42.99497995243604,100.0
750,2,32.717727790997586,32.717727790997586,100.0
760,0,23.035713930697067,23.035713930697067,100.0
760,1,47.96768090796953,47.96768090796953,100.0
760,2,28.99660516133341,28.99660516133341,100.0
770,0,29.081190971795646,29.081190971795646,100.0
770,1,46.46985811421734,46.46985811421734,100.0
770,2,24.44895091398702,24.44895091398702,100.0
780,0,29.935484885969466,29.935484885969466,100.0
780,1,33.692699948980334,33.692699948980334,100.0
780,2,36.3718151650502,36.3718151650502,100.0
790,0,29.512778153167513,29.512778153167513,100.0
790,1,48.36393767047216,48.36393767047216,100.0
790,2,22.123284176360325,22.123284176360325,100.0
800,0,37.80055383237563,37.80055383237563,100.0
800,1,38.57260700549715,38.57260700549715,100.0
800,2,23.62683916212723,23.62683916212723,100.0
810,0,45.89358468558221,45.89358468558221,100.0
810,1,30.86922196150287,30.86922196150287,100.0
810,2,23.237193352914915,23.237193352914915,100.0
820,0,22.17094014295045,22.17094014295045,100.0
820,1,39.663496339609864,39.663496339609864,100.0
820,2,38.16556351743969,38.16556351743969,100.0
830,0,43.73795241018439,43.73795241018439,100.0
830,1,36.359715533300104,36.359715533300104,100.0
830,2,19.902332056515508,19.902332056515508,100.0
840,0,20.88803455066283,20.88803455066283,100.0
840,1,43.75617936563396,43.75617936563396,100.0
840,2,35.35578608370321,35.35578608370321,100.0
850,0,38.3946141085089,38.3946141085089,100.0
850,1,42.203920915467585,42.203920915467585,100.0
850,2,19.401464976023515,19.401464976023515,100.0
860,0,22.779541713654393,22.779541713654393,100.0
860,1,30.52597718451161,30.52597718451161,100.0
860,2,46.69448110183399,46.69448110183399,100.0
870,0,31.476641441481068,31.476641441481068,100.0
870,1,39.233622666584374,39.233622666584374,100.0
870,2,29.28973589193457,29.28973589193457,100.0
880,0,29.352185454841518,29.352185454841518,100.0
880,1,32.78366844491445,32.78366844491445,100.0
880,2,37.864146100244035,37.864146100244035,100.0
890,0,31.92998334625078,31.92998334625078,100.0
890,1,46.452225895184796,46.452225895184796,100.0
890,2,21.617790758564425,21.617790758564425,100.0
900,0,27.632201396162117,27.632201396162117,100.0
900,1,40.63978622715838,40.63978622715838,100.0
900,2,31.728012376679505,31.728012376679505,100.0
910,0,33.33545008892461,33.33545008892461,100.0
910,1,31.692173620333218,31.692173620333218,100.0
910,2,34.972376290742176,34.972376290742176,100.0
920,0,29.456853009129624,29.456853009129624,100.0
920,1,30.480215495099834,30.480215495099834,100.0
920,2,40.062931495770535,40.062931495770535,100.0
930,0,48.38452188616666,48.38452188616666,100.0
930,1,31.299673479844394,31.299673479844394,100.0
930,2,20.315804633988957,20.315804633988957,100.0
940,0,36.82832965369517,36.82832965369517,100.0
940,1,28.834165174657773,28.834165174657773,100.0
940,2,34.33750517164707,34.33750517164707,100.0
950,0,30.782789193191583,30.782789193191583,100.0
950,1,33.39984098222871,33.39984098222871,100.0
950,2,35.8173698245797,35.8173698245797,100.0
960,0,51.05535126706165,51.05535126706165,100.0
960,1,29.208186615759413,29.208186615759413,100.0
960,2,19.736462117178927,19.736462117178927,100.0
970,0,34.18051285145394,34.18051285145394,100.0
970,1,32.46839512990157,32.46839512990157,100.0
970,2,33.35109201864448,33.35109201864448,100.0
980,0,23.127938568994487,23.127938568994487,100.0
980,1,42.829899812269176,42.829899812269176,100.0
980,2,34.04216161873633,34.04216161873633,100.0
990,0,25.366792917544707,25.366792917544707,100.0
990,1,28.77228370041869,28.77228370041869,100.0
990,2,45.86092338203661,45.86092338203661,100.0
1000,0,32.76042153950735,32.76042153950735,100.0
1000,1,27.88770505486956,27.88770505486956,100.0
1000,2,39.351873405623095,39.351873405623095,100.0
1010,0,21.115257569296265,21.115257569296265,100.0
1010,1,42.1096449348852,42.1096449348852,100.0
1010,2,36.77509749581853,36.77509749581853,100.0
1020,0,28.110241403941227,28.110241403941227,100.0
1020,1,29.97512507974908,29.97512507974908,100.0
1020,2,41.914633516309685,41.914633516309685,100.0
1030,0,29.602929267845763,29.602929267845763,100.0
1030,1,28.50850291015933,28.50850291015933,100.0
1030,2,41.88856782199492,41.88856782199492,100.0
1040,0,34.49225635234087,34.49225635234087,100.0
1040,1,38.58401187042572,38.58401187042572,100.0
1040,2,26.923731777233417,26.923731777233417,100.0
1050,0,35.03458729519306,35.03458729519306,100.0
1050,1,32.123658926935626,32.123658926935626,100.0
1050,2,32.841753777871304,32.841753777871304,100.0
1060,0,45.8058558812983,45.8058558812983,100.0
1060,1,30.27693171451262,30.27693171451262,100.0
1060,2,23.917212404189083,23.917212404189083,100.0
1070,0,22.991601401522793,22.991601401522793,100.0
1070,1,45.77643714330183,45.77643714330183,100.0
1070,2,31.231961455175384,31.231961455175384,100.0
1080,0,41.18245940450676,41.18245940450676,100.0
1080,1,32.223934617885405,32.223934617885405,100.0
1080,2,26.593605977607844,26.593605977607844,100.0
1090,0,35.12377848033217,35.12377848033217,100.0
1090,1,27.87551420813019,27.87551420813019,100.0
1090,2,37.00070731153764,37.00070731153764,100.0
1100,0,34.74330984179292,34.74330984179292,100.0
1100,1,39.349968153607065,39.349968153607065,100.0
1100,2,25.90672200460002,25.90672200460002,100.0
1110,0,34.34010229304446,34.34010229304446,100.0
1110,1,37.78583747440352,37.78583747440352,100.0
1110,2,27.874060232552022,27.874060232552022,100.0
1120,0,39.499129535639895,39.499129535639895,100.0
1120,1,32.89671577268196,32.89671577268196,100.0
1120,2,27.60415469167815,27.60415469167815,100.0
1130,0,46.773789515212144,46.773789515212144,100.0
1130,1,28.54434735144603,28.54434735144603,100.0
1130,2,24.681863133341835,24.681863133341835,100.0
1140,0,28.317744450826194,28.317744450826194,100.0
1140,1,38.99460808955726,38.99460808955726,100.0
1140,2,32.68764745961655,32.68764745961655,100.0
1150,0,20.925241947680327,20.925241947680327,100.0
1150,1,47.529023142081996,47.529023142081996,100.0
1150,2,31.545734910237677,31.545734910237677,100.0
1160,0,47.32663427346132,47.32663427346132,100.0
1160,1,31.272825077963738,31.272825077963738,100.0
1160,2,21.40054064857494,21.40054064857494,100.0
1170,0,23.56325617926909,23.56325617926909,100.0
1170,1,27.451960640597072,27.451960640597072,100.0
1170,2,48.98478318013384,48.98478318013384,100.0
1180,0,39.16014629109782,39.16014629109782,100.0
1180,1,34.23572584749338,34.23572584749338,100.0
1180,2,26.6041278614088,26.6041278614088,100.0
1190,0,34.327827315121674,34.327827315121674,100.0
1190,1,47.406988700549654,47.406988700549654,100.0
1190,2,18.26518398432868,18.26518398432868,100.0
1200,0,25.795820780265146,25.795820780265146,100.0
1200,1,42.413750740685174,42.413750740685174,100.0
1200,2,31.79042847904968,31.79042847904968,100.0
1210,0,38.34990208581744,38.34990208581744,100.0
1210,1,31.699821425584933,31.699821425584933,100.0
1210,2,29.950276488597638,29.950276488597638,100.0
1220,0,26.074728969828538,26.074728969828538,100.0
1220,1,38.261344483317416,38.261344483317416,100.0
1220,2,35.66392654685404,35.66392654685404,100.0
1230,0,41.938710166795666,41.938710166795666,100.0
1230,1,28.526553454741975,28.526553454741975,100.0
1230,2,29.534736378462355,29.534736378462355,100.0
1240,0,43.71648896378342,43.71648896378342,100.0
1240,1,37.098573673909385,37.098573673909385,100.0
1240,2,19.184937362307203,19.184937362307203,100.0
1250,0,48.24510592107948,48.24510592107948,100.0
1250,1,31.717275226679124,31.717275226679124,100.0
1250,2,20.037618852241394,20.037618852241394,100.0
1260,0,33.61353994455351,33.61353994455351,100.0
1260,1,33.61731040584615,33.61731040584615,100.0
1260,2,32.76914964960035,32.76914964960035,100.0
1270,0,32.20001597572066,32.20001597572066,100.0
1270,1,38.16007520084876,38.16007520084876,100.0
1270,2,29.639908823430584,29.639908823430584,100.0
1280,0,33.26325934839115,33.26325934839115,100.0
1280,1,37.9695561182151,37.9695561182151,100.0
1280,2,28.767184533393742,28.767184533393742,100.0
1290,0,44.22594908003894,44.22594908003894,100.0
1290,1,30.38512423587821,30.38512423587821,100.0
1290,2,25.388926684082858,25.388926684082858,100.0
1300,0,30.67184229932853,30.67184229932853,100.0
1300,1,38.853764297101314,38.853764297101314,100.0
1300,2,30.474393403570165,30.474393403570165,100.0
1310,0,50.22926963132921,50.22926963132921,100.0
1310,1,27.719895301097257,27.719895301097257,100.0
1310,2,22.050835067573534,22.050835067573534,100.0
1320,0,22.812335569540732,22.812335569540732,100.0
1320,1,26.54495108224148,26.54495108224148,100.0
1320,2,50.64271334821778,50.64271334821778,100.0
1330,0,36.12728033846229,36.12728033846229,100.0
1330,1,33.004291035632924,33.004291035632924,100.0
1330,2,30.86842862590479,30.86842862590479,100.0
1340,0,28.755048976014486,28.755048976014486,100.0
1340,1,44.16102702679387,44.16102702679387,100.0
1340,2,27.08392399719165,27.08392399719165,100.0
1350,0,33.79660963159859,33.79660963159859,100.0
1350,1,37.249218082667156,37.249218082667156,100.0
1350,2,28.95417228573425,28.95417228573425,100.0
1360,0,43.07118159728823,43.07118159728823,100.0
1360,1,27.066439712597045,27.066439712597045,100.0
1360,2,29.86237869011472,29.86237869011472,100.0
1370,0,35.94622206019793,35.94622206019793,100.0
1370,1,35.67916172892679,35.67916172892679,100.0
1370,2,28.374616210875274,28.374616210875274,100.0
1380,0,45.822364484407395,45.822364484407395,100.0
1380,1,29.145681369457314,29.145681369457314,100.0
1380,2,25.031954146135288,25.031954146135288,100.0
1390,0,41.10261565048691,41.10261565048691,100.0
1390,1,23.729909119028708,23.729909119028708,100.0
1390,2,35.16747523048438,35.16747523048438,100.0
1400,0,25.80006724089985,25.80006724089985,100.0
1400,1,52.82458036549254,52.82458036549254,100.0
1400,2,21.37535239360761,21.37535239360761,100.0
1410,0,29.372511856073512,29.372511856073512,100.0
1410,1,43.605942164228864,43.605942164228864,100.0
1410,2,27.021545979697624,27.021545979697624,100.0
1420,0,39.06368148487976,39.06368148487976,100.0
1420,1,26.72189111920898,26.72189111920898,100.0
1420,2,34.214427395911265,34.214427395911265,100.0
1430,0,42.669058541311536,42.669058541311536,100.0
1430,1,31.940617356583452,31.940617356583452,100.0
1430,2,25.390324102105023,25.390324102105023,100.0
1440,0,49.74791418893406,49.74791418893406,100.0
1440,1,26.904346218527575,26.904346218527575,100.0
1440,2,23.347739592538368,23.347739592538368,100.0
1450,0,32.24058896324278,32.24058896324278,100.0
1450,1,40.0107160765498,40.0107160765498,100.0
1450,2,27.74869496020742,27.74869496020742,100.0
1460,0,49.90689950392812,49.90689950392812,100.0
1460,1,26.84513309366654,26.84513309366654,100.0
1460,2,23.247967402405333,23.247967402405333,100.0
1470,0,36.10120084402534,36.10120084402534,100.0
1470,1,43.49375786366008,43.49375786366008,100.0
1470,2,20.40504129231458,20.40504129231458,100.0
1480,0,36.47828295100665,36.47828295100665,100.0
1480,1,44.289312093231594,44.289312093231594,100.0
1480,2,19.232404955761766,19.232404955761766,100.0
1490,0,33.59962028520055,33.59962028520055,100.0
1490,1,37.74585110444853,37.74585110444853,100.0
1490,2,28.654528610350926,28.654528610350926,100.0
1500,0,30.00367847348998,30.00367847348998,100.0
1500,1,38.307636026824376,38.307636026824376,100.0
1500,2,31.688685499685644,31.688685499685644,100.0
