timestamp,ueImsi,sliceId,dTxBytes,dRxBytes,plr,resourceSharePct,dLostPackets,throughputMbps,bufferBytes
1510,1,0,35144,30560,13.04,30.00,3,24.4480,284036
1510,2,0,35144,18336,47.83,30.00,11,14.6688,1573210
1510,3,1,1014,624,38.46,38.31,5,0.4992,87
1510,4,1,1014,936,7.69,38.31,1,0.7488,87
1510,5,2,256,0,100.00,31.69,2,0.0000,137
1510,6,2,256,256,0.00,31.69,0,0.2048,137
1510,7,2,256,256,0.00,31.69,0,0.2048,137
1510,8,2,256,0,100.00,31.69,2,0.0000,137
1510,9,2,256,0,100.00,31.69,2,0.0000,137
1510,10,2,256,256,0.00,31.69,0,0.2048,137
