callId,timeMs,scenario,slot,bwpId,beamId,sliceId,rnti,bufQueueSize,dlTbSizeBefore,hasDemand,demandPassed,rbgAllocated,uniqueRbgs,tbSizeBytes,mcs,rank,numRbPerRbg,reason
1,504,greenran_low,0,0,65535_65535,2,24,1437,0,1,1,0,0,0,15,1,1,pre_allocation
1,504,greenran_low,0,0,65535_65535,2,24,1437,32,1,1,1,1,32,15,1,1,allocated
1,504,greenran_low,0,0,65535_65535,2,23,1437,0,1,1,0,0,0,15,1,1,pre_allocation
1,504,greenran_low,0,0,65535_65535,2,23,1437,32,1,1,1,1,32,15,1,1,allocated
1,504,greenran_low,0,0,65535_65535,2,22,1437,0,1,1,0,0,0,15,1,1,pre_allocation
1,504,greenran_low,0,0,65535_65535,2,22,1437,32,1,1,1,1,32,15,1,1,allocated
1,504,greenran_low,0,0,65535_65535,2,21,1437,0,1,1,0,0,0,15,1,1,pre_allocation
1,504,greenran_low,0,0,65535_65535,2,21,1437,32,1,1,1,1,32,15,1,1,allocated
1,504,greenran_low,0,0,65535_65535,2,20,1437,0,1,1,0,0,0,15,1,1,pre_allocation
1,504,greenran_low,0,0,65535_65535,2,20,1437,32,1,1,1,1,32,15,1,1,allocated
1,504,greenran_low,0,0,65535_65535,2,24,1437,32,1,1,0,1,0,15,1,1,pre_allocation
1,504,greenran_low,0,0,65535_65535,2,24,1437,68,1,1,1,2,68,15,1,1,allocated
1,504,greenran_low,0,0,65535_65535,2,23,1437,32,1,1,0,1,0,15,1,1,pre_allocation
1,504,greenran_low,0,0,65535_65535,2,23,1437,68,1,1,1,2,68,15,1,1,allocated
1,504,greenran_low,0,0,65535_65535,2,22,1437,32,1,1,0,1,0,15,1,1,pre_allocation
1,504,greenran_low,0,0,65535_65535,2,22,1437,68,1,1,1,2,68,15,1,1,allocated
1,504,greenran_low,0,0,65535_65535,2,21,1437,32,1,1,0,1,0,15,1,1,pre_allocation
1,504,greenran_low,0,0,65535_65535,2,21,1437,68,1,1,1,2,68,15,1,1,allocated
1,504,greenran_low,0,0,65535_65535,2,20,1437,32,1,1,0,1,0,15,1,1,pre_allocation
1,504,greenran_low,0,0,65535_65535,2,20,1437,68,1,1,1,2,68,15,1,1,allocated
1,504,greenran_low,0,0,65535_65535,2,24,1437,68,1,1,0,2,0,15,1,1,pre_allocation
1,504,greenran_low,0,0,65535_65535,2,24,1437,103,1,1,1,3,103,15,1,1,allocated
1,504,greenran_low,0,0,65535_65535,2,23,1437,68,1,1,0,2,0,15,1,1,pre_allocation
1,504,greenran_low,0,0,65535_65535,2,23,1437,103,1,1,1,3,103,15,1,1,allocated
1,504,greenran_low,0,0,65535_65535,2,22,1437,68,1,1,0,2,0,15,1,1,pre_allocation
1,504,greenran_low,0,0,65535_65535,2,22,1437,103,1,1,1,3,103,15,1,1,allocated
1,504,greenran_low,0,0,65535_65535,2,21,1437,68,1,1,0,2,0,15,1,1,pre_allocation
1,504,greenran_low,0,0,65535_65535,2,21,1437,103,1,1,1,3,103,15,1,1,allocated
1,504,greenran_low,0,0,65535_65535,2,20,1437,68,1,1,0,2,0,15,1,1,pre_allocation
1,504,greenran_low,0,0,65535_65535,2,20,1437,103,1,1,1,3,103,15,1,1,allocated
1,504,greenran_low,0,0,65535_65535,2,24,1437,103,1,1,0,3,0,15,1,1,pre_allocation
1,504,greenran_low,0,0,65535_65535,2,24,1437,139,1,1,1,4,139,15,1,1,allocated
1,504,greenran_low,0,0,65535_65535,2,23,1437,103,1,1,0,3,0,15,1,1,pre_allocation
1,504,greenran_low,0,0,65535_65535,2,23,1437,139,1,1,1,4,139,15,1,1,allocated
1,504,greenran_low,0,0,65535_65535,2,22,1437,103,1,1,0,3,0,15,1,1,pre_allocation
1,504,greenran_low,0,0,65535_65535,2,22,1437,139,1,1,1,4,139,15,1,1,allocated
1,504,greenran_low,0,0,65535_65535,2,21,1437,103,1,1,0,3,0,15,1,1,pre_allocation
1,504,greenran_low,0,0,65535_65535,2,21,1437,139,1,1,1,4,139,15,1,1,allocated
1,504,greenran_low,0,0,65535_65535,2,20,1437,103,1,1,0,3,0,15,1,1,pre_allocation
1,504,greenran_low,0,0,65535_65535,2,20,1437,139,1,1,1,4,139,15,1,1,allocated
1,504,greenran_low,0,0,65535_65535,2,24,1437,139,1,1,0,4,0,15,1,1,pre_allocation
1,504,greenran_low,0,0,65535_65535,2,24,1437,175,1,1,1,5,175,15,1,1,allocated
1,504,greenran_low,0,0,65535_65535,2,23,1437,139,1,1,0,4,0,15,1,1,pre_allocation
1,504,greenran_low,0,0,65535_65535,2,23,1437,175,1,1,1,5,175,15,1,1,allocated
1,504,greenran_low,0,0,65535_65535,2,22,1437,139,1,1,0,4,0,15,1,1,pre_allocation
1,504,greenran_low,0,0,65535_65535,2,22,1437,175,1,1,1,5,175,15,1,1,allocated
1,504,greenran_low,0,0,65535_65535,2,21,1437,139,1,1,0,4,0,15,1,1,pre_allocation
1,504,greenran_low,0,0,65535_65535,2,21,1437,175,1,1,1,5,175,15,1,1,allocated
1,504,greenran_low,0,0,65535_65535,2,20,1437,139,1,1,0,4,0,15,1,1,pre_allocation
1,504,greenran_low,0,0,65535_65535,2,20,1437,175,1,1,1,5,175,15,1,1,allocated
1,504,greenran_low,0,0,65535_65535,2,24,1437,175,1,1,0,5,0,15,1,1,pre_allocation
1,504,greenran_low,0,0,65535_65535,2,24,1437,210,1,1,1,6,210,15,1,1,allocated
1,504,greenran_low,0,0,65535_65535,2,23,1437,175,1,1,0,5,0,15,1,1,pre_allocation
1,504,greenran_low,0,0,65535_65535,2,23,1437,210,1,1,1,6,210,15,1,1,allocated
1,504,greenran_low,0,0,65535_65535,2,22,1437,175,1,1,0,5,0,15,1,1,pre_allocation
1,504,greenran_low,0,0,65535_65535,2,22,1437,210,1,1,1,6,210,15,1,1,allocated
1,504,greenran_low,0,0,65535_65535,2,21,1437,175,1,1,0,5,0,15,1,1,pre_allocation
1,504,greenran_low,0,0,65535_65535,2,21,1437,210,1,1,1,6,210,15,1,1,allocated
1,504,greenran_low,0,0,65535_65535,2,20,1437,175,1,1,0,5,0,15,1,1,pre_allocation
1,504,greenran_low,0,0,65535_65535,2,20,1437,210,1,1,1,6,210,15,1,1,allocated
1,504,greenran_low,0,0,65535_65535,2,24,1437,210,1,1,0,6,0,15,1,1,pre_allocation
1,504,greenran_low,0,0,65535_65535,2,24,1437,246,1,1,1,7,246,15,1,1,allocated
1,504,greenran_low,0,0,65535_65535,2,23,1437,210,1,1,0,6,0,15,1,1,pre_allocation
1,504,greenran_low,0,0,65535_65535,2,23,1437,246,1,1,1,7,246,15,1,1,allocated
1,504,greenran_low,0,0,65535_65535,2,22,1437,210,1,1,0,6,0,15,1,1,pre_allocation
1,504,greenran_low,0,0,65535_65535,2,22,1437,246,1,1,1,7,246,15,1,1,allocated
1,504,greenran_low,0,0,65535_65535,2,21,1437,210,1,1,0,6,0,15,1,1,pre_allocation
1,504,greenran_low,0,0,65535_65535,2,21,1437,246,1,1,1,7,246,15,1,1,allocated
1,504,greenran_low,0,0,65535_65535,2,20,1437,210,1,1,0,6,0,15,1,1,pre_allocation
1,504,greenran_low,0,0,65535_65535,2,20,1437,246,1,1,1,7,246,15,1,1,allocated
1,504,greenran_low,0,0,65535_65535,2,24,1437,246,1,1,0,7,0,15,1,1,pre_allocation
1,504,greenran_low,0,0,65535_65535,2,24,1437,282,1,1,1,8,282,15,1,1,allocated
1,504,greenran_low,0,0,65535_65535,2,23,1437,246,1,1,0,7,0,15,1,1,pre_allocation
1,504,greenran_low,0,0,65535_65535,2,23,1437,282,1,1,1,8,282,15,1,1,allocated
1,504,greenran_low,0,0,65535_65535,2,22,1437,246,1,1,0,7,0,15,1,1,pre_allocation
1,504,greenran_low,0,0,65535_65535,2,22,1437,282,1,1,1,8,282,15,1,1,allocated
1,504,greenran_low,0,0,65535_65535,2,21,1437,246,1,1,0,7,0,15,1,1,pre_allocation
1,504,greenran_low,0,0,65535_65535,2,21,1437,282,1,1,1,8,282,15,1,1,allocated
1,504,greenran_low,0,0,65535_65535,2,20,1437,246,1,1,0,7,0,15,1,1,pre_allocation
1,504,greenran_low,0,0,65535_65535,2,20,1437,282,1,1,1,8,282,15,1,1,allocated
1,504,greenran_low,0,0,65535_65535,2,24,1437,282,1,1,0,8,0,15,1,1,pre_allocation
1,504,greenran_low,0,0,65535_65535,2,24,1437,317,1,1,1,9,317,15,1,1,allocated
1,504,greenran_low,0,0,65535_65535,2,23,1437,282,1,1,0,8,0,15,1,1,pre_allocation
1,504,greenran_low,0,0,65535_65535,2,23,1437,317,1,1,1,9,317,15,1,1,allocated
1,504,greenran_low,0,0,65535_65535,2,22,1437,282,1,1,0,8,0,15,1,1,pre_allocation
1,504,greenran_low,0,0,65535_65535,2,22,1437,317,1,1,1,9,317,15,1,1,allocated
1,504,greenran_low,0,0,65535_65535,2,21,1437,282,1,1,0,8,0,15,1,1,pre_allocation
1,504,greenran_low,0,0,65535_65535,2,21,1437,317,1,1,1,9,317,15,1,1,allocated
1,504,greenran_low,0,0,65535_65535,2,20,1437,282,1,1,0,8,0,15,1,1,pre_allocation
1,504,greenran_low,0,0,65535_65535,2,20,1437,317,1,1,1,9,317,15,1,1,allocated
1,504,greenran_low,0,0,65535_65535,2,24,1437,317,1,1,0,9,0,15,1,1,pre_allocation
1,504,greenran_low,0,0,65535_65535,2,24,1437,353,1,1,1,10,353,15,1,1,allocated
1,504,greenran_low,0,0,65535_65535,2,23,1437,317,1,1,0,9,0,15,1,1,pre_allocation
1,504,greenran_low,0,0,65535_65535,2,23,1437,353,1,1,1,10,353,15,1,1,allocated
1,504,greenran_low,0,0,65535_65535,2,22,1437,317,1,1,0,9,0,15,1,1,pre_allocation
1,504,greenran_low,0,0,65535_65535,2,22,1437,353,1,1,1,10,353,15,1,1,allocated
1,504,greenran_low,0,0,65535_65535,2,21,1437,317,1,1,0,9,0,15,1,1,pre_allocation
1,504,greenran_low,0,0,65535_65535,2,21,1437,353,1,1,1,10,353,15,1,1,allocated
1,504,greenran_low,0,0,65535_65535,2,20,1437,317,1,1,0,9,0,15,1,1,pre_allocation
1,504,greenran_low,0,0,65535_65535,2,20,1437,353,1,1,1,10,353,15,1,1,allocated
1,504,greenran_low,0,0,65535_65535,2,24,1437,353,1,1,0,10,0,15,1,1,pre_allocation
1,504,greenran_low,0,0,65535_65535,2,24,1437,389,1,1,1,11,389,15,1,1,allocated
1,504,greenran_low,0,0,65535_65535,2,23,1437,353,1,1,0,10,0,15,1,1,pre_allocation
1,504,greenran_low,0,0,65535_65535,2,23,1437,389,1,1,1,11,389,15,1,1,allocated
1,504,greenran_low,0,0,65535_65535,2,22,1437,353,1,1,0,10,0,15,1,1,pre_allocation
1,504,greenran_low,0,0,65535_65535,2,22,1437,389,1,1,1,11,389,15,1,1,allocated
1,504,greenran_low,0,0,65535_65535,2,21,1437,353,1,1,0,10,0,15,1,1,pre_allocation
1,504,greenran_low,0,0,65535_65535,2,21,1437,389,1,1,1,11,389,15,1,1,allocated
1,504,greenran_low,0,0,65535_65535,2,20,1437,353,1,1,0,10,0,15,1,1,pre_allocation
1,504,greenran_low,0,0,65535_65535,2,20,1437,389,1,1,1,11,389,15,1,1,allocated
1,504,greenran_low,0,0,65535_65535,2,24,1437,389,1,1,0,11,0,15,1,1,pre_allocation
1,504,greenran_low,0,0,65535_65535,2,24,1437,424,1,1,1,12,424,15,1,1,allocated
1,504,greenran_low,0,0,65535_65535,2,23,1437,389,1,1,0,11,0,15,1,1,pre_allocation
1,504,greenran_low,0,0,65535_65535,2,23,1437,424,1,1,1,12,424,15,1,1,allocated
1,504,greenran_low,0,0,65535_65535,2,22,1437,389,1,1,0,11,0,15,1,1,pre_allocation
1,504,greenran_low,0,0,65535_65535,2,22,1437,424,1,1,1,12,424,15,1,1,allocated
1,504,greenran_low,0,0,65535_65535,2,21,1437,389,1,1,0,11,0,15,1,1,pre_allocation
1,504,greenran_low,0,0,65535_65535,2,21,1437,424,1,1,1,12,424,15,1,1,allocated
1,504,greenran_low,0,0,65535_65535,2,20,1437,389,1,1,0,11,0,15,1,1,pre_allocation
1,504,greenran_low,0,0,65535_65535,2,20,1437,424,1,1,1,12,424,15,1,1,allocated
1,504,greenran_low,0,0,65535_65535,2,24,1437,424,1,1,0,12,0,15,1,1,pre_allocation
1,504,greenran_low,0,0,65535_65535,2,24,1437,460,1,1,1,13,460,15,1,1,allocated
1,504,greenran_low,0,0,65535_65535,2,23,1437,424,1,1,0,12,0,15,1,1,pre_allocation
1,504,greenran_low,0,0,65535_65535,2,23,1437,460,1,1,1,13,460,15,1,1,allocated
1,504,greenran_low,0,0,65535_65535,2,22,1437,424,1,1,0,12,0,15,1,1,pre_allocation
1,504,greenran_low,0,0,65535_65535,2,22,1437,460,1,1,1,13,460,15,1,1,allocated
1,504,greenran_low,0,0,65535_65535,2,21,1437,424,1,1,0,12,0,15,1,1,pre_allocation
1,504,greenran_low,0,0,65535_65535,2,21,1437,460,1,1,1,13,460,15,1,1,allocated
1,504,greenran_low,0,0,65535_65535,2,20,1437,424,1,1,0,12,0,15,1,1,pre_allocation
1,504,greenran_low,0,0,65535_65535,2,20,1437,460,1,1,1,13,460,15,1,1,allocated
1,504,greenran_low,0,0,65535_65535,2,24,1437,460,1,1,0,13,0,15,1,1,pre_allocation
1,504,greenran_low,0,0,65535_65535,2,24,1437,495,1,1,1,14,495,15,1,1,allocated
1,504,greenran_low,0,0,65535_65535,2,23,1437,460,1,1,0,13,0,15,1,1,pre_allocation
1,504,greenran_low,0,0,65535_65535,2,23,1437,495,1,1,1,14,495,15,1,1,allocated
1,504,greenran_low,0,0,65535_65535,2,22,1437,460,1,1,0,13,0,15,1,1,pre_allocation
1,504,greenran_low,0,0,65535_65535,2,22,1437,495,1,1,1,14,495,15,1,1,allocated
1,504,greenran_low,0,0,65535_65535,2,21,1437,460,1,1,0,13,0,15,1,1,pre_allocation
1,504,greenran_low,0,0,65535_65535,2,21,1437,495,1,1,1,14,495,15,1,1,allocated
1,504,greenran_low,0,0,65535_65535,2,20,1437,460,1,1,0,13,0,15,1,1,pre_allocation
1,504,greenran_low,0,0,65535_65535,2,20,1437,495,1,1,1,14,495,15,1,1,allocated
1,504,greenran_low,0,0,65535_65535,2,24,1437,495,1,1,0,14,0,15,1,1,pre_allocation
1,504,greenran_low,0,0,65535_65535,2,24,1437,531,1,1,1,15,531,15,1,1,allocated
1,504,greenran_low,0,0,65535_65535,2,23,1437,495,1,1,0,14,0,15,1,1,pre_allocation
1,504,greenran_low,0,0,65535_65535,2,23,1437,531,1,1,1,15,531,15,1,1,allocated
1,504,greenran_low,0,0,65535_65535,2,22,1437,495,1,1,0,14,0,15,1,1,pre_allocation
1,504,greenran_low,0,0,65535_65535,2,22,1437,531,1,1,1,15,531,15,1,1,allocated
1,504,greenran_low,0,0,65535_65535,2,21,1437,495,1,1,0,14,0,15,1,1,pre_allocation
1,504,greenran_low,0,0,65535_65535,2,21,1437,531,1,1,1,15,531,15,1,1,allocated
1,504,greenran_low,0,0,65535_65535,2,20,1437,495,1,1,0,14,0,15,1,1,pre_allocation
1,504,greenran_low,0,0,65535_65535,2,20,1437,531,1,1,1,15,531,15,1,1,allocated
1,504,greenran_low,0,0,65535_65535,2,24,1437,531,1,1,0,15,0,15,1,1,pre_allocation
1,504,greenran_low,0,0,65535_65535,2,24,1437,567,1,1,1,16,567,15,1,1,allocated
1,504,greenran_low,0,0,65535_65535,2,23,1437,531,1,1,0,15,0,15,1,1,pre_allocation
1,504,greenran_low,0,0,65535_65535,2,23,1437,567,1,1,1,16,567,15,1,1,allocated
1,504,greenran_low,0,0,65535_65535,2,22,1437,531,1,1,0,15,0,15,1,1,pre_allocation
1,504,greenran_low,0,0,65535_65535,2,22,1437,567,1,1,1,16,567,15,1,1,allocated
1,504,greenran_low,0,0,65535_65535,2,21,1437,531,1,1,0,15,0,15,1,1,pre_allocation
1,504,greenran_low,0,0,65535_65535,2,21,1437,567,1,1,1,16,567,15,1,1,allocated
1,504,greenran_low,0,0,65535_65535,2,20,1437,531,1,1,0,15,0,15,1,1,pre_allocation
1,504,greenran_low,0,0,65535_65535,2,20,1437,567,1,1,1,16,567,15,1,1,allocated
1,504,greenran_low,0,0,65535_65535,2,24,1437,567,1,1,0,16,0,15,1,1,pre_allocation
1,504,greenran_low,0,0,65535_65535,2,24,1437,602,1,1,1,17,602,15,1,1,allocated
1,504,greenran_low,0,0,65535_65535,2,23,1437,567,1,1,0,16,0,15,1,1,pre_allocation
1,504,greenran_low,0,0,65535_65535,2,23,1437,602,1,1,1,17,602,15,1,1,allocated
1,504,greenran_low,0,0,65535_65535,2,22,1437,567,1,1,0,16,0,15,1,1,pre_allocation
1,504,greenran_low,0,0,65535_65535,2,22,1437,602,1,1,1,17,602,15,1,1,allocated
1,504,greenran_low,0,0,65535_65535,2,21,1437,567,1,1,0,16,0,15,1,1,pre_allocation
1,504,greenran_low,0,0,65535_65535,2,21,1437,602,1,1,1,17,602,15,1,1,allocated
1,504,greenran_low,0,0,65535_65535,2,20,1437,567,1,1,0,16,0,15,1,1,pre_allocation
1,504,greenran_low,0,0,65535_65535,2,20,1437,602,1,1,1,17,602,15,1,1,allocated
1,504,greenran_low,0,0,65535_65535,2,24,1437,602,1,1,0,17,0,15,1,1,pre_allocation
1,504,greenran_low,0,0,65535_65535,2,24,1437,638,1,1,1,18,638,15,1,1,allocated
1,504,greenran_low,0,0,65535_65535,2,23,1437,602,1,1,0,17,0,15,1,1,pre_allocation
1,504,greenran_low,0,0,65535_65535,2,23,1437,638,1,1,1,18,638,15,1,1,allocated
1,504,greenran_low,0,0,65535_65535,2,22,1437,602,1,1,0,17,0,15,1,1,pre_allocation
1,504,greenran_low,0,0,65535_65535,2,22,1437,638,1,1,1,18,638,15,1,1,allocated
1,504,greenran_low,0,0,65535_65535,2,21,1437,602,1,1,0,17,0,15,1,1,pre_allocation
1,504,greenran_low,0,0,65535_65535,2,21,1437,638,1,1,1,18,638,15,1,1,allocated
1,504,greenran_low,0,0,65535_65535,2,20,1437,602,1,1,0,17,0,15,1,1,pre_allocation
1,504,greenran_low,0,0,65535_65535,2,20,1437,638,1,1,1,18,638,15,1,1,allocated
1,504,greenran_low,0,0,65535_65535,2,24,1437,638,1,1,0,18,0,15,1,1,pre_allocation
1,504,greenran_low,0,0,65535_65535,2,24,1437,674,1,1,1,19,674,15,1,1,allocated
1,504,greenran_low,0,0,65535_65535,2,23,1437,638,1,1,0,18,0,15,1,1,pre_allocation
1,504,greenran_low,0,0,65535_65535,2,23,1437,674,1,1,1,19,674,15,1,1,allocated
1,504,greenran_low,0,0,65535_65535,2,22,1437,638,1,1,0,18,0,15,1,1,pre_allocation
1,504,greenran_low,0,0,65535_65535,2,22,1437,674,1,1,1,19,674,15,1,1,allocated
1,504,greenran_low,0,0,65535_65535,2,21,1437,638,1,1,0,18,0,15,1,1,pre_allocation
1,504,greenran_low,0,0,65535_65535,2,21,1437,674,1,1,1,19,674,15,1,1,allocated
1,504,greenran_low,0,0,65535_65535,2,20,1437,638,1,1,0,18,0,15,1,1,pre_allocation
1,504,greenran_low,0,0,65535_65535,2,20,1437,674,1,1,1,19,674,15,1,1,allocated
1,504,greenran_low,0,0,65535_65535,2,24,1437,674,1,1,0,19,0,15,1,1,pre_allocation
1,504,greenran_low,0,0,65535_65535,2,24,1437,709,1,1,1,20,709,15,1,1,allocated
1,504,greenran_low,0,0,65535_65535,2,23,1437,674,1,1,0,19,0,15,1,1,pre_allocation
1,504,greenran_low,0,0,65535_65535,2,23,1437,709,1,1,1,20,709,15,1,1,allocated
1,504,greenran_low,0,0,65535_65535,2,22,1437,674,1,1,0,19,0,15,1,1,pre_allocation
1,504,greenran_low,0,0,65535_65535,2,22,1437,709,1,1,1,20,709,15,1,1,allocated
1,504,greenran_low,0,0,65535_65535,2,21,1437,674,1,1,0,19,0,15,1,1,pre_allocation
1,504,greenran_low,0,0,65535_65535,2,21,1437,709,1,1,1,20,709,15,1,1,allocated
1,504,greenran_low,0,0,65535_65535,2,20,1437,674,1,1,0,19,0,15,1,1,pre_allocation
1,504,greenran_low,0,0,65535_65535,2,20,1437,709,1,1,1,20,709,15,1,1,allocated
1,504,greenran_low,0,0,65535_65535,2,24,1437,709,1,1,0,20,0,15,1,1,pre_allocation
1,504,greenran_low,0,0,65535_65535,2,24,1437,745,1,1,1,21,745,15,1,1,allocated
1,504,greenran_low,0,0,65535_65535,2,23,1437,709,1,1,0,20,0,15,1,1,pre_allocation
1,504,greenran_low,0,0,65535_65535,2,23,1437,745,1,1,1,21,745,15,1,1,allocated
1,504,greenran_low,0,0,65535_65535,2,22,1437,709,1,1,0,20,0,15,1,1,pre_allocation
1,504,greenran_low,0,0,65535_65535,2,22,1437,745,1,1,1,21,745,15,1,1,allocated
1,504,greenran_low,0,0,65535_65535,2,21,1437,709,1,1,0,20,0,15,1,1,pre_allocation
1,504,greenran_low,0,0,65535_65535,2,21,1437,745,1,1,1,21,745,15,1,1,allocated
1,504,greenran_low,0,0,65535_65535,2,20,1437,709,1,1,0,20,0,15,1,1,pre_allocation
1,504,greenran_low,0,0,65535_65535,2,20,1437,745,1,1,1,21,745,15,1,1,allocated
1,504,greenran_low,0,0,65535_65535,2,24,1437,745,1,1,0,21,0,15,1,1,pre_allocation
1,504,greenran_low,0,0,65535_65535,2,24,1437,781,1,1,1,22,781,15,1,1,allocated
1,504,greenran_low,0,0,65535_65535,2,23,1437,745,1,1,0,21,0,15,1,1,pre_allocation
1,504,greenran_low,0,0,65535_65535,2,23,1437,781,1,1,1,22,781,15,1,1,allocated
1,504,greenran_low,0,0,65535_65535,2,22,1437,745,1,1,0,21,0,15,1,1,pre_allocation
1,504,greenran_low,0,0,65535_65535,2,22,1437,781,1,1,1,22,781,15,1,1,allocated
1,504,greenran_low,0,0,65535_65535,2,21,1437,745,1,1,0,21,0,15,1,1,pre_allocation
1,504,greenran_low,0,0,65535_65535,2,21,1437,781,1,1,1,22,781,15,1,1,allocated
1,504,greenran_low,0,0,65535_65535,2,20,1437,745,1,1,0,21,0,15,1,1,pre_allocation
1,504,greenran_low,0,0,65535_65535,2,20,1437,781,1,1,1,22,781,15,1,1,allocated
1,504,greenran_low,0,0,65535_65535,2,24,1437,781,1,1,0,22,0,15,1,1,pre_allocation
1,504,greenran_low,0,0,65535_65535,2,24,1437,816,1,1,1,23,816,15,1,1,allocated
1,504,greenran_low,0,0,65535_65535,2,23,1437,781,1,1,0,22,0,15,1,1,pre_allocation
1,504,greenran_low,0,0,65535_65535,2,23,1437,816,1,1,1,23,816,15,1,1,allocated
1,504,greenran_low,0,0,65535_65535,2,22,1437,781,1,1,0,22,0,15,1,1,pre_allocation
1,504,greenran_low,0,0,65535_65535,2,22,1437,816,1,1,1,23,816,15,1,1,allocated
1,504,greenran_low,0,0,65535_65535,2,21,1437,781,1,1,0,22,0,15,1,1,pre_allocation
1,504,greenran_low,0,0,65535_65535,2,21,1437,816,1,1,1,23,816,15,1,1,allocated
1,504,greenran_low,0,0,65535_65535,2,20,1437,781,1,1,0,22,0,15,1,1,pre_allocation
1,504,greenran_low,0,0,65535_65535,2,20,1437,816,1,1,1,23,816,15,1,1,allocated
1,504,greenran_low,0,0,65535_65535,2,24,1437,816,1,1,0,23,0,15,1,1,pre_allocation
1,504,greenran_low,0,0,65535_65535,2,24,1437,852,1,1,1,24,852,15,1,1,allocated
1,504,greenran_low,0,0,65535_65535,2,23,1437,816,1,1,0,23,0,15,1,1,pre_allocation
1,504,greenran_low,0,0,65535_65535,2,23,1437,852,1,1,1,24,852,15,1,1,allocated
1,504,greenran_low,0,0,65535_65535,2,22,1437,816,1,1,0,23,0,15,1,1,pre_allocation
1,504,greenran_low,0,0,65535_65535,2,22,1437,852,1,1,1,24,852,15,1,1,allocated
1,504,greenran_low,0,0,65535_65535,2,21,1437,816,1,1,0,23,0,15,1,1,pre_allocation
1,504,greenran_low,0,0,65535_65535,2,21,1437,852,1,1,1,24,852,15,1,1,allocated
1,504,greenran_low,0,0,65535_65535,2,20,1437,816,1,1,0,23,0,15,1,1,pre_allocation
1,504,greenran_low,0,0,65535_65535,2,20,1437,852,1,1,1,24,852,15,1,1,allocated
1,504,greenran_low,0,0,65535_65535,2,24,1437,852,1,1,0,24,0,15,1,1,pre_allocation
1,504,greenran_low,0,0,65535_65535,2,24,1437,888,1,1,1,25,888,15,1,1,allocated
1,504,greenran_low,0,0,65535_65535,2,23,1437,852,1,1,0,24,0,15,1,1,pre_allocation
1,504,greenran_low,0,0,65535_65535,2,23,1437,888,1,1,1,25,888,15,1,1,allocated
1,504,greenran_low,0,0,65535_65535,2,22,1437,852,1,1,0,24,0,15,1,1,pre_allocation
1,504,greenran_low,0,0,65535_65535,2,22,1437,888,1,1,1,25,888,15,1,1,allocated
1,504,greenran_low,0,0,65535_65535,2,21,1437,852,1,1,0,24,0,15,1,1,pre_allocation
1,504,greenran_low,0,0,65535_65535,2,21,1437,888,1,1,1,25,888,15,1,1,allocated
1,504,greenran_low,0,0,65535_65535,2,20,1437,852,1,1,0,24,0,15,1,1,pre_allocation
1,504,greenran_low,0,0,65535_65535,2,20,1437,888,1,1,1,25,888,15,1,1,allocated
1,504,greenran_low,0,0,65535_65535,2,24,1437,888,1,1,0,25,0,15,1,1,pre_allocation
1,504,greenran_low,0,0,65535_65535,2,24,1437,923,1,1,1,26,923,15,1,1,allocated
1,504,greenran_low,0,0,65535_65535,2,23,1437,888,1,1,0,25,0,15,1,1,pre_allocation
1,504,greenran_low,0,0,65535_65535,2,23,1437,923,1,1,1,26,923,15,1,1,allocated
1,504,greenran_low,0,0,65535_65535,2,22,1437,888,1,1,0,25,0,15,1,1,pre_allocation
1,504,greenran_low,0,0,65535_65535,2,22,1437,923,1,1,1,26,923,15,1,1,allocated
1,504,greenran_low,0,0,65535_65535,2,21,1437,888,1,1,0,25,0,15,1,1,pre_allocation
1,504,greenran_low,0,0,65535_65535,2,21,1437,923,1,1,1,26,923,15,1,1,allocated
1,504,greenran_low,0,0,65535_65535,2,20,1437,888,1,1,0,25,0,15,1,1,pre_allocation
1,504,greenran_low,0,0,65535_65535,2,20,1437,923,1,1,1,26,923,15,1,1,allocated
1,504,greenran_low,0,0,65535_65535,2,24,1437,923,1,1,0,26,0,15,1,1,pre_allocation
1,504,greenran_low,0,0,65535_65535,2,24,1437,959,1,1,1,27,959,15,1,1,allocated
1,504,greenran_low,0,0,65535_65535,2,23,1437,923,1,1,0,26,0,15,1,1,pre_allocation
1,504,greenran_low,0,0,65535_65535,2,23,1437,959,1,1,1,27,959,15,1,1,allocated
1,504,greenran_low,0,0,65535_65535,2,22,1437,923,1,1,0,26,0,15,1,1,pre_allocation
1,504,greenran_low,0,0,65535_65535,2,22,1437,959,1,1,1,27,959,15,1,1,allocated
1,504,greenran_low,0,0,65535_65535,2,21,1437,923,1,1,0,26,0,15,1,1,pre_allocation
1,504,greenran_low,0,0,65535_65535,2,21,1437,959,1,1,1,27,959,15,1,1,allocated
1,504,greenran_low,0,0,65535_65535,2,20,1437,923,1,1,0,26,0,15,1,1,pre_allocation
1,504,greenran_low,0,0,65535_65535,2,20,1437,959,1,1,1,27,959,15,1,1,allocated
1,504,greenran_low,0,0,65535_65535,2,24,1437,959,1,1,0,27,0,15,1,1,pre_allocation
1,504,greenran_low,0,0,65535_65535,2,24,1437,994,1,1,1,28,994,15,1,1,allocated
1,504,greenran_low,0,0,65535_65535,2,23,1437,959,1,1,0,27,0,15,1,1,pre_allocation
1,504,greenran_low,0,0,65535_65535,2,23,1437,994,1,1,1,28,994,15,1,1,allocated
1,504,greenran_low,0,0,65535_65535,2,22,1437,959,1,1,0,27,0,15,1,1,pre_allocation
1,504,greenran_low,0,0,65535_65535,2,22,1437,994,1,1,1,28,994,15,1,1,allocated
1,504,greenran_low,0,0,65535_65535,2,21,1437,959,1,1,0,27,0,15,1,1,pre_allocation
1,504,greenran_low,0,0,65535_65535,2,21,1437,994,1,1,1,28,994,15,1,1,allocated
1,504,greenran_low,0,0,65535_65535,2,20,1437,959,1,1,0,27,0,15,1,1,pre_allocation
1,504,greenran_low,0,0,65535_65535,2,20,1437,994,1,1,1,28,994,15,1,1,allocated
1,504,greenran_low,0,0,65535_65535,2,24,1437,994,1,1,0,28,0,15,1,1,pre_allocation
1,504,greenran_low,0,0,65535_65535,2,24,1437,1030,1,1,1,29,1030,15,1,1,allocated
1,504,greenran_low,0,0,65535_65535,2,23,1437,994,1,1,0,28,0,15,1,1,pre_allocation
1,504,greenran_low,0,0,65535_65535,2,23,1437,1030,1,1,1,29,1030,15,1,1,allocated
1,504,greenran_low,0,0,65535_65535,2,22,1437,994,1,1,0,28,0,15,1,1,pre_allocation
1,504,greenran_low,0,0,65535_65535,2,22,1437,1030,1,1,1,29,1030,15,1,1,allocated
1,504,greenran_low,0,0,65535_65535,2,21,1437,994,1,1,0,28,0,15,1,1,pre_allocation
1,504,greenran_low,0,0,65535_65535,2,21,1437,1030,1,1,1,29,1030,15,1,1,allocated
1,504,greenran_low,0,0,65535_65535,2,20,1437,994,1,1,0,28,0,15,1,1,pre_allocation
1,504,greenran_low,0,0,65535_65535,2,20,1437,1030,1,1,1,29,1030,15,1,1,allocated
1,504,greenran_low,0,0,65535_65535,2,24,1437,1030,1,1,0,29,0,15,1,1,pre_allocation
1,504,greenran_low,0,0,65535_65535,2,24,1437,1066,1,1,1,30,1066,15,1,1,allocated
1,504,greenran_low,0,0,65535_65535,2,23,1437,1030,1,1,0,29,0,15,1,1,pre_allocation
1,504,greenran_low,0,0,65535_65535,2,23,1437,1066,1,1,1,30,1066,15,1,1,allocated
1,504,greenran_low,0,0,65535_65535,2,22,1437,1030,1,1,0,29,0,15,1,1,pre_allocation
1,504,greenran_low,0,0,65535_65535,2,22,1437,1066,1,1,1,30,1066,15,1,1,allocated
1,504,greenran_low,0,0,65535_65535,2,21,1437,1030,1,1,0,29,0,15,1,1,pre_allocation
1,504,greenran_low,0,0,65535_65535,2,21,1437,1066,1,1,1,30,1066,15,1,1,allocated
1,504,greenran_low,0,0,65535_65535,2,20,1437,1030,1,1,0,29,0,15,1,1,pre_allocation
1,504,greenran_low,0,0,65535_65535,2,20,1437,1066,1,1,1,30,1066,15,1,1,allocated
1,504,greenran_low,0,0,65535_65535,2,24,1437,1066,1,1,0,30,0,15,1,1,pre_allocation
1,504,greenran_low,0,0,65535_65535,2,24,1437,1101,1,1,1,31,1101,15,1,1,allocated
1,504,greenran_low,0,0,65535_65535,2,23,1437,1066,1,1,0,30,0,15,1,1,pre_allocation
1,504,greenran_low,0,0,65535_65535,2,23,1437,1101,1,1,1,31,1101,15,1,1,allocated
1,504,greenran_low,0,0,65535_65535,2,22,1437,1066,1,1,0,30,0,15,1,1,pre_allocation
1,504,greenran_low,0,0,65535_65535,2,22,1437,1101,1,1,1,31,1101,15,1,1,allocated
1,504,greenran_low,0,0,65535_65535,2,21,1437,1066,1,1,0,30,0,15,1,1,pre_allocation
1,504,greenran_low,0,0,65535_65535,2,21,1437,1101,1,1,1,31,1101,15,1,1,allocated
1,504,greenran_low,0,0,65535_65535,2,20,1437,1066,1,1,0,30,0,15,1,1,pre_allocation
1,504,greenran_low,0,0,65535_65535,2,20,1437,1101,1,1,1,31,1101,15,1,1,allocated
1,504,greenran_low,0,0,65535_65535,2,24,1437,1101,1,1,0,31,0,15,1,1,pre_allocation
1,504,greenran_low,0,0,65535_65535,2,24,1437,1137,1,1,1,32,1137,15,1,1,allocated
1,504,greenran_low,0,0,65535_65535,2,23,1437,1101,1,1,0,31,0,15,1,1,pre_allocation
1,504,greenran_low,0,0,65535_65535,2,23,1437,1137,1,1,1,32,1137,15,1,1,allocated
1,504,greenran_low,0,0,65535_65535,2,22,1437,1101,1,1,0,31,0,15,1,1,pre_allocation
1,504,greenran_low,0,0,65535_65535,2,22,1437,1137,1,1,1,32,1137,15,1,1,allocated
1,504,greenran_low,0,0,65535_65535,2,21,1437,1101,1,1,0,31,0,15,1,1,pre_allocation
1,504,greenran_low,0,0,65535_65535,2,21,1437,1137,1,1,1,32,1137,15,1,1,allocated
1,504,greenran_low,0,0,65535_65535,2,20,1437,1101,1,1,0,31,0,15,1,1,pre_allocation
1,504,greenran_low,0,0,65535_65535,2,20,1437,1137,1,1,1,32,1137,15,1,1,allocated
1,504,greenran_low,0,0,65535_65535,2,24,1437,1137,1,1,0,32,0,15,1,1,pre_allocation
1,504,greenran_low,0,0,65535_65535,2,24,1437,1173,1,1,1,33,1173,15,1,1,allocated
1,504,greenran_low,0,0,65535_65535,2,23,1437,1137,1,1,0,32,0,15,1,1,pre_allocation
1,504,greenran_low,0,0,65535_65535,2,23,1437,1173,1,1,1,33,1173,15,1,1,allocated
1,504,greenran_low,0,0,65535_65535,2,22,1437,1137,1,1,0,32,0,15,1,1,pre_allocation
1,504,greenran_low,0,0,65535_65535,2,22,1437,1173,1,1,1,33,1173,15,1,1,allocated
1,504,greenran_low,0,0,65535_65535,2,21,1437,1137,1,1,0,32,0,15,1,1,pre_allocation
1,504,greenran_low,0,0,65535_65535,2,21,1437,1173,1,1,1,33,1173,15,1,1,allocated
1,504,greenran_low,0,0,65535_65535,2,20,1437,1137,1,1,0,32,0,15,1,1,pre_allocation
1,504,greenran_low,0,0,65535_65535,2,20,1437,1173,1,1,1,33,1173,15,1,1,allocated
1,504,greenran_low,0,0,65535_65535,2,24,1437,1173,1,1,0,33,0,15,1,1,pre_allocation
1,504,greenran_low,0,0,65535_65535,2,24,1437,1208,1,1,1,34,1208,15,1,1,allocated
1,504,greenran_low,0,0,65535_65535,2,23,1437,1173,1,1,0,33,0,15,1,1,pre_allocation
1,504,greenran_low,0,0,65535_65535,2,23,1437,1208,1,1,1,34,1208,15,1,1,allocated
1,504,greenran_low,0,0,65535_65535,2,22,1437,1173,1,1,0,33,0,15,1,1,pre_allocation
1,504,greenran_low,0,0,65535_65535,2,22,1437,1208,1,1,1,34,1208,15,1,1,allocated
1,504,greenran_low,0,0,65535_65535,2,21,1437,1173,1,1,0,33,0,15,1,1,pre_allocation
1,504,greenran_low,0,0,65535_65535,2,21,1437,1208,1,1,1,34,1208,15,1,1,allocated
1,504,greenran_low,0,0,65535_65535,2,20,1437,1173,1,1,0,33,0,15,1,1,pre_allocation
1,504,greenran_low,0,0,65535_65535,2,20,1437,1208,1,1,1,34,1208,15,1,1,allocated
1,504,greenran_low,0,0,65535_65535,2,24,1437,1208,1,1,0,34,0,15,1,1,pre_allocation
1,504,greenran_low,0,0,65535_65535,2,24,1437,1244,1,1,1,35,1244,15,1,1,allocated
1,504,greenran_low,0,0,65535_65535,2,23,1437,1208,1,1,0,34,0,15,1,1,pre_allocation
1,504,greenran_low,0,0,65535_65535,2,23,1437,1244,1,1,1,35,1244,15,1,1,allocated
1,504,greenran_low,0,0,65535_65535,2,22,1437,1208,1,1,0,34,0,15,1,1,pre_allocation
1,504,greenran_low,0,0,65535_65535,2,22,1437,1244,1,1,1,35,1244,15,1,1,allocated
1,504,greenran_low,0,0,65535_65535,2,21,1437,1208,1,1,0,34,0,15,1,1,pre_allocation
1,504,greenran_low,0,0,65535_65535,2,21,1437,1244,1,1,1,35,1244,15,1,1,allocated
1,504,greenran_low,0,0,65535_65535,2,20,1437,1208,1,1,0,34,0,15,1,1,pre_allocation
1,504,greenran_low,0,0,65535_65535,2,20,1437,1244,1,1,1,35,1244,15,1,1,allocated
1,504,greenran_low,0,0,65535_65535,2,24,1437,1244,1,1,0,35,0,15,1,1,pre_allocation
1,504,greenran_low,0,0,65535_65535,2,24,1437,1280,1,1,1,36,1280,15,1,1,allocated
1,504,greenran_low,0,0,65535_65535,2,23,1437,1244,1,1,0,35,0,15,1,1,pre_allocation
1,504,greenran_low,0,0,65535_65535,2,23,1437,1280,1,1,1,36,1280,15,1,1,allocated
1,504,greenran_low,0,0,65535_65535,2,22,1437,1244,1,1,0,35,0,15,1,1,pre_allocation
1,504,greenran_low,0,0,65535_65535,2,22,1437,1280,1,1,1,36,1280,15,1,1,allocated
1,504,greenran_low,0,0,65535_65535,2,21,1437,1244,1,1,0,35,0,15,1,1,pre_allocation
1,504,greenran_low,0,0,65535_65535,2,21,1437,1280,1,1,1,36,1280,15,1,1,allocated
1,504,greenran_low,0,0,65535_65535,2,20,1437,1244,1,1,0,35,0,15,1,1,pre_allocation
1,504,greenran_low,0,0,65535_65535,2,20,1437,1280,1,1,1,36,1280,15,1,1,allocated
1,504,greenran_low,0,0,65535_65535,2,24,1437,1280,1,1,0,36,0,15,1,1,pre_allocation
1,504,greenran_low,0,0,65535_65535,2,24,1437,1315,1,1,1,37,1315,15,1,1,allocated
1,504,greenran_low,0,0,65535_65535,2,23,1437,1280,1,1,0,36,0,15,1,1,pre_allocation
1,504,greenran_low,0,0,65535_65535,2,23,1437,1315,1,1,1,37,1315,15,1,1,allocated
1,504,greenran_low,0,0,65535_65535,2,22,1437,1280,1,1,0,36,0,15,1,1,pre_allocation
1,504,greenran_low,0,0,65535_65535,2,22,1437,1315,1,1,1,37,1315,15,1,1,allocated
1,504,greenran_low,0,0,65535_65535,2,21,1437,1280,1,1,0,36,0,15,1,1,pre_allocation
1,504,greenran_low,0,0,65535_65535,2,21,1437,1315,1,1,1,37,1315,15,1,1,allocated
1,504,greenran_low,0,0,65535_65535,2,20,1437,1280,1,1,0,36,0,15,1,1,pre_allocation
1,504,greenran_low,0,0,65535_65535,2,20,1437,1315,1,1,1,37,1315,15,1,1,allocated
1,504,greenran_low,0,0,65535_65535,2,24,1437,1315,1,1,0,37,0,15,1,1,pre_allocation
1,504,greenran_low,0,0,65535_65535,2,24,1437,1351,1,1,1,38,1351,15,1,1,allocated
1,504,greenran_low,0,0,65535_65535,2,23,1437,1315,1,1,0,37,0,15,1,1,pre_allocation
1,504,greenran_low,0,0,65535_65535,2,23,1437,1351,1,1,1,38,1351,15,1,1,allocated
1,504,greenran_low,0,0,65535_65535,2,22,1437,1315,1,1,0,37,0,15,1,1,pre_allocation
1,504,greenran_low,0,0,65535_65535,2,22,1437,1351,1,1,1,38,1351,15,1,1,allocated
1,504,greenran_low,0,0,65535_65535,2,21,1437,1315,1,1,0,37,0,15,1,1,pre_allocation
1,504,greenran_low,0,0,65535_65535,2,21,1437,1351,1,1,1,38,1351,15,1,1,allocated
1,504,greenran_low,0,0,65535_65535,2,20,1437,1315,1,1,0,37,0,15,1,1,pre_allocation
1,504,greenran_low,0,0,65535_65535,2,20,1437,1351,1,1,1,38,1351,15,1,1,allocated
1,504,greenran_low,0,0,65535_65535,2,24,1437,1351,1,1,0,38,0,15,1,1,pre_allocation
1,504,greenran_low,0,0,65535_65535,2,24,1437,1386,1,1,1,39,1386,15,1,1,allocated
1,504,greenran_low,0,0,65535_65535,2,23,1437,1351,1,1,0,38,0,15,1,1,pre_allocation
1,504,greenran_low,0,0,65535_65535,2,23,1437,1386,1,1,1,39,1386,15,1,1,allocated
1,504,greenran_low,0,0,65535_65535,2,22,1437,1351,1,1,0,38,0,15,1,1,pre_allocation
1,504,greenran_low,0,0,65535_65535,2,22,1437,1386,1,1,1,39,1386,15,1,1,allocated
1,504,greenran_low,0,0,65535_65535,2,21,1437,1351,1,1,0,38,0,15,1,1,pre_allocation
1,504,greenran_low,0,0,65535_65535,2,21,1437,1386,1,1,1,39,1386,15,1,1,allocated
1,504,greenran_low,0,0,65535_65535,2,20,1437,1351,1,1,0,38,0,15,1,1,pre_allocation
1,504,greenran_low,0,0,65535_65535,2,20,1437,1386,1,1,1,39,1386,15,1,1,allocated
1,504,greenran_low,0,0,65535_65535,2,24,1437,1386,1,1,0,39,0,15,1,1,pre_allocation
1,504,greenran_low,0,0,65535_65535,2,24,1437,1422,1,1,1,40,1422,15,1,1,allocated
1,504,greenran_low,0,0,65535_65535,2,23,1437,1386,1,1,0,39,0,15,1,1,pre_allocation
1,504,greenran_low,0,0,65535_65535,2,23,1437,1422,1,1,1,40,1422,15,1,1,allocated
1,504,greenran_low,0,0,65535_65535,2,22,1437,1386,1,1,0,39,0,15,1,1,pre_allocation
1,504,greenran_low,0,0,65535_65535,2,22,1437,1422,1,1,1,40,1422,15,1,1,allocated
1,504,greenran_low,0,0,65535_65535,2,21,1437,1386,1,1,0,39,0,15,1,1,pre_allocation
1,504,greenran_low,0,0,65535_65535,2,21,1437,1422,1,1,1,40,1422,15,1,1,allocated
1,504,greenran_low,0,0,65535_65535,2,20,1437,1386,1,1,0,39,0,15,1,1,pre_allocation
1,504,greenran_low,0,0,65535_65535,2,20,1437,1422,1,1,1,40,1422,15,1,1,allocated
1,504,greenran_low,0,0,65535_65535,2,24,1437,1422,1,1,0,40,0,15,1,1,pre_allocation
1,504,greenran_low,0,0,65535_65535,2,24,1437,1458,1,1,1,41,1458,15,1,1,allocated
1,504,greenran_low,0,0,65535_65535,2,23,1437,1422,1,1,0,40,0,15,1,1,pre_allocation
1,504,greenran_low,0,0,65535_65535,2,23,1437,1458,1,1,1,41,1458,15,1,1,allocated
1,504,greenran_low,0,0,65535_65535,2,22,1437,1422,1,1,0,40,0,15,1,1,pre_allocation
1,504,greenran_low,0,0,65535_65535,2,22,1437,1458,1,1,1,41,1458,15,1,1,allocated
1,504,greenran_low,0,0,65535_65535,2,21,1437,1422,1,1,0,40,0,15,1,1,pre_allocation
1,504,greenran_low,0,0,65535_65535,2,21,1437,1458,1,1,1,41,1458,15,1,1,allocated
1,504,greenran_low,0,0,65535_65535,2,20,1437,1422,1,1,0,40,0,15,1,1,pre_allocation
1,504,greenran_low,0,0,65535_65535,2,20,1437,1458,1,1,1,41,1458,15,1,1,allocated
1,504,greenran_low,0,0,65535_65535,2,24,1437,1458,1,1,0,41,0,15,1,1,pre_allocation
1,504,greenran_low,0,0,65535_65535,2,24,1437,1493,1,1,1,42,1493,15,1,1,allocated
1,504,greenran_low,0,0,65535_65535,2,23,1437,1458,1,1,0,41,0,15,1,1,pre_allocation
1,504,greenran_low,0,0,65535_65535,2,23,1437,1493,1,1,1,42,1493,15,1,1,allocated
1,504,greenran_low,0,0,65535_65535,2,22,1437,1458,1,1,0,41,0,15,1,1,pre_allocation
1,504,greenran_low,0,0,65535_65535,2,22,1437,1493,1,1,1,42,1493,15,1,1,allocated
1,504,greenran_low,0,0,65535_65535,2,21,1437,1458,1,1,0,41,0,15,1,1,pre_allocation
1,504,greenran_low,0,0,65535_65535,2,21,1437,1493,1,1,1,42,1493,15,1,1,allocated
1,504,greenran_low,0,0,65535_65535,2,20,1437,1458,1,1,0,41,0,15,1,1,pre_allocation
1,504,greenran_low,0,0,65535_65535,2,20,1437,1493,1,1,1,42,1493,15,1,1,allocated
1,504,greenran_low,0,0,65535_65535,2,24,1437,1493,1,1,0,42,0,15,1,1,pre_allocation
1,504,greenran_low,0,0,65535_65535,2,24,1437,1529,1,1,1,43,1529,15,1,1,allocated
1,504,greenran_low,0,0,65535_65535,2,23,1437,1493,1,1,0,42,0,15,1,1,pre_allocation
1,504,greenran_low,0,0,65535_65535,2,23,1437,1529,1,1,1,43,1529,15,1,1,allocated
1,504,greenran_low,0,0,65535_65535,2,22,1437,1493,1,1,0,42,0,15,1,1,pre_allocation
1,504,greenran_low,0,0,65535_65535,2,22,1437,1529,1,1,1,43,1529,15,1,1,allocated
1,504,greenran_low,0,0,65535_65535,2,21,1437,1493,1,1,0,42,0,15,1,1,pre_allocation
1,504,greenran_low,0,0,65535_65535,2,21,1437,1529,1,1,1,43,1529,15,1,1,allocated
1,504,greenran_low,0,0,65535_65535,2,20,1437,1493,1,1,0,42,0,15,1,1,pre_allocation
1,504,greenran_low,0,0,65535_65535,2,20,1437,1529,1,1,1,43,1529,15,1,1,allocated
1,504,greenran_low,0,0,65535_65535,2,24,1437,1529,1,1,0,43,0,15,1,1,pre_allocation
1,504,greenran_low,0,0,65535_65535,2,24,1437,1562,1,1,1,44,1562,15,1,1,allocated
1,504,greenran_low,0,0,65535_65535,2,23,1437,1529,1,1,0,43,0,15,1,1,pre_allocation
1,504,greenran_low,0,0,65535_65535,2,23,1437,1562,1,1,1,44,1562,15,1,1,allocated
1,504,greenran_low,0,0,65535_65535,2,22,1437,1529,1,1,0,43,0,15,1,1,pre_allocation
1,504,greenran_low,0,0,65535_65535,2,22,1437,1562,1,1,1,44,1562,15,1,1,allocated
1,504,greenran_low,0,0,65535_65535,2,21,1437,1529,1,1,0,43,0,15,1,1,pre_allocation
1,504,greenran_low,0,0,65535_65535,2,21,1437,1562,1,1,1,44,1562,15,1,1,allocated
1,504,greenran_low,0,0,65535_65535,2,20,1437,1529,1,1,0,43,0,15,1,1,pre_allocation
1,504,greenran_low,0,0,65535_65535,2,20,1437,1562,1,1,1,44,1562,15,1,1,allocated
1,504,greenran_low,0,0,65535_65535,2,24,1437,1562,1,1,0,44,0,15,1,1,pre_allocation
1,504,greenran_low,0,0,65535_65535,2,24,1437,1597,1,1,1,45,1597,15,1,1,allocated
1,504,greenran_low,0,0,65535_65535,2,23,1437,1562,1,1,0,44,0,15,1,1,pre_allocation
1,504,greenran_low,0,0,65535_65535,2,23,1437,1597,1,1,1,45,1597,15,1,1,allocated
1,504,greenran_low,0,0,65535_65535,2,22,1437,1562,1,1,0,44,0,15,1,1,pre_allocation
1,504,greenran_low,0,0,65535_65535,2,22,1437,1597,1,1,1,45,1597,15,1,1,allocated
1,504,greenran_low,0,0,65535_65535,2,21,1437,1562,1,1,0,44,0,15,1,1,pre_allocation
1,504,greenran_low,0,0,65535_65535,2,21,1437,1597,1,1,1,45,1597,15,1,1,allocated
1,504,greenran_low,0,0,65535_65535,2,20,1437,1562,1,1,0,44,0,15,1,1,pre_allocation
1,504,greenran_low,0,0,65535_65535,2,20,1437,1597,1,1,1,45,1597,15,1,1,allocated
1,504,greenran_low,0,0,65535_65535,2,24,1437,1597,1,1,0,45,0,15,1,1,pre_allocation
1,504,greenran_low,0,0,65535_65535,2,24,1437,1633,1,1,1,46,1633,15,1,1,allocated
1,504,greenran_low,0,0,65535_65535,2,23,1437,1597,1,1,0,45,0,15,1,1,pre_allocation
1,504,greenran_low,0,0,65535_65535,2,23,1437,1633,1,1,1,46,1633,15,1,1,allocated
1,504,greenran_low,0,0,65535_65535,2,22,1437,1597,1,1,0,45,0,15,1,1,pre_allocation
1,504,greenran_low,0,0,65535_65535,2,22,1437,1633,1,1,1,46,1633,15,1,1,allocated
1,504,greenran_low,0,0,65535_65535,2,21,1437,1597,1,1,0,45,0,15,1,1,pre_allocation
1,504,greenran_low,0,0,65535_65535,2,21,1437,1633,1,1,1,46,1633,15,1,1,allocated
1,504,greenran_low,0,0,65535_65535,2,20,1437,1597,1,1,0,45,0,15,1,1,pre_allocation
1,504,greenran_low,0,0,65535_65535,2,20,1437,1633,1,1,1,46,1633,15,1,1,allocated
1,504,greenran_low,0,0,65535_65535,2,24,1437,1633,1,1,0,46,0,15,1,1,pre_allocation
1,504,greenran_low,0,0,65535_65535,2,24,1437,1669,1,1,1,47,1669,15,1,1,allocated
1,504,greenran_low,0,0,65535_65535,2,23,1437,1633,1,1,0,46,0,15,1,1,pre_allocation
1,504,greenran_low,0,0,65535_65535,2,23,1437,1669,1,1,1,47,1669,15,1,1,allocated
1,504,greenran_low,0,0,65535_65535,2,22,1437,1633,1,1,0,46,0,15,1,1,pre_allocation
1,504,greenran_low,0,0,65535_65535,2,22,1437,1669,1,1,1,47,1669,15,1,1,allocated
1,504,greenran_low,0,0,65535_65535,2,21,1437,1633,1,1,0,46,0,15,1,1,pre_allocation
1,504,greenran_low,0,0,65535_65535,2,21,1437,1669,1,1,1,47,1669,15,1,1,allocated
1,504,greenran_low,0,0,65535_65535,2,20,1437,1633,1,1,0,46,0,15,1,1,pre_allocation
1,504,greenran_low,0,0,65535_65535,2,20,1437,1669,1,1,1,47,1669,15,1,1,allocated
1,504,greenran_low,0,0,65535_65535,2,24,1437,1669,1,1,0,47,0,15,1,1,pre_allocation
1,504,greenran_low,0,0,65535_65535,2,24,1437,1704,1,1,1,48,1704,15,1,1,allocated
1,504,greenran_low,0,0,65535_65535,2,23,1437,1669,1,1,0,47,0,15,1,1,pre_allocation
1,504,greenran_low,0,0,65535_65535,2,23,1437,1704,1,1,1,48,1704,15,1,1,allocated
1,504,greenran_low,0,0,65535_65535,2,22,1437,1669,1,1,0,47,0,15,1,1,pre_allocation
1,504,greenran_low,0,0,65535_65535,2,22,1437,1704,1,1,1,48,1704,15,1,1,allocated
1,504,greenran_low,0,0,65535_65535,2,21,1437,1669,1,1,0,47,0,15,1,1,pre_allocation
1,504,greenran_low,0,0,65535_65535,2,21,1437,1704,1,1,1,48,1704,15,1,1,allocated
1,504,greenran_low,0,0,65535_65535,2,20,1437,1669,1,1,0,47,0,15,1,1,pre_allocation
1,504,greenran_low,0,0,65535_65535,2,20,1437,1704,1,1,1,48,1704,15,1,1,allocated
1,504,greenran_low,0,0,65535_65535,2,24,1437,1704,1,1,0,48,0,15,1,1,pre_allocation
1,504,greenran_low,0,0,65535_65535,2,24,1437,1740,1,1,1,49,1740,15,1,1,allocated
1,504,greenran_low,0,0,65535_65535,2,23,1437,1704,1,1,0,48,0,15,1,1,pre_allocation
1,504,greenran_low,0,0,65535_65535,2,23,1437,1740,1,1,1,49,1740,15,1,1,allocated
1,504,greenran_low,0,0,65535_65535,2,22,1437,1704,1,1,0,48,0,15,1,1,pre_allocation
1,504,greenran_low,0,0,65535_65535,2,22,1437,1740,1,1,1,49,1740,15,1,1,allocated
1,504,greenran_low,0,0,65535_65535,2,21,1437,1704,1,1,0,48,0,15,1,1,pre_allocation
1,504,greenran_low,0,0,65535_65535,2,21,1437,1740,1,1,1,49,1740,15,1,1,allocated
1,504,greenran_low,0,0,65535_65535,2,20,1437,1704,1,1,0,48,0,15,1,1,pre_allocation
1,504,greenran_low,0,0,65535_65535,2,20,1437,1740,1,1,1,49,1740,15,1,1,allocated
1,504,greenran_low,0,0,65535_65535,2,24,1437,1740,1,1,0,49,0,15,1,1,pre_allocation
1,504,greenran_low,0,0,65535_65535,2,24,1437,1776,1,1,1,50,1776,15,1,1,allocated
1,504,greenran_low,0,0,65535_65535,2,23,1437,1740,1,1,0,49,0,15,1,1,pre_allocation
1,504,greenran_low,0,0,65535_65535,2,23,1437,1776,1,1,1,50,1776,15,1,1,allocated
1,504,greenran_low,0,0,65535_65535,2,22,1437,1740,1,1,0,49,0,15,1,1,pre_allocation
1,504,greenran_low,0,0,65535_65535,2,22,1437,1776,1,1,1,50,1776,15,1,1,allocated
1,504,greenran_low,0,0,65535_65535,2,21,1437,1740,1,1,0,49,0,15,1,1,pre_allocation
1,504,greenran_low,0,0,65535_65535,2,21,1437,1776,1,1,1,50,1776,15,1,1,allocated
1,504,greenran_low,0,0,65535_65535,2,20,1437,1740,1,1,0,49,0,15,1,1,pre_allocation
1,504,greenran_low,0,0,65535_65535,2,20,1437,1776,1,1,1,50,1776,15,1,1,allocated
1,504,greenran_low,0,0,65535_65535,2,24,1437,1776,1,1,0,50,0,15,1,1,pre_allocation
1,504,greenran_low,0,0,65535_65535,2,24,1437,1811,1,1,1,51,1811,15,1,1,allocated
1,504,greenran_low,0,0,65535_65535,2,23,1437,1776,1,1,0,50,0,15,1,1,pre_allocation
1,504,greenran_low,0,0,65535_65535,2,23,1437,1811,1,1,1,51,1811,15,1,1,allocated
1,504,greenran_low,0,0,65535_65535,2,22,1437,1776,1,1,0,50,0,15,1,1,pre_allocation
1,504,greenran_low,0,0,65535_65535,2,22,1437,1811,1,1,1,51,1811,15,1,1,allocated
1,504,greenran_low,0,0,65535_65535,2,21,1437,1776,1,1,0,50,0,15,1,1,pre_allocation
1,504,greenran_low,0,0,65535_65535,2,21,1437,1811,1,1,1,51,1811,15,1,1,allocated
1,504,greenran_low,0,0,65535_65535,2,20,1437,1776,1,1,0,50,0,15,1,1,pre_allocation
1,504,greenran_low,0,0,65535_65535,2,20,1437,1811,1,1,1,51,1811,15,1,1,allocated
1,504,greenran_low,0,0,65535_65535,2,24,1437,1811,1,1,0,51,0,15,1,1,pre_allocation
1,504,greenran_low,0,0,65535_65535,2,24,1437,1847,1,1,1,52,1847,15,1,1,allocated
1,504,greenran_low,0,0,65535_65535,2,23,1437,1811,1,1,0,51,0,15,1,1,pre_allocation
1,504,greenran_low,0,0,65535_65535,2,23,1437,1847,1,1,1,52,1847,15,1,1,allocated
1,504,greenran_low,0,0,65535_65535,2,22,1437,1811,1,1,0,51,0,15,1,1,pre_allocation
1,504,greenran_low,0,0,65535_65535,2,22,1437,1847,1,1,1,52,1847,15,1,1,allocated
1,504,greenran_low,0,0,65535_65535,2,21,1437,1811,1,1,0,51,0,15,1,1,pre_allocation
1,504,greenran_low,0,0,65535_65535,2,21,1437,1847,1,1,1,52,1847,15,1,1,allocated
1,504,greenran_low,0,0,65535_65535,2,20,1437,1811,1,1,0,51,0,15,1,1,pre_allocation
1,504,greenran_low,0,0,65535_65535,2,20,1437,1847,1,1,1,52,1847,15,1,1,allocated
1,504,greenran_low,0,0,65535_65535,2,24,1437,1847,1,1,0,52,0,15,1,1,pre_allocation
1,504,greenran_low,0,0,65535_65535,2,24,1437,1882,1,1,1,53,1882,15,1,1,allocated
1,504,greenran_low,0,0,65535_65535,2,23,1437,1847,1,1,0,52,0,15,1,1,pre_allocation
1,504,greenran_low,0,0,65535_65535,2,23,1437,1882,1,1,1,53,1882,15,1,1,allocated
1,504,greenran_low,0,0,65535_65535,2,22,1437,1847,1,1,0,52,0,15,1,1,pre_allocation
1,504,greenran_low,0,0,65535_65535,2,22,1437,1882,1,1,1,53,1882,15,1,1,allocated
1,504,greenran_low,0,0,65535_65535,2,21,1437,1847,1,1,0,52,0,15,1,1,pre_allocation
1,504,greenran_low,0,0,65535_65535,2,21,1437,1882,1,1,1,53,1882,15,1,1,allocated
1,504,greenran_low,0,0,65535_65535,2,20,1437,1847,1,1,0,52,0,15,1,1,pre_allocation
1,504,greenran_low,0,0,65535_65535,2,20,1437,1882,1,1,1,53,1882,15,1,1,allocated
1,504,greenran_low,0,0,65535_65535,2,24,1437,1882,1,1,0,53,0,15,1,1,pre_allocation
1,504,greenran_low,0,0,65535_65535,2,24,1437,1918,1,1,1,54,1918,15,1,1,allocated
5,1946,greenran_low,0,0,65535_65535,0,1,15185,0,1,1,0,0,0,15,1,1,pre_allocation
5,1946,greenran_low,0,0,65535_65535,0,1,15185,2,1,1,1,1,2,15,1,1,allocated
5,1946,greenran_low,0,0,65535_65535,0,2,15185,0,1,1,0,0,0,15,1,1,pre_allocation
5,1946,greenran_low,0,0,65535_65535,0,2,15185,2,1,1,1,1,2,15,1,1,allocated
5,1946,greenran_low,0,0,65535_65535,0,3,15185,0,1,1,0,0,0,15,1,1,pre_allocation
5,1946,greenran_low,0,0,65535_65535,0,3,15185,2,1,1,1,1,2,15,1,1,allocated
5,1946,greenran_low,0,0,65535_65535,0,4,15185,0,1,1,0,0,0,15,1,1,pre_allocation
5,1946,greenran_low,0,0,65535_65535,0,4,15185,2,1,1,1,1,2,15,1,1,allocated
5,1946,greenran_low,0,0,65535_65535,0,5,15185,0,1,1,0,0,0,15,1,1,pre_allocation
5,1946,greenran_low,0,0,65535_65535,0,5,15185,2,1,1,1,1,2,15,1,1,allocated
5,1946,greenran_low,0,0,65535_65535,0,1,15185,2,1,1,0,1,0,15,1,1,pre_allocation
5,1946,greenran_low,0,0,65535_65535,0,1,15185,8,1,1,1,2,8,15,1,1,allocated
5,1946,greenran_low,0,0,65535_65535,0,2,15185,2,1,1,0,1,0,15,1,1,pre_allocation
5,1946,greenran_low,0,0,65535_65535,0,2,15185,8,1,1,1,2,8,15,1,1,allocated
5,1946,greenran_low,0,0,65535_65535,0,3,15185,2,1,1,0,1,0,15,1,1,pre_allocation
5,1946,greenran_low,0,0,65535_65535,0,3,15185,8,1,1,1,2,8,15,1,1,allocated
5,1946,greenran_low,0,0,65535_65535,0,4,15185,2,1,1,0,1,0,15,1,1,pre_allocation
5,1946,greenran_low,0,0,65535_65535,0,4,15185,8,1,1,1,2,8,15,1,1,allocated
5,1946,greenran_low,0,0,65535_65535,0,5,15185,2,1,1,0,1,0,15,1,1,pre_allocation
5,1946,greenran_low,0,0,65535_65535,0,5,15185,8,1,1,1,2,8,15,1,1,allocated
5,1946,greenran_low,0,0,65535_65535,0,1,15185,8,1,1,0,2,0,15,1,1,pre_allocation
5,1946,greenran_low,0,0,65535_65535,0,1,15185,14,1,1,1,3,14,15,1,1,allocated
5,1946,greenran_low,0,0,65535_65535,0,2,15185,8,1,1,0,2,0,15,1,1,pre_allocation
5,1946,greenran_low,0,0,65535_65535,0,2,15185,14,1,1,1,3,14,15,1,1,allocated
5,1946,greenran_low,0,0,65535_65535,0,3,15185,8,1,1,0,2,0,15,1,1,pre_allocation
5,1946,greenran_low,0,0,65535_65535,0,3,15185,14,1,1,1,3,14,15,1,1,allocated
5,1946,greenran_low,0,0,65535_65535,0,4,15185,8,1,1,0,2,0,15,1,1,pre_allocation
5,1946,greenran_low,0,0,65535_65535,0,4,15185,14,1,1,1,3,14,15,1,1,allocated
5,1946,greenran_low,0,0,65535_65535,0,5,15185,8,1,1,0,2,0,15,1,1,pre_allocation
5,1946,greenran_low,0,0,65535_65535,0,5,15185,14,1,1,1,3,14,15,1,1,allocated
5,1946,greenran_low,0,0,65535_65535,0,1,15185,14,1,1,0,3,0,15,1,1,pre_allocation
5,1946,greenran_low,0,0,65535_65535,0,1,15185,20,1,1,1,4,20,15,1,1,allocated
5,1946,greenran_low,0,0,65535_65535,0,2,15185,14,1,1,0,3,0,15,1,1,pre_allocation
5,1946,greenran_low,0,0,65535_65535,0,2,15185,20,1,1,1,4,20,15,1,1,allocated
5,1946,greenran_low,0,0,65535_65535,0,3,15185,14,1,1,0,3,0,15,1,1,pre_allocation
5,1946,greenran_low,0,0,65535_65535,0,3,15185,20,1,1,1,4,20,15,1,1,allocated
5,1946,greenran_low,0,0,65535_65535,0,4,15185,14,1,1,0,3,0,15,1,1,pre_allocation
5,1946,greenran_low,0,0,65535_65535,0,4,15185,20,1,1,1,4,20,15,1,1,allocated
5,1946,greenran_low,0,0,65535_65535,0,5,15185,14,1,1,0,3,0,15,1,1,pre_allocation
5,1946,greenran_low,0,0,65535_65535,0,5,15185,20,1,1,1,4,20,15,1,1,allocated
5,1946,greenran_low,0,0,65535_65535,0,1,15185,20,1,1,0,4,0,15,1,1,pre_allocation
5,1946,greenran_low,0,0,65535_65535,0,1,15185,26,1,1,1,5,26,15,1,1,allocated
5,1946,greenran_low,0,0,65535_65535,0,2,15185,20,1,1,0,4,0,15,1,1,pre_allocation
5,1946,greenran_low,0,0,65535_65535,0,2,15185,26,1,1,1,5,26,15,1,1,allocated
5,1946,greenran_low,0,0,65535_65535,0,3,15185,20,1,1,0,4,0,15,1,1,pre_allocation
5,1946,greenran_low,0,0,65535_65535,0,3,15185,26,1,1,1,5,26,15,1,1,allocated
5,1946,greenran_low,0,0,65535_65535,0,4,15185,20,1,1,0,4,0,15,1,1,pre_allocation
5,1946,greenran_low,0,0,65535_65535,0,4,15185,26,1,1,1,5,26,15,1,1,allocated
5,1946,greenran_low,0,0,65535_65535,0,5,15185,20,1,1,0,4,0,15,1,1,pre_allocation
5,1946,greenran_low,0,0,65535_65535,0,5,15185,26,1,1,1,5,26,15,1,1,allocated
5,1946,greenran_low,0,0,65535_65535,0,1,15185,26,1,1,0,5,0,15,1,1,pre_allocation
5,1946,greenran_low,0,0,65535_65535,0,1,15185,32,1,1,1,6,32,15,1,1,allocated
5,1946,greenran_low,0,0,65535_65535,0,2,15185,26,1,1,0,5,0,15,1,1,pre_allocation
5,1946,greenran_low,0,0,65535_65535,0,2,15185,32,1,1,1,6,32,15,1,1,allocated
5,1946,greenran_low,0,0,65535_65535,0,3,15185,26,1,1,0,5,0,15,1,1,pre_allocation
5,1946,greenran_low,0,0,65535_65535,0,3,15185,32,1,1,1,6,32,15,1,1,allocated
5,1946,greenran_low,0,0,65535_65535,0,4,15185,26,1,1,0,5,0,15,1,1,pre_allocation
5,1946,greenran_low,0,0,65535_65535,0,4,15185,32,1,1,1,6,32,15,1,1,allocated
5,1946,greenran_low,0,0,65535_65535,0,5,15185,26,1,1,0,5,0,15,1,1,pre_allocation
5,1946,greenran_low,0,0,65535_65535,0,5,15185,32,1,1,1,6,32,15,1,1,allocated
5,1946,greenran_low,0,0,65535_65535,0,1,15185,32,1,1,0,6,0,15,1,1,pre_allocation
5,1946,greenran_low,0,0,65535_65535,0,1,15185,38,1,1,1,7,38,15,1,1,allocated
5,1946,greenran_low,0,0,65535_65535,0,2,15185,32,1,1,0,6,0,15,1,1,pre_allocation
5,1946,greenran_low,0,0,65535_65535,0,2,15185,38,1,1,1,7,38,15,1,1,allocated
5,1946,greenran_low,0,0,65535_65535,0,3,15185,32,1,1,0,6,0,15,1,1,pre_allocation
5,1946,greenran_low,0,0,65535_65535,0,3,15185,38,1,1,1,7,38,15,1,1,allocated
5,1946,greenran_low,0,0,65535_65535,0,4,15185,32,1,1,0,6,0,15,1,1,pre_allocation
5,1946,greenran_low,0,0,65535_65535,0,4,15185,38,1,1,1,7,38,15,1,1,allocated
5,1946,greenran_low,0,0,65535_65535,0,5,15185,32,1,1,0,6,0,15,1,1,pre_allocation
5,1946,greenran_low,0,0,65535_65535,0,5,15185,38,1,1,1,7,38,15,1,1,allocated
5,1946,greenran_low,0,0,65535_65535,0,1,15185,38,1,1,0,7,0,15,1,1,pre_allocation
5,1946,greenran_low,0,0,65535_65535,0,1,15185,44,1,1,1,8,44,15,1,1,allocated
5,1946,greenran_low,0,0,65535_65535,0,2,15185,38,1,1,0,7,0,15,1,1,pre_allocation
5,1946,greenran_low,0,0,65535_65535,0,2,15185,44,1,1,1,8,44,15,1,1,allocated
5,1946,greenran_low,0,0,65535_65535,0,3,15185,38,1,1,0,7,0,15,1,1,pre_allocation
5,1946,greenran_low,0,0,65535_65535,0,3,15185,44,1,1,1,8,44,15,1,1,allocated
5,1946,greenran_low,0,0,65535_65535,0,4,15185,38,1,1,0,7,0,15,1,1,pre_allocation
5,1946,greenran_low,0,0,65535_65535,0,4,15185,44,1,1,1,8,44,15,1,1,allocated
5,1946,greenran_low,0,0,65535_65535,0,5,15185,38,1,1,0,7,0,15,1,1,pre_allocation
5,1946,greenran_low,0,0,65535_65535,0,5,15185,44,1,1,1,8,44,15,1,1,allocated
5,1946,greenran_low,0,0,65535_65535,0,1,15185,44,1,1,0,8,0,15,1,1,pre_allocation
5,1946,greenran_low,0,0,65535_65535,0,1,15185,50,1,1,1,9,50,15,1,1,allocated
5,1946,greenran_low,0,0,65535_65535,0,2,15185,44,1,1,0,8,0,15,1,1,pre_allocation
5,1946,greenran_low,0,0,65535_65535,0,2,15185,50,1,1,1,9,50,15,1,1,allocated
5,1946,greenran_low,0,0,65535_65535,0,3,15185,44,1,1,0,8,0,15,1,1,pre_allocation
5,1946,greenran_low,0,0,65535_65535,0,3,15185,50,1,1,1,9,50,15,1,1,allocated
5,1946,greenran_low,0,0,65535_65535,0,4,15185,44,1,1,0,8,0,15,1,1,pre_allocation
5,1946,greenran_low,0,0,65535_65535,0,4,15185,50,1,1,1,9,50,15,1,1,allocated
5,1946,greenran_low,0,0,65535_65535,0,5,15185,44,1,1,0,8,0,15,1,1,pre_allocation
5,1946,greenran_low,0,0,65535_65535,0,5,15185,50,1,1,1,9,50,15,1,1,allocated
5,1946,greenran_low,0,0,65535_65535,0,1,15185,50,1,1,0,9,0,15,1,1,pre_allocation
5,1946,greenran_low,0,0,65535_65535,0,1,15185,56,1,1,1,10,56,15,1,1,allocated
5,1946,greenran_low,0,0,65535_65535,0,2,15185,50,1,1,0,9,0,15,1,1,pre_allocation
5,1946,greenran_low,0,0,65535_65535,0,2,15185,56,1,1,1,10,56,15,1,1,allocated
5,1946,greenran_low,0,0,65535_65535,0,3,15185,50,1,1,0,9,0,15,1,1,pre_allocation
5,1946,greenran_low,0,0,65535_65535,0,3,15185,56,1,1,1,10,56,15,1,1,allocated
5,1946,greenran_low,0,0,65535_65535,0,4,15185,50,1,1,0,9,0,15,1,1,pre_allocation
5,1946,greenran_low,0,0,65535_65535,0,4,15185,56,1,1,1,10,56,15,1,1,allocated
5,1946,greenran_low,0,0,65535_65535,0,5,15185,50,1,1,0,9,0,15,1,1,pre_allocation
5,1946,greenran_low,0,0,65535_65535,0,5,15185,56,1,1,1,10,56,15,1,1,allocated
5,1946,greenran_low,0,0,65535_65535,0,1,15185,56,1,1,0,10,0,15,1,1,pre_allocation
5,1946,greenran_low,0,0,65535_65535,0,1,15185,62,1,1,1,11,62,15,1,1,allocated
5,1946,greenran_low,0,0,65535_65535,0,2,15185,56,1,1,0,10,0,15,1,1,pre_allocation
5,1946,greenran_low,0,0,65535_65535,0,2,15185,62,1,1,1,11,62,15,1,1,allocated
5,1946,greenran_low,0,0,65535_65535,0,3,15185,56,1,1,0,10,0,15,1,1,pre_allocation
5,1946,greenran_low,0,0,65535_65535,0,3,15185,62,1,1,1,11,62,15,1,1,allocated
5,1946,greenran_low,0,0,65535_65535,0,4,15185,56,1,1,0,10,0,15,1,1,pre_allocation
5,1946,greenran_low,0,0,65535_65535,0,4,15185,62,1,1,1,11,62,15,1,1,allocated
5,1946,greenran_low,0,0,65535_65535,0,5,15185,56,1,1,0,10,0,15,1,1,pre_allocation
5,1946,greenran_low,0,0,65535_65535,0,5,15185,62,1,1,1,11,62,15,1,1,allocated
5,1946,greenran_low,0,0,65535_65535,0,1,15185,62,1,1,0,11,0,15,1,1,pre_allocation
5,1946,greenran_low,0,0,65535_65535,0,1,15185,68,1,1,1,12,68,15,1,1,allocated
5,1946,greenran_low,0,0,65535_65535,0,2,15185,62,1,1,0,11,0,15,1,1,pre_allocation
5,1946,greenran_low,0,0,65535_65535,0,2,15185,68,1,1,1,12,68,15,1,1,allocated
5,1946,greenran_low,0,0,65535_65535,0,3,15185,62,1,1,0,11,0,15,1,1,pre_allocation
5,1946,greenran_low,0,0,65535_65535,0,3,15185,68,1,1,1,12,68,15,1,1,allocated
5,1946,greenran_low,0,0,65535_65535,0,4,15185,62,1,1,0,11,0,15,1,1,pre_allocation
5,1946,greenran_low,0,0,65535_65535,0,4,15185,68,1,1,1,12,68,15,1,1,allocated
5,1946,greenran_low,0,0,65535_65535,0,5,15185,62,1,1,0,11,0,15,1,1,pre_allocation
5,1946,greenran_low,0,0,65535_65535,0,5,15185,68,1,1,1,12,68,15,1,1,allocated
5,1946,greenran_low,0,0,65535_65535,0,1,15185,68,1,1,0,12,0,15,1,1,pre_allocation
5,1946,greenran_low,0,0,65535_65535,0,1,15185,74,1,1,1,13,74,15,1,1,allocated
5,1946,greenran_low,0,0,65535_65535,0,2,15185,68,1,1,0,12,0,15,1,1,pre_allocation
5,1946,greenran_low,0,0,65535_65535,0,2,15185,74,1,1,1,13,74,15,1,1,allocated
5,1946,greenran_low,0,0,65535_65535,0,3,15185,68,1,1,0,12,0,15,1,1,pre_allocation
5,1946,greenran_low,0,0,65535_65535,0,3,15185,74,1,1,1,13,74,15,1,1,allocated
5,1946,greenran_low,0,0,65535_65535,0,4,15185,68,1,1,0,12,0,15,1,1,pre_allocation
5,1946,greenran_low,0,0,65535_65535,0,4,15185,74,1,1,1,13,74,15,1,1,allocated
5,1946,greenran_low,0,0,65535_65535,0,5,15185,68,1,1,0,12,0,15,1,1,pre_allocation
5,1946,greenran_low,0,0,65535_65535,0,5,15185,74,1,1,1,13,74,15,1,1,allocated
5,1946,greenran_low,0,0,65535_65535,0,1,15185,74,1,1,0,13,0,15,1,1,pre_allocation
5,1946,greenran_low,0,0,65535_65535,0,1,15185,80,1,1,1,14,80,15,1,1,allocated
5,1946,greenran_low,0,0,65535_65535,0,2,15185,74,1,1,0,13,0,15,1,1,pre_allocation
5,1946,greenran_low,0,0,65535_65535,0,2,15185,80,1,1,1,14,80,15,1,1,allocated
5,1946,greenran_low,0,0,65535_65535,0,3,15185,74,1,1,0,13,0,15,1,1,pre_allocation
5,1946,greenran_low,0,0,65535_65535,0,3,15185,80,1,1,1,14,80,15,1,1,allocated
5,1946,greenran_low,0,0,65535_65535,0,4,15185,74,1,1,0,13,0,15,1,1,pre_allocation
5,1946,greenran_low,0,0,65535_65535,0,4,15185,80,1,1,1,14,80,15,1,1,allocated
5,1946,greenran_low,0,0,65535_65535,0,5,15185,74,1,1,0,13,0,15,1,1,pre_allocation
5,1946,greenran_low,0,0,65535_65535,0,5,15185,80,1,1,1,14,80,15,1,1,allocated
5,1946,greenran_low,0,0,65535_65535,0,1,15185,80,1,1,0,14,0,15,1,1,pre_allocation
5,1946,greenran_low,0,0,65535_65535,0,1,15185,86,1,1,1,15,86,15,1,1,allocated
5,1946,greenran_low,0,0,65535_65535,0,2,15185,80,1,1,0,14,0,15,1,1,pre_allocation
5,1946,greenran_low,0,0,65535_65535,0,2,15185,86,1,1,1,15,86,15,1,1,allocated
5,1946,greenran_low,0,0,65535_65535,0,3,15185,80,1,1,0,14,0,15,1,1,pre_allocation
5,1946,greenran_low,0,0,65535_65535,0,3,15185,86,1,1,1,15,86,15,1,1,allocated
5,1946,greenran_low,0,0,65535_65535,0,4,15185,80,1,1,0,14,0,15,1,1,pre_allocation
5,1946,greenran_low,0,0,65535_65535,0,4,15185,86,1,1,1,15,86,15,1,1,allocated
5,1946,greenran_low,0,0,65535_65535,0,5,15185,80,1,1,0,14,0,15,1,1,pre_allocation
5,1946,greenran_low,0,0,65535_65535,0,5,15185,86,1,1,1,15,86,15,1,1,allocated
5,1946,greenran_low,0,0,65535_65535,0,1,15185,86,1,1,0,15,0,15,1,1,pre_allocation
5,1946,greenran_low,0,0,65535_65535,0,1,15185,92,1,1,1,16,92,15,1,1,allocated
5,1946,greenran_low,0,0,65535_65535,0,2,15185,86,1,1,0,15,0,15,1,1,pre_allocation
5,1946,greenran_low,0,0,65535_65535,0,2,15185,92,1,1,1,16,92,15,1,1,allocated
5,1946,greenran_low,0,0,65535_65535,0,3,15185,86,1,1,0,15,0,15,1,1,pre_allocation
5,1946,greenran_low,0,0,65535_65535,0,3,15185,92,1,1,1,16,92,15,1,1,allocated
5,1946,greenran_low,0,0,65535_65535,0,4,15185,86,1,1,0,15,0,15,1,1,pre_allocation
5,1946,greenran_low,0,0,65535_65535,0,4,15185,92,1,1,1,16,92,15,1,1,allocated
5,1946,greenran_low,0,0,65535_65535,0,5,15185,86,1,1,0,15,0,15,1,1,pre_allocation
5,1946,greenran_low,0,0,65535_65535,0,5,15185,92,1,1,1,16,92,15,1,1,allocated
5,1946,greenran_low,0,0,65535_65535,0,1,15185,92,1,1,0,16,0,15,1,1,pre_allocation
5,1946,greenran_low,0,0,65535_65535,0,1,15185,97,1,1,1,17,97,15,1,1,allocated
5,1946,greenran_low,0,0,65535_65535,0,2,15185,92,1,1,0,16,0,15,1,1,pre_allocation
5,1946,greenran_low,0,0,65535_65535,0,2,15185,97,1,1,1,17,97,15,1,1,allocated
5,1946,greenran_low,0,0,65535_65535,0,3,15185,92,1,1,0,16,0,15,1,1,pre_allocation
5,1946,greenran_low,0,0,65535_65535,0,3,15185,97,1,1,1,17,97,15,1,1,allocated
5,1946,greenran_low,0,0,65535_65535,0,4,15185,92,1,1,0,16,0,15,1,1,pre_allocation
5,1946,greenran_low,0,0,65535_65535,0,4,15185,97,1,1,1,17,97,15,1,1,allocated
5,1946,greenran_low,0,0,65535_65535,0,5,15185,92,1,1,0,16,0,15,1,1,pre_allocation
5,1946,greenran_low,0,0,65535_65535,0,5,15185,97,1,1,1,17,97,15,1,1,allocated
5,1946,greenran_low,0,0,65535_65535,0,1,15185,97,1,1,0,17,0,15,1,1,pre_allocation
5,1946,greenran_low,0,0,65535_65535,0,1,15185,103,1,1,1,18,103,15,1,1,allocated
5,1946,greenran_low,0,0,65535_65535,0,2,15185,97,1,1,0,17,0,15,1,1,pre_allocation
5,1946,greenran_low,0,0,65535_65535,0,2,15185,103,1,1,1,18,103,15,1,1,allocated
5,1946,greenran_low,0,0,65535_65535,0,3,15185,97,1,1,0,17,0,15,1,1,pre_allocation
5,1946,greenran_low,0,0,65535_65535,0,3,15185,103,1,1,1,18,103,15,1,1,allocated
5,1946,greenran_low,0,0,65535_65535,0,4,15185,97,1,1,0,17,0,15,1,1,pre_allocation
5,1946,greenran_low,0,0,65535_65535,0,4,15185,103,1,1,1,18,103,15,1,1,allocated
5,1946,greenran_low,0,0,65535_65535,0,5,15185,97,1,1,0,17,0,15,1,1,pre_allocation
5,1946,greenran_low,0,0,65535_65535,0,5,15185,103,1,1,1,18,103,15,1,1,allocated
5,1946,greenran_low,0,0,65535_65535,0,1,15185,103,1,1,0,18,0,15,1,1,pre_allocation
5,1946,greenran_low,0,0,65535_65535,0,1,15185,109,1,1,1,19,109,15,1,1,allocated
5,1946,greenran_low,0,0,65535_65535,0,2,15185,103,1,1,0,18,0,15,1,1,pre_allocation
5,1946,greenran_low,0,0,65535_65535,0,2,15185,109,1,1,1,19,109,15,1,1,allocated
5,1946,greenran_low,0,0,65535_65535,0,3,15185,103,1,1,0,18,0,15,1,1,pre_allocation
5,1946,greenran_low,0,0,65535_65535,0,3,15185,109,1,1,1,19,109,15,1,1,allocated
5,1946,greenran_low,0,0,65535_65535,0,4,15185,103,1,1,0,18,0,15,1,1,pre_allocation
5,1946,greenran_low,0,0,65535_65535,0,4,15185,109,1,1,1,19,109,15,1,1,allocated
5,1946,greenran_low,0,0,65535_65535,0,5,15185,103,1,1,0,18,0,15,1,1,pre_allocation
5,1946,greenran_low,0,0,65535_65535,0,5,15185,109,1,1,1,19,109,15,1,1,allocated
5,1946,greenran_low,0,0,65535_65535,0,1,15185,109,1,1,0,19,0,15,1,1,pre_allocation
5,1946,greenran_low,0,0,65535_65535,0,1,15185,115,1,1,1,20,115,15,1,1,allocated
5,1946,greenran_low,0,0,65535_65535,0,2,15185,109,1,1,0,19,0,15,1,1,pre_allocation
5,1946,greenran_low,0,0,65535_65535,0,2,15185,115,1,1,1,20,115,15,1,1,allocated
5,1946,greenran_low,0,0,65535_65535,0,3,15185,109,1,1,0,19,0,15,1,1,pre_allocation
5,1946,greenran_low,0,0,65535_65535,0,3,15185,115,1,1,1,20,115,15,1,1,allocated
5,1946,greenran_low,0,0,65535_65535,0,4,15185,109,1,1,0,19,0,15,1,1,pre_allocation
5,1946,greenran_low,0,0,65535_65535,0,4,15185,115,1,1,1,20,115,15,1,1,allocated
5,1946,greenran_low,0,0,65535_65535,0,5,15185,109,1,1,0,19,0,15,1,1,pre_allocation
5,1946,greenran_low,0,0,65535_65535,0,5,15185,115,1,1,1,20,115,15,1,1,allocated
5,1946,greenran_low,0,0,65535_65535,0,1,15185,115,1,1,0,20,0,15,1,1,pre_allocation
5,1946,greenran_low,0,0,65535_65535,0,1,15185,121,1,1,1,21,121,15,1,1,allocated
5,1946,greenran_low,0,0,65535_65535,0,2,15185,115,1,1,0,20,0,15,1,1,pre_allocation
5,1946,greenran_low,0,0,65535_65535,0,2,15185,121,1,1,1,21,121,15,1,1,allocated
5,1946,greenran_low,0,0,65535_65535,0,3,15185,115,1,1,0,20,0,15,1,1,pre_allocation
5,1946,greenran_low,0,0,65535_65535,0,3,15185,121,1,1,1,21,121,15,1,1,allocated
5,1946,greenran_low,0,0,65535_65535,0,4,15185,115,1,1,0,20,0,15,1,1,pre_allocation
5,1946,greenran_low,0,0,65535_65535,0,4,15185,121,1,1,1,21,121,15,1,1,allocated
5,1946,greenran_low,0,0,65535_65535,0,5,15185,115,1,1,0,20,0,15,1,1,pre_allocation
5,1946,greenran_low,0,0,65535_65535,0,5,15185,121,1,1,1,21,121,15,1,1,allocated
5,1946,greenran_low,0,0,65535_65535,0,1,15185,121,1,1,0,21,0,15,1,1,pre_allocation
5,1946,greenran_low,0,0,65535_65535,0,1,15185,127,1,1,1,22,127,15,1,1,allocated
5,1946,greenran_low,0,0,65535_65535,0,2,15185,121,1,1,0,21,0,15,1,1,pre_allocation
5,1946,greenran_low,0,0,65535_65535,0,2,15185,127,1,1,1,22,127,15,1,1,allocated
5,1946,greenran_low,0,0,65535_65535,0,3,15185,121,1,1,0,21,0,15,1,1,pre_allocation
5,1946,greenran_low,0,0,65535_65535,0,3,15185,127,1,1,1,22,127,15,1,1,allocated
5,1946,greenran_low,0,0,65535_65535,0,4,15185,121,1,1,0,21,0,15,1,1,pre_allocation
5,1946,greenran_low,0,0,65535_65535,0,4,15185,127,1,1,1,22,127,15,1,1,allocated
5,1946,greenran_low,0,0,65535_65535,0,5,15185,121,1,1,0,21,0,15,1,1,pre_allocation
5,1946,greenran_low,0,0,65535_65535,0,5,15185,127,1,1,1,22,127,15,1,1,allocated
5,1946,greenran_low,0,0,65535_65535,0,1,15185,127,1,1,0,22,0,15,1,1,pre_allocation
5,1946,greenran_low,0,0,65535_65535,0,1,15185,133,1,1,1,23,133,15,1,1,allocated
5,1946,greenran_low,0,0,65535_65535,0,2,15185,127,1,1,0,22,0,15,1,1,pre_allocation
5,1946,greenran_low,0,0,65535_65535,0,2,15185,133,1,1,1,23,133,15,1,1,allocated
5,1946,greenran_low,0,0,65535_65535,0,3,15185,127,1,1,0,22,0,15,1,1,pre_allocation
5,1946,greenran_low,0,0,65535_65535,0,3,15185,133,1,1,1,23,133,15,1,1,allocated
5,1946,greenran_low,0,0,65535_65535,0,4,15185,127,1,1,0,22,0,15,1,1,pre_allocation
5,1946,greenran_low,0,0,65535_65535,0,4,15185,133,1,1,1,23,133,15,1,1,allocated
5,1946,greenran_low,0,0,65535_65535,0,5,15185,127,1,1,0,22,0,15,1,1,pre_allocation
5,1946,greenran_low,0,0,65535_65535,0,5,15185,133,1,1,1,23,133,15,1,1,allocated
5,1946,greenran_low,0,0,65535_65535,0,1,15185,133,1,1,0,23,0,15,1,1,pre_allocation
5,1946,greenran_low,0,0,65535_65535,0,1,15185,139,1,1,1,24,139,15,1,1,allocated
5,1946,greenran_low,0,0,65535_65535,0,2,15185,133,1,1,0,23,0,15,1,1,pre_allocation
5,1946,greenran_low,0,0,65535_65535,0,2,15185,139,1,1,1,24,139,15,1,1,allocated
5,1946,greenran_low,0,0,65535_65535,0,3,15185,133,1,1,0,23,0,15,1,1,pre_allocation
5,1946,greenran_low,0,0,65535_65535,0,3,15185,139,1,1,1,24,139,15,1,1,allocated
5,1946,greenran_low,0,0,65535_65535,0,4,15185,133,1,1,0,23,0,15,1,1,pre_allocation
5,1946,greenran_low,0,0,65535_65535,0,4,15185,139,1,1,1,24,139,15,1,1,allocated
5,1946,greenran_low,0,0,65535_65535,0,5,15185,133,1,1,0,23,0,15,1,1,pre_allocation
5,1946,greenran_low,0,0,65535_65535,0,5,15185,139,1,1,1,24,139,15,1,1,allocated
5,1946,greenran_low,0,0,65535_65535,0,1,15185,139,1,1,0,24,0,15,1,1,pre_allocation
5,1946,greenran_low,0,0,65535_65535,0,1,15185,145,1,1,1,25,145,15,1,1,allocated
5,1946,greenran_low,0,0,65535_65535,0,2,15185,139,1,1,0,24,0,15,1,1,pre_allocation
5,1946,greenran_low,0,0,65535_65535,0,2,15185,145,1,1,1,25,145,15,1,1,allocated
5,1946,greenran_low,0,0,65535_65535,0,3,15185,139,1,1,0,24,0,15,1,1,pre_allocation
5,1946,greenran_low,0,0,65535_65535,0,3,15185,145,1,1,1,25,145,15,1,1,allocated
5,1946,greenran_low,0,0,65535_65535,0,4,15185,139,1,1,0,24,0,15,1,1,pre_allocation
5,1946,greenran_low,0,0,65535_65535,0,4,15185,145,1,1,1,25,145,15,1,1,allocated
5,1946,greenran_low,0,0,65535_65535,0,5,15185,139,1,1,0,24,0,15,1,1,pre_allocation
5,1946,greenran_low,0,0,65535_65535,0,5,15185,145,1,1,1,25,145,15,1,1,allocated
5,1946,greenran_low,0,0,65535_65535,0,1,15185,145,1,1,0,25,0,15,1,1,pre_allocation
5,1946,greenran_low,0,0,65535_65535,0,1,15185,151,1,1,1,26,151,15,1,1,allocated
5,1946,greenran_low,0,0,65535_65535,0,2,15185,145,1,1,0,25,0,15,1,1,pre_allocation
5,1946,greenran_low,0,0,65535_65535,0,2,15185,151,1,1,1,26,151,15,1,1,allocated
5,1946,greenran_low,0,0,65535_65535,0,3,15185,145,1,1,0,25,0,15,1,1,pre_allocation
5,1946,greenran_low,0,0,65535_65535,0,3,15185,151,1,1,1,26,151,15,1,1,allocated
5,1946,greenran_low,0,0,65535_65535,0,4,15185,145,1,1,0,25,0,15,1,1,pre_allocation
5,1946,greenran_low,0,0,65535_65535,0,4,15185,151,1,1,1,26,151,15,1,1,allocated
5,1946,greenran_low,0,0,65535_65535,0,5,15185,145,1,1,0,25,0,15,1,1,pre_allocation
5,1946,greenran_low,0,0,65535_65535,0,5,15185,151,1,1,1,26,151,15,1,1,allocated
5,1946,greenran_low,0,0,65535_65535,0,1,15185,151,1,1,0,26,0,15,1,1,pre_allocation
5,1946,greenran_low,0,0,65535_65535,0,1,15185,157,1,1,1,27,157,15,1,1,allocated
5,1946,greenran_low,0,0,65535_65535,0,2,15185,151,1,1,0,26,0,15,1,1,pre_allocation
5,1946,greenran_low,0,0,65535_65535,0,2,15185,157,1,1,1,27,157,15,1,1,allocated
5,1946,greenran_low,0,0,65535_65535,0,3,15185,151,1,1,0,26,0,15,1,1,pre_allocation
5,1946,greenran_low,0,0,65535_65535,0,3,15185,157,1,1,1,27,157,15,1,1,allocated
5,1946,greenran_low,0,0,65535_65535,0,4,15185,151,1,1,0,26,0,15,1,1,pre_allocation
5,1946,greenran_low,0,0,65535_65535,0,4,15185,157,1,1,1,27,157,15,1,1,allocated
5,1946,greenran_low,0,0,65535_65535,0,5,15185,151,1,1,0,26,0,15,1,1,pre_allocation
5,1946,greenran_low,0,0,65535_65535,0,5,15185,157,1,1,1,27,157,15,1,1,allocated
5,1946,greenran_low,0,0,65535_65535,0,1,15185,157,1,1,0,27,0,15,1,1,pre_allocation
5,1946,greenran_low,0,0,65535_65535,0,1,15185,163,1,1,1,28,163,15,1,1,allocated
5,1946,greenran_low,0,0,65535_65535,0,2,15185,157,1,1,0,27,0,15,1,1,pre_allocation
5,1946,greenran_low,0,0,65535_65535,0,2,15185,163,1,1,1,28,163,15,1,1,allocated
5,1946,greenran_low,0,0,65535_65535,0,3,15185,157,1,1,0,27,0,15,1,1,pre_allocation
5,1946,greenran_low,0,0,65535_65535,0,3,15185,163,1,1,1,28,163,15,1,1,allocated
5,1946,greenran_low,0,0,65535_65535,0,4,15185,157,1,1,0,27,0,15,1,1,pre_allocation
5,1946,greenran_low,0,0,65535_65535,0,4,15185,163,1,1,1,28,163,15,1,1,allocated
5,1946,greenran_low,0,0,65535_65535,0,5,15185,157,1,1,0,27,0,15,1,1,pre_allocation
5,1946,greenran_low,0,0,65535_65535,0,5,15185,163,1,1,1,28,163,15,1,1,allocated
5,1946,greenran_low,0,0,65535_65535,0,1,15185,163,1,1,0,28,0,15,1,1,pre_allocation
5,1946,greenran_low,0,0,65535_65535,0,1,15185,169,1,1,1,29,169,15,1,1,allocated
5,1946,greenran_low,0,0,65535_65535,0,2,15185,163,1,1,0,28,0,15,1,1,pre_allocation
5,1946,greenran_low,0,0,65535_65535,0,2,15185,169,1,1,1,29,169,15,1,1,allocated
5,1946,greenran_low,0,0,65535_65535,0,3,15185,163,1,1,0,28,0,15,1,1,pre_allocation
5,1946,greenran_low,0,0,65535_65535,0,3,15185,169,1,1,1,29,169,15,1,1,allocated
5,1946,greenran_low,0,0,65535_65535,0,4,15185,163,1,1,0,28,0,15,1,1,pre_allocation
5,1946,greenran_low,0,0,65535_65535,0,4,15185,169,1,1,1,29,169,15,1,1,allocated
5,1946,greenran_low,0,0,65535_65535,0,5,15185,163,1,1,0,28,0,15,1,1,pre_allocation
5,1946,greenran_low,0,0,65535_65535,0,5,15185,169,1,1,1,29,169,15,1,1,allocated
5,1946,greenran_low,0,0,65535_65535,0,1,15185,169,1,1,0,29,0,15,1,1,pre_allocation
5,1946,greenran_low,0,0,65535_65535,0,1,15185,175,1,1,1,30,175,15,1,1,allocated
5,1946,greenran_low,0,0,65535_65535,0,2,15185,169,1,1,0,29,0,15,1,1,pre_allocation
5,1946,greenran_low,0,0,65535_65535,0,2,15185,175,1,1,1,30,175,15,1,1,allocated
5,1946,greenran_low,0,0,65535_65535,0,3,15185,169,1,1,0,29,0,15,1,1,pre_allocation
5,1946,greenran_low,0,0,65535_65535,0,3,15185,175,1,1,1,30,175,15,1,1,allocated
5,1946,greenran_low,0,0,65535_65535,0,4,15185,169,1,1,0,29,0,15,1,1,pre_allocation
5,1946,greenran_low,0,0,65535_65535,0,4,15185,175,1,1,1,30,175,15,1,1,allocated
5,1946,greenran_low,0,0,65535_65535,0,5,15185,169,1,1,0,29,0,15,1,1,pre_allocation
5,1946,greenran_low,0,0,65535_65535,0,5,15185,175,1,1,1,30,175,15,1,1,allocated
5,1946,greenran_low,0,0,65535_65535,0,1,15185,175,1,1,0,30,0,15,1,1,pre_allocation
5,1946,greenran_low,0,0,65535_65535,0,1,15185,181,1,1,1,31,181,15,1,1,allocated
5,1946,greenran_low,0,0,65535_65535,0,2,15185,175,1,1,0,30,0,15,1,1,pre_allocation
5,1946,greenran_low,0,0,65535_65535,0,2,15185,181,1,1,1,31,181,15,1,1,allocated
5,1946,greenran_low,0,0,65535_65535,0,3,15185,175,1,1,0,30,0,15,1,1,pre_allocation
5,1946,greenran_low,0,0,65535_65535,0,3,15185,181,1,1,1,31,181,15,1,1,allocated
5,1946,greenran_low,0,0,65535_65535,0,4,15185,175,1,1,0,30,0,15,1,1,pre_allocation
5,1946,greenran_low,0,0,65535_65535,0,4,15185,181,1,1,1,31,181,15,1,1,allocated
5,1946,greenran_low,0,0,65535_65535,0,5,15185,175,1,1,0,30,0,15,1,1,pre_allocation
5,1946,greenran_low,0,0,65535_65535,0,5,15185,181,1,1,1,31,181,15,1,1,allocated
5,1946,greenran_low,0,0,65535_65535,0,1,15185,181,1,1,0,31,0,15,1,1,pre_allocation
5,1946,greenran_low,0,0,65535_65535,0,1,15185,187,1,1,1,32,187,15,1,1,allocated
5,1946,greenran_low,0,0,65535_65535,0,2,15185,181,1,1,0,31,0,15,1,1,pre_allocation
5,1946,greenran_low,0,0,65535_65535,0,2,15185,187,1,1,1,32,187,15,1,1,allocated
5,1946,greenran_low,0,0,65535_65535,0,3,15185,181,1,1,0,31,0,15,1,1,pre_allocation
5,1946,greenran_low,0,0,65535_65535,0,3,15185,187,1,1,1,32,187,15,1,1,allocated
5,1946,greenran_low,0,0,65535_65535,0,4,15185,181,1,1,0,31,0,15,1,1,pre_allocation
5,1946,greenran_low,0,0,65535_65535,0,4,15185,187,1,1,1,32,187,15,1,1,allocated
5,1946,greenran_low,0,0,65535_65535,0,5,15185,181,1,1,0,31,0,15,1,1,pre_allocation
5,1946,greenran_low,0,0,65535_65535,0,5,15185,187,1,1,1,32,187,15,1,1,allocated
5,1946,greenran_low,0,0,65535_65535,0,1,15185,187,1,1,0,32,0,15,1,1,pre_allocation
5,1946,greenran_low,0,0,65535_65535,0,1,15185,193,1,1,1,33,193,15,1,1,allocated
5,1946,greenran_low,0,0,65535_65535,0,2,15185,187,1,1,0,32,0,15,1,1,pre_allocation
5,1946,greenran_low,0,0,65535_65535,0,2,15185,193,1,1,1,33,193,15,1,1,allocated
5,1946,greenran_low,0,0,65535_65535,0,3,15185,187,1,1,0,32,0,15,1,1,pre_allocation
5,1946,greenran_low,0,0,65535_65535,0,3,15185,193,1,1,1,33,193,15,1,1,allocated
5,1946,greenran_low,0,0,65535_65535,0,4,15185,187,1,1,0,32,0,15,1,1,pre_allocation
5,1946,greenran_low,0,0,65535_65535,0,4,15185,193,1,1,1,33,193,15,1,1,allocated
5,1946,greenran_low,0,0,65535_65535,0,5,15185,187,1,1,0,32,0,15,1,1,pre_allocation
5,1946,greenran_low,0,0,65535_65535,0,5,15185,193,1,1,1,33,193,15,1,1,allocated
5,1946,greenran_low,0,0,65535_65535,0,1,15185,193,1,1,0,33,0,15,1,1,pre_allocation
5,1946,greenran_low,0,0,65535_65535,0,1,15185,198,1,1,1,34,198,15,1,1,allocated
5,1946,greenran_low,0,0,65535_65535,0,2,15185,193,1,1,0,33,0,15,1,1,pre_allocation
5,1946,greenran_low,0,0,65535_65535,0,2,15185,198,1,1,1,34,198,15,1,1,allocated
5,1946,greenran_low,0,0,65535_65535,0,3,15185,193,1,1,0,33,0,15,1,1,pre_allocation
5,1946,greenran_low,0,0,65535_65535,0,3,15185,198,1,1,1,34,198,15,1,1,allocated
5,1946,greenran_low,0,0,65535_65535,0,4,15185,193,1,1,0,33,0,15,1,1,pre_allocation
5,1946,greenran_low,0,0,65535_65535,0,4,15185,198,1,1,1,34,198,15,1,1,allocated
5,1946,greenran_low,0,0,65535_65535,0,5,15185,193,1,1,0,33,0,15,1,1,pre_allocation
5,1946,greenran_low,0,0,65535_65535,0,5,15185,198,1,1,1,34,198,15,1,1,allocated
5,1946,greenran_low,0,0,65535_65535,0,1,15185,198,1,1,0,34,0,15,1,1,pre_allocation
5,1946,greenran_low,0,0,65535_65535,0,1,15185,204,1,1,1,35,204,15,1,1,allocated
5,1946,greenran_low,0,0,65535_65535,0,2,15185,198,1,1,0,34,0,15,1,1,pre_allocation
5,1946,greenran_low,0,0,65535_65535,0,2,15185,204,1,1,1,35,204,15,1,1,allocated
5,1946,greenran_low,0,0,65535_65535,0,3,15185,198,1,1,0,34,0,15,1,1,pre_allocation
5,1946,greenran_low,0,0,65535_65535,0,3,15185,204,1,1,1,35,204,15,1,1,allocated
5,1946,greenran_low,0,0,65535_65535,0,4,15185,198,1,1,0,34,0,15,1,1,pre_allocation
5,1946,greenran_low,0,0,65535_65535,0,4,15185,204,1,1,1,35,204,15,1,1,allocated
5,1946,greenran_low,0,0,65535_65535,0,5,15185,198,1,1,0,34,0,15,1,1,pre_allocation
5,1946,greenran_low,0,0,65535_65535,0,5,15185,204,1,1,1,35,204,15,1,1,allocated
5,1946,greenran_low,0,0,65535_65535,0,1,15185,204,1,1,0,35,0,15,1,1,pre_allocation
5,1946,greenran_low,0,0,65535_65535,0,1,15185,210,1,1,1,36,210,15,1,1,allocated
5,1946,greenran_low,0,0,65535_65535,0,2,15185,204,1,1,0,35,0,15,1,1,pre_allocation
5,1946,greenran_low,0,0,65535_65535,0,2,15185,210,1,1,1,36,210,15,1,1,allocated
5,1946,greenran_low,0,0,65535_65535,2,23,920517,0,1,1,0,0,0,15,1,1,pre_allocation
5,1946,greenran_low,0,0,65535_65535,2,23,920517,2,1,1,1,1,2,15,1,1,allocated
5,1946,greenran_low,0,0,65535_65535,2,21,919349,0,1,1,0,0,0,15,1,1,pre_allocation
5,1946,greenran_low,0,0,65535_65535,2,21,919349,2,1,1,1,1,2,15,1,1,allocated
5,1946,greenran_low,0,0,65535_65535,2,24,919349,0,1,1,0,0,0,15,1,1,pre_allocation
5,1946,greenran_low,0,0,65535_65535,2,24,919349,2,1,1,1,1,2,15,1,1,allocated
5,1946,greenran_low,0,0,65535_65535,2,20,919349,0,1,1,0,0,0,15,1,1,pre_allocation
5,1946,greenran_low,0,0,65535_65535,2,20,919349,2,1,1,1,1,2,15,1,1,allocated
5,1946,greenran_low,0,0,65535_65535,2,22,919349,0,1,1,0,0,0,15,1,1,pre_allocation
5,1946,greenran_low,0,0,65535_65535,2,22,919349,2,1,1,1,1,2,15,1,1,allocated
5,1946,greenran_low,0,0,65535_65535,2,23,920517,2,1,1,0,1,0,15,1,1,pre_allocation
5,1946,greenran_low,0,0,65535_65535,2,23,920517,8,1,1,1,2,8,15,1,1,allocated
5,1946,greenran_low,0,0,65535_65535,2,21,919349,2,1,1,0,1,0,15,1,1,pre_allocation
5,1946,greenran_low,0,0,65535_65535,2,21,919349,8,1,1,1,2,8,15,1,1,allocated
5,1946,greenran_low,0,0,65535_65535,2,24,919349,2,1,1,0,1,0,15,1,1,pre_allocation
5,1946,greenran_low,0,0,65535_65535,2,24,919349,8,1,1,1,2,8,15,1,1,allocated
5,1946,greenran_low,0,0,65535_65535,2,20,919349,2,1,1,0,1,0,15,1,1,pre_allocation
5,1946,greenran_low,0,0,65535_65535,2,20,919349,8,1,1,1,2,8,15,1,1,allocated
5,1946,greenran_low,0,0,65535_65535,2,22,919349,2,1,1,0,1,0,15,1,1,pre_allocation
5,1946,greenran_low,0,0,65535_65535,2,22,919349,8,1,1,1,2,8,15,1,1,allocated
5,1946,greenran_low,0,0,65535_65535,2,23,920517,8,1,1,0,2,0,15,1,1,pre_allocation
5,1946,greenran_low,0,0,65535_65535,2,23,920517,14,1,1,1,3,14,15,1,1,allocated
5,1946,greenran_low,0,0,65535_65535,2,21,919349,8,1,1,0,2,0,15,1,1,pre_allocation
5,1946,greenran_low,0,0,65535_65535,2,21,919349,14,1,1,1,3,14,15,1,1,allocated
5,1946,greenran_low,0,0,65535_65535,2,24,919349,8,1,1,0,2,0,15,1,1,pre_allocation
5,1946,greenran_low,0,0,65535_65535,2,24,919349,14,1,1,1,3,14,15,1,1,allocated
5,1946,greenran_low,0,0,65535_65535,2,20,919349,8,1,1,0,2,0,15,1,1,pre_allocation
5,1946,greenran_low,0,0,65535_65535,2,20,919349,14,1,1,1,3,14,15,1,1,allocated
5,1946,greenran_low,0,0,65535_65535,2,22,919349,8,1,1,0,2,0,15,1,1,pre_allocation
5,1946,greenran_low,0,0,65535_65535,2,22,919349,14,1,1,1,3,14,15,1,1,allocated
5,1946,greenran_low,0,0,65535_65535,2,23,920517,14,1,1,0,3,0,15,1,1,pre_allocation
5,1946,greenran_low,0,0,65535_65535,2,23,920517,20,1,1,1,4,20,15,1,1,allocated
5,1946,greenran_low,0,0,65535_65535,2,21,919349,14,1,1,0,3,0,15,1,1,pre_allocation
5,1946,greenran_low,0,0,65535_65535,2,21,919349,20,1,1,1,4,20,15,1,1,allocated
5,1946,greenran_low,0,0,65535_65535,2,24,919349,14,1,1,0,3,0,15,1,1,pre_allocation
5,1946,greenran_low,0,0,65535_65535,2,24,919349,20,1,1,1,4,20,15,1,1,allocated
5,1946,greenran_low,0,0,65535_65535,2,20,919349,14,1,1,0,3,0,15,1,1,pre_allocation
5,1946,greenran_low,0,0,65535_65535,2,20,919349,20,1,1,1,4,20,15,1,1,allocated
5,1946,greenran_low,0,0,65535_65535,2,22,919349,14,1,1,0,3,0,15,1,1,pre_allocation
5,1946,greenran_low,0,0,65535_65535,2,22,919349,20,1,1,1,4,20,15,1,1,allocated
5,1946,greenran_low,0,0,65535_65535,2,23,920517,20,1,1,0,4,0,15,1,1,pre_allocation
5,1946,greenran_low,0,0,65535_65535,2,23,920517,26,1,1,1,5,26,15,1,1,allocated
5,1946,greenran_low,0,0,65535_65535,2,21,919349,20,1,1,0,4,0,15,1,1,pre_allocation
5,1946,greenran_low,0,0,65535_65535,2,21,919349,26,1,1,1,5,26,15,1,1,allocated
5,1946,greenran_low,0,0,65535_65535,2,24,919349,20,1,1,0,4,0,15,1,1,pre_allocation
5,1946,greenran_low,0,0,65535_65535,2,24,919349,26,1,1,1,5,26,15,1,1,allocated
5,1946,greenran_low,0,0,65535_65535,2,20,919349,20,1,1,0,4,0,15,1,1,pre_allocation
5,1946,greenran_low,0,0,65535_65535,2,20,919349,26,1,1,1,5,26,15,1,1,allocated
5,1946,greenran_low,0,0,65535_65535,2,22,919349,20,1,1,0,4,0,15,1,1,pre_allocation
5,1946,greenran_low,0,0,65535_65535,2,22,919349,26,1,1,1,5,26,15,1,1,allocated
5,1946,greenran_low,0,0,65535_65535,2,23,920517,26,1,1,0,5,0,15,1,1,pre_allocation
5,1946,greenran_low,0,0,65535_65535,2,23,920517,32,1,1,1,6,32,15,1,1,allocated
5,1946,greenran_low,0,0,65535_65535,2,21,919349,26,1,1,0,5,0,15,1,1,pre_allocation
5,1946,greenran_low,0,0,65535_65535,2,21,919349,32,1,1,1,6,32,15,1,1,allocated
5,1946,greenran_low,0,0,65535_65535,2,24,919349,26,1,1,0,5,0,15,1,1,pre_allocation
5,1946,greenran_low,0,0,65535_65535,2,24,919349,32,1,1,1,6,32,15,1,1,allocated
5,1946,greenran_low,0,0,65535_65535,2,20,919349,26,1,1,0,5,0,15,1,1,pre_allocation
5,1946,greenran_low,0,0,65535_65535,2,20,919349,32,1,1,1,6,32,15,1,1,allocated
5,1946,greenran_low,0,0,65535_65535,2,22,919349,26,1,1,0,5,0,15,1,1,pre_allocation
5,1946,greenran_low,0,0,65535_65535,2,22,919349,32,1,1,1,6,32,15,1,1,allocated
5,1946,greenran_low,0,0,65535_65535,2,23,920517,32,1,1,0,6,0,15,1,1,pre_allocation
5,1946,greenran_low,0,0,65535_65535,2,23,920517,38,1,1,1,7,38,15,1,1,allocated
5,1946,greenran_low,0,0,65535_65535,2,21,919349,32,1,1,0,6,0,15,1,1,pre_allocation
5,1946,greenran_low,0,0,65535_65535,2,21,919349,38,1,1,1,7,38,15,1,1,allocated
5,1946,greenran_low,0,0,65535_65535,2,24,919349,32,1,1,0,6,0,15,1,1,pre_allocation
5,1946,greenran_low,0,0,65535_65535,2,24,919349,38,1,1,1,7,38,15,1,1,allocated
5,1946,greenran_low,0,0,65535_65535,2,20,919349,32,1,1,0,6,0,15,1,1,pre_allocation
5,1946,greenran_low,0,0,65535_65535,2,20,919349,38,1,1,1,7,38,15,1,1,allocated
5,1946,greenran_low,0,0,65535_65535,2,22,919349,32,1,1,0,6,0,15,1,1,pre_allocation
5,1946,greenran_low,0,0,65535_65535,2,22,919349,38,1,1,1,7,38,15,1,1,allocated
5,1946,greenran_low,0,0,65535_65535,2,23,920517,38,1,1,0,7,0,15,1,1,pre_allocation
5,1946,greenran_low,0,0,65535_65535,2,23,920517,44,1,1,1,8,44,15,1,1,allocated
5,1946,greenran_low,0,0,65535_65535,2,21,919349,38,1,1,0,7,0,15,1,1,pre_allocation
5,1946,greenran_low,0,0,65535_65535,2,21,919349,44,1,1,1,8,44,15,1,1,allocated
5,1946,greenran_low,0,0,65535_65535,2,24,919349,38,1,1,0,7,0,15,1,1,pre_allocation
5,1946,greenran_low,0,0,65535_65535,2,24,919349,44,1,1,1,8,44,15,1,1,allocated
5,1946,greenran_low,0,0,65535_65535,2,20,919349,38,1,1,0,7,0,15,1,1,pre_allocation
5,1946,greenran_low,0,0,65535_65535,2,20,919349,44,1,1,1,8,44,15,1,1,allocated
5,1946,greenran_low,0,0,65535_65535,2,22,919349,38,1,1,0,7,0,15,1,1,pre_allocation
5,1946,greenran_low,0,0,65535_65535,2,22,919349,44,1,1,1,8,44,15,1,1,allocated
5,1946,greenran_low,0,0,65535_65535,2,23,920517,44,1,1,0,8,0,15,1,1,pre_allocation
5,1946,greenran_low,0,0,65535_65535,2,23,920517,50,1,1,1,9,50,15,1,1,allocated
5,1946,greenran_low,0,0,65535_65535,2,21,919349,44,1,1,0,8,0,15,1,1,pre_allocation
5,1946,greenran_low,0,0,65535_65535,2,21,919349,50,1,1,1,9,50,15,1,1,allocated
5,1946,greenran_low,0,0,65535_65535,2,24,919349,44,1,1,0,8,0,15,1,1,pre_allocation
5,1946,greenran_low,0,0,65535_65535,2,24,919349,50,1,1,1,9,50,15,1,1,allocated
5,1946,greenran_low,0,0,65535_65535,2,20,919349,44,1,1,0,8,0,15,1,1,pre_allocation
5,1946,greenran_low,0,0,65535_65535,2,20,919349,50,1,1,1,9,50,15,1,1,allocated
5,1946,greenran_low,0,0,65535_65535,2,22,919349,44,1,1,0,8,0,15,1,1,pre_allocation
5,1946,greenran_low,0,0,65535_65535,2,22,919349,50,1,1,1,9,50,15,1,1,allocated
5,1946,greenran_low,0,0,65535_65535,2,23,920517,50,1,1,0,9,0,15,1,1,pre_allocation
5,1946,greenran_low,0,0,65535_65535,2,23,920517,56,1,1,1,10,56,15,1,1,allocated
5,1946,greenran_low,0,0,65535_65535,2,21,919349,50,1,1,0,9,0,15,1,1,pre_allocation
5,1946,greenran_low,0,0,65535_65535,2,21,919349,56,1,1,1,10,56,15,1,1,allocated
5,1946,greenran_low,0,0,65535_65535,2,24,919349,50,1,1,0,9,0,15,1,1,pre_allocation
5,1946,greenran_low,0,0,65535_65535,2,24,919349,56,1,1,1,10,56,15,1,1,allocated
5,1946,greenran_low,0,0,65535_65535,2,20,919349,50,1,1,0,9,0,15,1,1,pre_allocation
5,1946,greenran_low,0,0,65535_65535,2,20,919349,56,1,1,1,10,56,15,1,1,allocated
5,1946,greenran_low,0,0,65535_65535,2,22,919349,50,1,1,0,9,0,15,1,1,pre_allocation
5,1946,greenran_low,0,0,65535_65535,2,22,919349,56,1,1,1,10,56,15,1,1,allocated
5,1946,greenran_low,0,0,65535_65535,2,23,920517,56,1,1,0,10,0,15,1,1,pre_allocation
5,1946,greenran_low,0,0,65535_65535,2,23,920517,62,1,1,1,11,62,15,1,1,allocated
5,1946,greenran_low,0,0,65535_65535,2,21,919349,56,1,1,0,10,0,15,1,1,pre_allocation
5,1946,greenran_low,0,0,65535_65535,2,21,919349,62,1,1,1,11,62,15,1,1,allocated
5,1946,greenran_low,0,0,65535_65535,2,24,919349,56,1,1,0,10,0,15,1,1,pre_allocation
5,1946,greenran_low,0,0,65535_65535,2,24,919349,62,1,1,1,11,62,15,1,1,allocated
5,1946,greenran_low,0,0,65535_65535,2,20,919349,56,1,1,0,10,0,15,1,1,pre_allocation
5,1946,greenran_low,0,0,65535_65535,2,20,919349,62,1,1,1,11,62,15,1,1,allocated
5,1946,greenran_low,0,0,65535_65535,2,22,919349,56,1,1,0,10,0,15,1,1,pre_allocation
5,1946,greenran_low,0,0,65535_65535,2,22,919349,62,1,1,1,11,62,15,1,1,allocated
5,1946,greenran_low,0,0,65535_65535,2,23,920517,62,1,1,0,11,0,15,1,1,pre_allocation
5,1946,greenran_low,0,0,65535_65535,2,23,920517,68,1,1,1,12,68,15,1,1,allocated
5,1946,greenran_low,0,0,65535_65535,2,21,919349,62,1,1,0,11,0,15,1,1,pre_allocation
5,1946,greenran_low,0,0,65535_65535,2,21,919349,68,1,1,1,12,68,15,1,1,allocated
5,1946,greenran_low,0,0,65535_65535,2,24,919349,62,1,1,0,11,0,15,1,1,pre_allocation
5,1946,greenran_low,0,0,65535_65535,2,24,919349,68,1,1,1,12,68,15,1,1,allocated
5,1946,greenran_low,0,0,65535_65535,2,20,919349,62,1,1,0,11,0,15,1,1,pre_allocation
5,1946,greenran_low,0,0,65535_65535,2,20,919349,68,1,1,1,12,68,15,1,1,allocated
5,1946,greenran_low,0,0,65535_65535,2,22,919349,62,1,1,0,11,0,15,1,1,pre_allocation
5,1946,greenran_low,0,0,65535_65535,2,22,919349,68,1,1,1,12,68,15,1,1,allocated
5,1946,greenran_low,0,0,65535_65535,2,23,920517,68,1,1,0,12,0,15,1,1,pre_allocation
5,1946,greenran_low,0,0,65535_65535,2,23,920517,74,1,1,1,13,74,15,1,1,allocated
5,1946,greenran_low,0,0,65535_65535,2,21,919349,68,1,1,0,12,0,15,1,1,pre_allocation
5,1946,greenran_low,0,0,65535_65535,2,21,919349,74,1,1,1,13,74,15,1,1,allocated
5,1946,greenran_low,0,0,65535_65535,2,24,919349,68,1,1,0,12,0,15,1,1,pre_allocation
5,1946,greenran_low,0,0,65535_65535,2,24,919349,74,1,1,1,13,74,15,1,1,allocated
5,1946,greenran_low,0,0,65535_65535,2,20,919349,68,1,1,0,12,0,15,1,1,pre_allocation
5,1946,greenran_low,0,0,65535_65535,2,20,919349,74,1,1,1,13,74,15,1,1,allocated
5,1946,greenran_low,0,0,65535_65535,2,22,919349,68,1,1,0,12,0,15,1,1,pre_allocation
5,1946,greenran_low,0,0,65535_65535,2,22,919349,74,1,1,1,13,74,15,1,1,allocated
5,1946,greenran_low,0,0,65535_65535,2,23,920517,74,1,1,0,13,0,15,1,1,pre_allocation
5,1946,greenran_low,0,0,65535_65535,2,23,920517,80,1,1,1,14,80,15,1,1,allocated
5,1946,greenran_low,0,0,65535_65535,2,21,919349,74,1,1,0,13,0,15,1,1,pre_allocation
5,1946,greenran_low,0,0,65535_65535,2,21,919349,80,1,1,1,14,80,15,1,1,allocated
5,1946,greenran_low,0,0,65535_65535,2,24,919349,74,1,1,0,13,0,15,1,1,pre_allocation
5,1946,greenran_low,0,0,65535_65535,2,24,919349,80,1,1,1,14,80,15,1,1,allocated
5,1946,greenran_low,0,0,65535_65535,2,20,919349,74,1,1,0,13,0,15,1,1,pre_allocation
5,1946,greenran_low,0,0,65535_65535,2,20,919349,80,1,1,1,14,80,15,1,1,allocated
5,1946,greenran_low,0,0,65535_65535,2,22,919349,74,1,1,0,13,0,15,1,1,pre_allocation
5,1946,greenran_low,0,0,65535_65535,2,22,919349,80,1,1,1,14,80,15,1,1,allocated
5,1946,greenran_low,0,0,65535_65535,2,23,920517,80,1,1,0,14,0,15,1,1,pre_allocation
5,1946,greenran_low,0,0,65535_65535,2,23,920517,86,1,1,1,15,86,15,1,1,allocated
5,1946,greenran_low,0,0,65535_65535,2,21,919349,80,1,1,0,14,0,15,1,1,pre_allocation
5,1946,greenran_low,0,0,65535_65535,2,21,919349,86,1,1,1,15,86,15,1,1,allocated
5,1946,greenran_low,0,0,65535_65535,2,24,919349,80,1,1,0,14,0,15,1,1,pre_allocation
5,1946,greenran_low,0,0,65535_65535,2,24,919349,86,1,1,1,15,86,15,1,1,allocated
5,1946,greenran_low,0,0,65535_65535,2,20,919349,80,1,1,0,14,0,15,1,1,pre_allocation
5,1946,greenran_low,0,0,65535_65535,2,20,919349,86,1,1,1,15,86,15,1,1,allocated
5,1946,greenran_low,0,0,65535_65535,2,22,919349,80,1,1,0,14,0,15,1,1,pre_allocation
5,1946,greenran_low,0,0,65535_65535,2,22,919349,86,1,1,1,15,86,15,1,1,allocated
5,1946,greenran_low,0,0,65535_65535,2,23,920517,86,1,1,0,15,0,15,1,1,pre_allocation
5,1946,greenran_low,0,0,65535_65535,2,23,920517,92,1,1,1,16,92,15,1,1,allocated
5,1946,greenran_low,0,0,65535_65535,2,21,919349,86,1,1,0,15,0,15,1,1,pre_allocation
5,1946,greenran_low,0,0,65535_65535,2,21,919349,92,1,1,1,16,92,15,1,1,allocated
5,1946,greenran_low,0,0,65535_65535,2,24,919349,86,1,1,0,15,0,15,1,1,pre_allocation
5,1946,greenran_low,0,0,65535_65535,2,24,919349,92,1,1,1,16,92,15,1,1,allocated
5,1946,greenran_low,0,0,65535_65535,2,20,919349,86,1,1,0,15,0,15,1,1,pre_allocation
5,1946,greenran_low,0,0,65535_65535,2,20,919349,92,1,1,1,16,92,15,1,1,allocated
5,1946,greenran_low,0,0,65535_65535,2,22,919349,86,1,1,0,15,0,15,1,1,pre_allocation
5,1946,greenran_low,0,0,65535_65535,2,22,919349,92,1,1,1,16,92,15,1,1,allocated
5,1946,greenran_low,0,0,65535_65535,2,23,920517,92,1,1,0,16,0,15,1,1,pre_allocation
5,1946,greenran_low,0,0,65535_65535,2,23,920517,97,1,1,1,17,97,15,1,1,allocated
5,1946,greenran_low,0,0,65535_65535,2,21,919349,92,1,1,0,16,0,15,1,1,pre_allocation
5,1946,greenran_low,0,0,65535_65535,2,21,919349,97,1,1,1,17,97,15,1,1,allocated
5,1946,greenran_low,0,0,65535_65535,2,24,919349,92,1,1,0,16,0,15,1,1,pre_allocation
5,1946,greenran_low,0,0,65535_65535,2,24,919349,97,1,1,1,17,97,15,1,1,allocated
5,1946,greenran_low,0,0,65535_65535,2,20,919349,92,1,1,0,16,0,15,1,1,pre_allocation
5,1946,greenran_low,0,0,65535_65535,2,20,919349,97,1,1,1,17,97,15,1,1,allocated
5,1946,greenran_low,0,0,65535_65535,2,22,919349,92,1,1,0,16,0,15,1,1,pre_allocation
5,1946,greenran_low,0,0,65535_65535,2,22,919349,97,1,1,1,17,97,15,1,1,allocated
5,1946,greenran_low,0,0,65535_65535,2,23,920517,97,1,1,0,17,0,15,1,1,pre_allocation
5,1946,greenran_low,0,0,65535_65535,2,23,920517,103,1,1,1,18,103,15,1,1,allocated
5,1946,greenran_low,0,0,65535_65535,2,21,919349,97,1,1,0,17,0,15,1,1,pre_allocation
5,1946,greenran_low,0,0,65535_65535,2,21,919349,103,1,1,1,18,103,15,1,1,allocated
5,1946,greenran_low,0,0,65535_65535,2,24,919349,97,1,1,0,17,0,15,1,1,pre_allocation
5,1946,greenran_low,0,0,65535_65535,2,24,919349,103,1,1,1,18,103,15,1,1,allocated
5,1946,greenran_low,0,0,65535_65535,2,20,919349,97,1,1,0,17,0,15,1,1,pre_allocation
5,1946,greenran_low,0,0,65535_65535,2,20,919349,103,1,1,1,18,103,15,1,1,allocated
