timestamp,ueImsi,sliceId,dTxBytes,dRxBytes,plr,resourceSharePct,dLostPackets,throughputMbps,bufferBytes
560,1,0,24448,1528,93.75,40.14,15,1.2224,134751
560,2,0,24448,1528,93.75,40.14,15,1.2224,134750
560,3,0,24448,1528,93.75,40.14,15,1.2224,134652
560,4,0,24448,1528,93.75,40.14,15,1.2224,134651
560,5,0,24448,1528,93.75,40.14,15,1.2224,134648
560,6,1,390,312,20.00,33.63,1,0.2496,169
560,7,1,390,312,20.00,33.63,1,0.2496,169
560,8,1,390,312,20.00,33.63,1,0.2496,169
560,9,1,390,312,20.00,33.63,1,0.2496,169
560,10,1,390,312,20.00,33.63,1,0.2496,169
560,11,2,16000,768,95.20,26.22,119,0.6144,89722
560,12,2,16000,768,95.20,26.22,119,0.6144,89722
560,13,2,16000,768,95.20,26.22,119,0.6144,89722
560,14,2,16000,768,95.20,26.22,119,0.6144,89730
560,15,2,16000,896,94.40,26.22,118,0.7168,89803
560,16,2,16000,896,94.40,26.22,118,0.7168,89788
560,17,2,16000,768,95.20,26.22,119,0.6144,89771
560,18,2,16000,768,95.20,26.22,119,0.6144,89781
560,19,2,16000,896,94.40,26.22,118,0.7168,89801
560,20,2,16000,896,94.40,26.22,118,0.7168,89801
