timestamp,ueImsi,sliceId,dTxBytes,dRxBytes,plr,resourceSharePct,dLostPackets,throughputMbps,bufferBytes
560,1,0,24448,1528,93.75,27.84,15,1.2224,136283
560,2,0,24448,1528,93.75,27.84,15,1.2224,136276
560,3,0,24448,1528,93.75,27.84,15,1.2224,136232
560,4,0,24448,1528,93.75,27.84,15,1.2224,136231
560,5,0,24448,1528,93.75,27.84,15,1.2224,136246
560,6,1,780,624,20.00,29.31,2,0.4992,126
560,7,1,780,624,20.00,29.31,2,0.4992,126
560,8,1,780,624,20.00,29.31,2,0.4992,126
560,9,1,780,624,20.00,29.31,2,0.4992,126
560,10,1,780,624,20.00,29.31,2,0.4992,126
560,11,2,16000,896,94.40,42.85,118,0.7168,91656
560,12,2,16000,896,94.40,42.85,118,0.7168,91646
560,13,2,16000,1024,93.60,42.85,117,0.8192,91655
560,14,2,16000,1024,93.60,42.85,117,0.8192,91655
560,15,2,16000,896,94.40,42.85,118,0.7168,91711
560,16,2,16000,896,94.40,42.85,118,0.7168,91695
560,17,2,16000,896,94.40,42.85,118,0.7168,91695
560,18,2,16000,896,94.40,42.85,118,0.7168,91695
560,19,2,16000,896,94.40,42.85,118,0.7168,91700
560,20,2,16000,896,94.40,42.85,118,0.7168,91611
