timestamp,sliceId,dedicatedPRB,minPRB,maxPRB
510,0,29.304672875793937,29.304672875793937,100.0
510,1,37.25431808135776,37.25431808135776,100.0
510,2,33.441009042848314,33.441009042848314,100.0
520,0,24.702319150218184,24.702319150218184,100.0
520,1,40.873094000809914,40.873094000809914,100.0
520,2,34.42458684897189,34.42458684897189,100.0
530,0,36.2016774861439,36.2016774861439,100.0
530,1,43.51961978260239,43.51961978260239,100.0
530,2,20.278702731253706,20.278702731253706,100.0
540,0,32.588372670055065,32.588372670055065,100.0
540,1,40.31388723280743,40.31388723280743,100.0
540,2,27.09774009713749,27.09774009713749,100.0
550,0,27.779763809423002,27.779763809423002,100.0
550,1,48.572738742496306,48.572738742496306,100.0
550,2,23.64749744808069,23.64749744808069,100.0
560,0,31.148551859158214,31.148551859158214,100.0
560,1,36.93441432863614,36.93441432863614,100.0
560,2,31.91703381220566,31.91703381220566,100.0
570,0,45.300547157439354,45.300547157439354,100.0
570,1,32.63752610929282,32.63752610929282,100.0
570,2,22.06192673326782,22.06192673326782,100.0
580,0,30.622791974810966,30.622791974810966,100.0
580,1,31.403312391486406,31.403312391486406,100.0
580,2,37.97389563370262,37.97389563370262,100.0
590,0,34.23240035190125,34.23240035190125,100.0
590,1,36.37548729428918,36.37548729428918,100.0
590,2,29.39211235380957,29.39211235380957,100.0
600,0,31.794830017246777,31.794830017246777,100.0
600,1,30.527867103908097,30.527867103908097,100.0
600,2,37.67730287884512,37.67730287884512,100.0
610,0,23.705226568455227,23.705226568455227,100.0
610,1,27.369576738748936,27.369576738748936,100.0
610,2,48.925196692795836,48.925196692795836,100.0
620,0,33.617641458077074,33.617641458077074,100.0
620,1,43.5603934041908,43.5603934041908,100.0
620,2,22.821965137732125,22.821965137732125,100.0
630,0,33.21693251629563,33.21693251629563,100.0
630,1,31.389166266291156,31.389166266291156,100.0
630,2,35.393901217413216,35.393901217413216,100.0
640,0,28.830485858158607,28.830485858158607,100.0
640,1,31.103491748668986,31.103491748668986,100.0
640,2,40.0660223931724,40.0660223931724,100.0
650,0,33.30941646759597,33.30941646759597,100.0
650,1,46.64197213142681,46.64197213142681,100.0
650,2,20.04861140097722,20.04861140097722,100.0
660,0,39.02428769767421,39.02428769767421,100.0
660,1,32.742289154845174,32.742289154845174,100.0
660,2,28.233423147480618,28.233423147480618,100.0
670,0,24.775837973998804,24.775837973998804,100.0
670,1,52.9828061724409,52.9828061724409,100.0
670,2,22.241355853560297,22.241355853560297,100.0
680,0,31.237944418391006,31.237944418391006,100.0
680,1,39.05800085602652,39.05800085602652,100.0
680,2,29.704054725582473,29.704054725582473,100.0
690,0,34.38445056635333,34.38445056635333,100.0
690,1,24.449989802542103,24.449989802542103,100.0
690,2,41.16555963110458,41.16555963110458,100.0
700,0,33.694256011827214,33.694256011827214,100.0
700,1,36.37016100736352,36.37016100736352,100.0
700,2,29.93558298080926,29.93558298080926,100.0
710,0,25.049116967259017,25.049116967259017,100.0
710,1,35.56212328081215,35.56212328081215,100.0
710,2,39.38875975192884,39.38875975192884,100.0
720,0,43.91363632263528,43.91363632263528,100.0
720,1,34.47583079253822,34.47583079253822,100.0
720,2,21.610532884826505,21.610532884826505,100.0
730,0,27.334160847057365,27.334160847057365,100.0
730,1,50.08225716542412,50.08225716542412,100.0
730,2,22.58358198751852,22.58358198751852,100.0
740,0,35.48215793001592,35.48215793001592,100.0
740,1,34.80620457763114,34.80620457763114,100.0
740,2,29.71163749235295,29.71163749235295,100.0
750,0,25.675707132526554,25.675707132526554,100.0
750,1,37.08183268382309,37.08183268382309,100.0
750,2,37.24246018365036,37.24246018365036,100.0
760,0,26.71199254705725,26.71199254705725,100.0
760,1,47.199926316958134,47.199926316958134,100.0
760,2,26.08808113598462,26.08808113598462,100.0
770,0,43.03407520097765,43.03407520097765,100.0
770,1,30.03940118641554,30.03940118641554,100.0
770,2,26.92652361260683,26.92652361260683,100.0
780,0,37.255349917613536,37.255349917613536,100.0
780,1,27.587156659837888,27.587156659837888,100.0
780,2,35.15749342254857,35.15749342254857,100.0
790,0,33.99773841003163,33.99773841003163,100.0
790,1,32.325030853598804,32.325030853598804,100.0
790,2,33.677230736369566,33.677230736369566,100.0
800,0,37.21525042061586,37.21525042061586,100.0
800,1,33.76729353555889,33.76729353555889,100.0
800,2,29.01745604382524,29.01745604382524,100.0
810,0,23.448292935364695,23.448292935364695,100.0
810,1,41.30693869416944,41.30693869416944,100.0
810,2,35.24476837046586,35.24476837046586,100.0
820,0,30.403857616881623,30.403857616881623,100.0
820,1,47.83564099199344,47.83564099199344,100.0
820,2,21.760501391124933,21.760501391124933,100.0
830,0,30.64745520042582,30.64745520042582,100.0
830,1,45.351239066869724,45.351239066869724,100.0
830,2,24.001305732704452,24.001305732704452,100.0
840,0,38.74585660907464,38.74585660907464,100.0
840,1,26.602693532807052,26.602693532807052,100.0
840,2,34.65144985811832,34.65144985811832,100.0
850,0,42.86170466890691,42.86170466890691,100.0
850,1,28.83423678948413,28.83423678948413,100.0
850,2,28.304058541608956,28.304058541608956,100.0
860,0,44.98141275223904,44.98141275223904,100.0
860,1,29.27564588384558,29.27564588384558,100.0
860,2,25.742941363915385,25.742941363915385,100.0
870,0,26.22873367613246,26.22873367613246,100.0
870,1,38.5809989624847,38.5809989624847,100.0
870,2,35.190267361382844,35.190267361382844,100.0
880,0,28.15884845719815,28.15884845719815,100.0
880,1,42.37949647694151,42.37949647694151,100.0
880,2,29.46165506586034,29.46165506586034,100.0
890,0,38.17737490420628,38.17737490420628,100.0
890,1,24.75978564138644,24.75978564138644,100.0
890,2,37.06283945440728,37.06283945440728,100.0
900,0,32.77421441740046,32.77421441740046,100.0
900,1,31.228484943822068,31.228484943822068,100.0
900,2,35.99730063877749,35.99730063877749,100.0
910,0,42.493781647564816,42.493781647564816,100.0
910,1,25.08104428961516,25.08104428961516,100.0
910,2,32.425174062820034,32.425174062820034,100.0
920,0,32.86700762966546,32.86700762966546,100.0
920,1,39.665573515634605,39.665573515634605,100.0
920,2,27.467418854699936,27.467418854699936,100.0
930,0,22.940805210967333,22.940805210967333,100.0
930,1,36.8947767985434,36.8947767985434,100.0
930,2,40.16441799048926,40.16441799048926,100.0
940,0,37.392136818179125,37.392136818179125,100.0
940,1,27.00794048060399,27.00794048060399,100.0
940,2,35.59992270121688,35.59992270121688,100.0
950,0,36.06744975836722,36.06744975836722,100.0
950,1,28.786028310333844,28.786028310333844,100.0
950,2,35.146521931298935,35.146521931298935,100.0
960,0,27.962805302462847,27.962805302462847,100.0
960,1,32.89147154393497,32.89147154393497,100.0
960,2,39.145723153602184,39.145723153602184,100.0
970,0,22.47098013027844,22.47098013027844,100.0
970,1,39.72339321383026,39.72339321383026,100.0
970,2,37.80562665589129,37.80562665589129,100.0
980,0,39.175355199408365,39.175355199408365,100.0
980,1,28.12883185729924,28.12883185729924,100.0
980,2,32.69581294329239,32.69581294329239,100.0
990,0,24.822714071715602,24.822714071715602,100.0
990,1,31.406185972004142,31.406185972004142,100.0
990,2,43.77109995628026,43.77109995628026,100.0
1000,0,21.24471790406159,21.24471790406159,100.0
1000,1,42.535198674236455,42.535198674236455,100.0
1000,2,36.22008342170196,36.22008342170196,100.0
1010,0,38.350474758989876,38.350474758989876,100.0
1010,1,30.62126121447759,30.62126121447759,100.0
1010,2,31.028264026532536,31.028264026532536,100.0
1020,0,33.805628521615716,33.805628521615716,100.0
1020,1,40.30363552885278,40.30363552885278,100.0
1020,2,25.890735949531514,25.890735949531514,100.0
1030,0,36.24344037163196,36.24344037163196,100.0
1030,1,44.15225805901022,44.15225805901022,100.0
1030,2,19.604301569357812,19.604301569357812,100.0
1040,0,26.43447764002604,26.43447764002604,100.0
1040,1,41.08256564142324,41.08256564142324,100.0
1040,2,32.482956718550724,32.482956718550724,100.0
1050,0,31.302220674576876,31.302220674576876,100.0
1050,1,37.473723283056636,37.473723283056636,100.0
1050,2,31.224056042366495,31.224056042366495,100.0
1060,0,33.03557267372055,33.03557267372055,100.0
1060,1,41.20507871606699,41.20507871606699,100.0
1060,2,25.759348610212463,25.759348610212463,100.0
1070,0,31.34220240693455,31.34220240693455,100.0
1070,1,35.97731754953756,35.97731754953756,100.0
1070,2,32.68048004352789,32.68048004352789,100.0
1080,0,45.742723182650636,45.742723182650636,100.0
1080,1,31.62362797438786,31.62362797438786,100.0
1080,2,22.633648842961506,22.633648842961506,100.0
1090,0,28.959107503860114,28.959107503860114,100.0
1090,1,32.85725757145063,32.85725757145063,100.0
1090,2,38.18363492468925,38.18363492468925,100.0
1100,0,25.35215835109638,25.35215835109638,100.0
1100,1,40.555653766598596,40.555653766598596,100.0
1100,2,34.09218788230501,34.09218788230501,100.0
1110,0,22.572515115178177,22.572515115178177,100.0
1110,1,52.86249968103094,52.86249968103094,100.0
1110,2,24.564985203790883,24.564985203790883,100.0
1120,0,23.759627591435315,23.759627591435315,100.0
1120,1,43.18764069273849,43.18764069273849,100.0
1120,2,33.052731715826184,33.052731715826184,100.0
1130,0,22.03066078096537,22.03066078096537,100.0
1130,1,44.4091472107437,44.4091472107437,100.0
1130,2,33.56019200829093,33.56019200829093,100.0
1140,0,25.797701644212967,25.797701644212967,100.0
1140,1,43.19156048411826,43.19156048411826,100.0
1140,2,31.01073787166877,31.01073787166877,100.0
1150,0,25.91116929303815,25.91116929303815,100.0
1150,1,41.373452263686794,41.373452263686794,100.0
1150,2,32.715378443275064,32.715378443275064,100.0
1160,0,48.5042253424796,48.5042253424796,100.0
1160,1,29.241301590981973,29.241301590981973,100.0
1160,2,22.25447306653842,22.25447306653842,100.0
1170,0,28.995798525996737,28.995798525996737,100.0
1170,1,41.24761109404884,41.24761109404884,100.0
1170,2,29.756590379954428,29.756590379954428,100.0
1180,0,43.480455761276595,43.480455761276595,100.0
1180,1,33.04805604167939,33.04805604167939,100.0
1180,2,23.47148819704402,23.47148819704402,100.0
1190,0,39.60365896380846,39.60365896380846,100.0
1190,1,29.463869704398256,29.463869704398256,100.0
1190,2,30.93247133179328,30.93247133179328,100.0
1200,0,26.750819747750608,26.750819747750608,100.0
1200,1,33.2103980407913,33.2103980407913,100.0
1200,2,40.0387822114581,40.0387822114581,100.0
1210,0,28.890715769078835,28.890715769078835,100.0
1210,1,51.79562749008434,51.79562749008434,100.0
1210,2,19.31365674083683,19.31365674083683,100.0
1220,0,35.33601564909413,35.33601564909413,100.0
1220,1,39.71253814344219,39.71253814344219,100.0
1220,2,24.951446207463686,24.951446207463686,100.0
1230,0,25.151737742231965,25.151737742231965,100.0
1230,1,52.46016367246903,52.46016367246903,100.0
1230,2,22.388098585298998,22.388098585298998,100.0
1240,0,34.80817380958925,34.80817380958925,100.0
1240,1,46.9289462392186,46.9289462392186,100.0
1240,2,18.26287995119216,18.26287995119216,100.0
1250,0,31.38373429774162,31.38373429774162,100.0
1250,1,46.13369617619436,46.13369617619436,100.0
1250,2,22.482569526064015,22.482569526064015,100.0
1260,0,29.378867791114377,29.378867791114377,100.0
1260,1,25.625965531451662,25.625965531451662,100.0
1260,2,44.995166677433964,44.995166677433964,100.0
1270,0,26.049030142907657,26.049030142907657,100.0
1270,1,52.52866720483201,52.52866720483201,100.0
1270,2,21.422302652260345,21.422302652260345,100.0
1280,0,32.052166036926586,32.052166036926586,100.0
1280,1,35.17085065593813,35.17085065593813,100.0
1280,2,32.776983307135275,32.776983307135275,100.0
1290,0,33.244641817731605,33.244641817731605,100.0
1290,1,31.02794241054002,31.02794241054002,100.0
1290,2,35.727415771728374,35.727415771728374,100.0
1300,0,25.824244809983576,25.824244809983576,100.0
1300,1,46.156297972995695,46.156297972995695,100.0
1300,2,28.019457217020726,28.019457217020726,100.0
1310,0,38.415534802785025,38.415534802785025,100.0
1310,1,38.902507034187764,38.902507034187764,100.0
1310,2,22.68195816302721,22.68195816302721,100.0
1320,0,29.540858196350783,29.540858196350783,100.0
1320,1,46.266102045383825,46.266102045383825,100.0
1320,2,24.193039758265396,24.193039758265396,100.0
1330,0,27.036276139261783,27.036276139261783,100.0
1330,1,26.2399915628139,26.2399915628139,100.0
1330,2,46.72373229792433,46.72373229792433,100.0
1340,0,45.22775388816186,45.22775388816186,100.0
1340,1,35.61572042129877,35.61572042129877,100.0
1340,2,19.156525690539368,19.156525690539368,100.0
1350,0,46.3590378964907,46.3590378964907,100.0
1350,1,28.754707263207198,28.754707263207198,100.0
1350,2,24.886254840302115,24.886254840302115,100.0
1360,0,45.87921120376948,45.87921120376948,100.0
1360,1,30.169441743835407,30.169441743835407,100.0
1360,2,23.951347052395118,23.951347052395118,100.0
1370,0,23.70202547658358,23.70202547658358,100.0
1370,1,37.287519651647926,37.287519651647926,100.0
1370,2,39.010454871768495,39.010454871768495,100.0
1380,0,27.90012377830051,27.90012377830051,100.0
1380,1,31.141236719479032,31.141236719479032,100.0
1380,2,40.95863950222045,40.95863950222045,100.0
1390,0,38.20518447664114,38.20518447664114,100.0
1390,1,35.3664969950343,35.3664969950343,100.0
1390,2,26.428318528324564,26.428318528324564,100.0
1400,0,22.857162134343913,22.857162134343913,100.0
1400,1,27.856844695151466,27.856844695151466,100.0
1400,2,49.285993170504625,49.285993170504625,100.0
1410,0,28.12502382113704,28.12502382113704,100.0
1410,1,27.208255246880526,27.208255246880526,100.0
1410,2,44.66672093198245,44.66672093198245,100.0
1420,0,34.77835242861318,34.77835242861318,100.0
1420,1,42.904196058903956,42.904196058903956,100.0
1420,2,22.31745151248284,22.31745151248284,100.0
1430,0,29.924646516309068,29.924646516309068,100.0
1430,1,26.242785922556138,26.242785922556138,100.0
1430,2,43.832567561134795,43.832567561134795,100.0
1440,0,31.405147766991504,31.405147766991504,100.0
1440,1,40.713168212736846,40.713168212736846,100.0
1440,2,27.881684020271646,27.881684020271646,100.0
1450,0,23.81757654785212,23.81757654785212,100.0
1450,1,42.04949652307081,42.04949652307081,100.0
1450,2,34.13292692907708,34.13292692907708,100.0
1460,0,24.195162205648753,24.195162205648753,100.0
1460,1,56.03861516315053,56.03861516315053,100.0
1460,2,19.766222631200726,19.766222631200726,100.0
1470,0,30.518976470450905,30.518976470450905,100.0
1470,1,41.74797645226763,41.74797645226763,100.0
1470,2,27.73304707728146,27.73304707728146,100.0
1480,0,38.82716073306003,38.82716073306003,100.0
1480,1,34.10659057331807,34.10659057331807,100.0
1480,2,27.066248693621887,27.066248693621887,100.0
1490,0,25.331848691341,25.331848691341,100.0
1490,1,40.047511337706915,40.047511337706915,100.0
1490,2,34.620639970952084,34.620639970952084,100.0
1500,0,29.242570704303084,29.242570704303084,100.0
1500,1,51.44512431923941,51.44512431923941,100.0
1500,2,19.312304976457494,19.312304976457494,100.0
