timestamp,ueImsi,sliceId,dTxBytes,dRxBytes,plr,resourceSharePct,dLostPackets,throughputMbps,bufferBytes
560,1,0,24448,1528,93.75,31.66,15,1.2224,138391
560,2,0,24448,1528,93.75,31.66,15,1.2224,138294
560,3,0,24448,1528,93.75,31.66,15,1.2224,138266
560,4,0,24448,1528,93.75,31.66,15,1.2224,137587
560,5,0,24448,1528,93.75,31.66,15,1.2224,137101
560,6,1,780,780,0.00,20.00,0,0.6240,225
560,7,1,780,780,0.00,20.00,0,0.6240,225
560,8,1,780,780,0.00,20.00,0,0.6240,225
560,9,1,780,780,0.00,20.00,0,0.6240,225
560,10,1,780,780,0.00,20.00,0,0.6240,225
560,11,2,16000,1280,92.00,48.33,115,1.0240,90471
560,12,2,16000,1280,92.00,48.33,115,1.0240,90470
560,13,2,16000,1280,92.00,48.33,115,1.0240,90463
560,14,2,16000,1408,91.20,48.33,114,1.1264,90471
560,15,2,16000,1280,92.00,48.33,115,1.0240,90434
560,16,2,16000,1152,92.80,48.33,116,0.9216,90428
560,17,2,16000,1280,92.00,48.33,115,1.0240,90204
560,18,2,16000,896,94.40,48.33,118,0.7168,90236
560,19,2,16000,896,94.40,48.33,118,0.7168,89553
560,20,2,16000,896,94.40,48.33,118,0.7168,89546
