timestamp,ueImsi,sliceId,dTxBytes,dRxBytes,plr,resourceSharePct,dLostPackets,throughputMbps,bufferBytes,dlBufferBytes,ulBufferBytes,macBufferBytes,congestionPct,lastDrlActionStatus
9900,1,0,193616,11052,94.77,28.82,163,0.8842,1200005,175952,1200005,1375957,13.12,applied
9900,2,0,193616,3684,98.26,28.82,169,0.2947,1200005,175945,1200005,1375950,13.12,applied
9900,3,0,193616,67540,68.02,28.82,117,5.4032,1200005,175954,1200005,1375959,13.12,applied
9900,4,0,193616,0,100.00,28.82,172,0.0000,1200005,180180,1200005,1380185,13.16,applied
9900,5,0,193616,9824,95.35,28.82,164,0.7859,1199878,175954,1199878,1375832,13.12,applied
9900,6,1,0,0,0.00,28.21,0,0.0000,34,0,34,34,0.00,applied
9900,7,1,0,0,0.00,28.21,0,0.0000,34,0,34,34,0.00,applied
9900,8,1,0,0,0.00,28.21,0,0.0000,34,0,34,34,0.00,applied
9900,9,1,0,0,0.00,28.21,0,0.0000,34,0,34,34,0.00,applied
9900,10,1,0,0,0.00,28.21,0,0.0000,34,0,34,34,0.00,applied
9900,11,1,0,0,0.00,28.21,0,0.0000,34,0,34,34,0.00,applied
9900,12,1,0,0,0.00,28.21,0,0.0000,17,0,17,17,0.00,applied
9900,13,1,0,0,0.00,28.21,0,0.0000,34,0,34,34,0.00,applied
9900,14,2,65200,0,100.00,42.97,50,0.0000,5885212,5885212,51,5885263,56.13,applied
9900,15,2,65200,0,100.00,42.97,50,0.0000,5885295,5885295,34,5885329,56.13,applied
9900,16,2,65200,0,100.00,42.97,50,0.0000,5885218,5885218,51,5885269,56.13,applied
9900,17,2,65200,0,100.00,42.97,50,0.0000,5888230,5888230,51,5888281,56.16,applied
9900,18,2,65200,0,100.00,42.97,50,0.0000,5885232,5885232,51,5885283,56.13,applied
9900,19,2,65200,940,90.00,42.97,45,0.0752,5885216,5885216,51,5885267,56.13,applied
9900,20,2,65200,940,90.00,42.97,45,0.0752,5885217,5885217,51,5885268,56.13,applied
9900,21,2,65200,0,100.00,42.97,50,0.0000,5885993,5885993,51,5886044,56.13,applied
9900,22,2,65200,0,100.00,42.97,50,0.0000,5886612,5886612,51,5886663,56.14,applied
9900,23,2,65200,0,100.00,42.97,50,0.0000,5885214,5885214,51,5885265,56.13,applied
9900,24,2,65200,940,90.00,42.97,45,0.0752,5885214,5885214,51,5885265,56.13,applied
9900,25,2,65200,940,90.00,42.97,45,0.0752,5885220,5885220,51,5885271,56.13,applied
9900,26,2,65200,0,100.00,42.97,50,0.0000,5885229,5885229,51,5885280,56.13,applied
9900,27,2,65200,0,100.00,42.97,50,0.0000,5885297,5885297,51,5885348,56.13,applied
9900,28,2,65200,0,100.00,42.97,50,0.0000,5885285,5885285,51,5885336,56.13,applied
9900,29,2,65200,0,100.00,42.97,50,0.0000,5888040,5888040,51,5888091,56.15,applied
9900,30,2,65200,0,100.00,42.97,50,0.0000,5885218,5885218,51,5885269,56.13,applied
9900,31,2,65200,940,90.00,42.97,45,0.0752,5885219,5885219,51,5885270,56.13,applied
9900,32,2,65200,0,100.00,42.97,50,0.0000,5885220,5885220,51,5885271,56.13,applied
9900,33,2,65200,0,100.00,42.97,50,0.0000,5887377,5887377,51,5887428,56.15,applied
