timestamp,sliceId,dedicatedPRB,minPRB,maxPRB
510,0,38.36298830206836,38.36298830206836,100.0
510,1,32.584605170043005,32.584605170043005,100.0
510,2,29.052406527888646,29.052406527888646,100.0
520,0,49.37033461450982,49.37033461450982,100.0
520,1,30.254264675425986,30.254264675425986,100.0
520,2,20.37540071006419,20.37540071006419,100.0
530,0,26.596946842073738,26.596946842073738,100.0
530,1,49.28301950260016,49.28301950260016,100.0
530,2,24.120033655326097,24.120033655326097,100.0
540,0,35.41730822659219,35.41730822659219,100.0
540,1,27.858234084271206,27.858234084271206,100.0
540,2,36.7244576891366,36.7244576891366,100.0
550,0,32.95998934403867,32.95998934403867,100.0
550,1,25.485096230580073,25.485096230580073,100.0
550,2,41.55491442538126,41.55491442538126,100.0
560,0,43.635106338465214,43.635106338465214,100.0
560,1,31.31929816253345,31.31929816253345,100.0
560,2,25.045595499001337,25.045595499001337,100.0
570,0,42.97410321190567,42.97410321190567,100.0
570,1,38.68605666198997,38.68605666198997,100.0
570,2,18.339840126104363,18.339840126104363,100.0
580,0,28.625665511061037,28.625665511061037,100.0
580,1,30.31949577937497,30.31949577937497,100.0
580,2,41.05483870956399,41.05483870956399,100.0
590,0,42.11409202419206,42.11409202419206,100.0
590,1,29.58534350769524,29.58534350769524,100.0
590,2,28.300564468112693,28.300564468112693,100.0
600,0,40.96023247676958,40.96023247676958,100.0
600,1,40.13165046055963,40.13165046055963,100.0
600,2,18.908117062670797,18.908117062670797,100.0
610,0,23.190811163885442,23.190811163885442,100.0
610,1,29.400996524039343,29.400996524039343,100.0
610,2,47.408192312075215,47.408192312075215,100.0
620,0,43.94526878031467,43.94526878031467,100.0
620,1,29.439891909142325,29.439891909142325,100.0
620,2,26.614839310542997,26.614839310542997,100.0
630,0,48.50138223362135,48.50138223362135,100.0
630,1,25.210191975357677,25.210191975357677,100.0
630,2,26.28842579102098,26.28842579102098,100.0
640,0,29.365268750021333,29.365268750021333,100.0
640,1,44.92551398249238,44.92551398249238,100.0
640,2,25.709217267486284,25.709217267486284,100.0
650,0,28.805769646049086,28.805769646049086,100.0
650,1,52.27342495586744,52.27342495586744,100.0
650,2,18.920805398083473,18.920805398083473,100.0
660,0,22.459582538612697,22.459582538612697,100.0
660,1,29.054125006724686,29.054125006724686,100.0
660,2,48.48629245466262,48.48629245466262,100.0
670,0,25.604922666599094,25.604922666599094,100.0
670,1,26.515115189020396,26.515115189020396,100.0
670,2,47.879962144380514,47.879962144380514,100.0
680,0,30.726977522814934,30.726977522814934,100.0
680,1,47.4800347051234,47.4800347051234,100.0
680,2,21.79298777206166,21.79298777206166,100.0
690,0,27.299044211160563,27.299044211160563,100.0
690,1,42.26805148126446,42.26805148126446,100.0
690,2,30.432904307574983,30.432904307574983,100.0
700,0,27.427990143220228,27.427990143220228,100.0
700,1,39.454616759226944,39.454616759226944,100.0
700,2,33.11739309755283,33.11739309755283,100.0
710,0,25.455970923550847,25.455970923550847,100.0
710,1,46.565401023839264,46.565401023839264,100.0
710,2,27.97862805260989,27.97862805260989,100.0
720,0,40.05505743111426,40.05505743111426,100.0
720,1,36.616151184850054,36.616151184850054,100.0
720,2,23.32879138403569,23.32879138403569,100.0
730,0,36.42501939471556,36.42501939471556,100.0
730,1,38.09246529293452,38.09246529293452,100.0
730,2,25.482515312349918,25.482515312349918,100.0
740,0,23.729955463350038,23.729955463350038,100.0
740,1,52.91070745672219,52.91070745672219,100.0
740,2,23.359337079927773,23.359337079927773,100.0
750,0,23.57301660337941,23.57301660337941,100.0
750,1,46.91165742074997,46.91165742074997,100.0
750,2,29.51532597587062,29.51532597587062,100.0
760,0,35.73480325200493,35.73480325200493,100.0
760,1,31.767803083137103,31.767803083137103,100.0
760,2,32.49739366485797,32.49739366485797,100.0
770,0,25.080062960594418,25.080062960594418,100.0
770,1,47.88670225323218,47.88670225323218,100.0
770,2,27.0332347861734,27.0332347861734,100.0
780,0,28.11861026904016,28.11861026904016,100.0
780,1,49.90082300101199,49.90082300101199,100.0
780,2,21.98056672994785,21.98056672994785,100.0
790,0,28.824375019590338,28.824375019590338,100.0
790,1,31.29980195257161,31.29980195257161,100.0
790,2,39.87582302783805,39.87582302783805,100.0
800,0,35.88093178018445,35.88093178018445,100.0
800,1,28.85623024513619,28.85623024513619,100.0
800,2,35.26283797467937,35.26283797467937,100.0
810,0,48.22938308522172,48.22938308522172,100.0
810,1,27.098410987547762,27.098410987547762,100.0
810,2,24.672205927230518,24.672205927230518,100.0
820,0,27.5087143393817,27.5087143393817,100.0
820,1,44.94176718223931,44.94176718223931,100.0
820,2,27.549518478378985,27.549518478378985,100.0
830,0,23.17313070141321,23.17313070141321,100.0
830,1,30.4053281964645,30.4053281964645,100.0
830,2,46.42154110212229,46.42154110212229,100.0
840,0,28.11385348216866,28.11385348216866,100.0
840,1,29.303178894736693,29.303178894736693,100.0
840,2,42.58296762309466,42.58296762309466,100.0
850,0,24.002659263019062,24.002659263019062,100.0
850,1,39.5936684529816,39.5936684529816,100.0
850,2,36.403672283999335,36.403672283999335,100.0
860,0,30.037212265932467,30.037212265932467,100.0
860,1,32.442372923416016,32.442372923416016,100.0
860,2,37.52041481065152,37.52041481065152,100.0
870,0,31.675507479944145,31.675507479944145,100.0
870,1,29.368921996510988,29.368921996510988,100.0
870,2,38.95557052354487,38.95557052354487,100.0
880,0,23.633680944141105,23.633680944141105,100.0
880,1,48.6682824363328,48.6682824363328,100.0
880,2,27.69803661952609,27.69803661952609,100.0
890,0,29.186733669297116,29.186733669297116,100.0
890,1,29.36487419672363,29.36487419672363,100.0
890,2,41.44839213397926,41.44839213397926,100.0
900,0,29.41697631121326,29.41697631121326,100.0
900,1,31.658751399699796,31.658751399699796,100.0
900,2,38.92427228908695,38.92427228908695,100.0
910,0,22.711576390965234,22.711576390965234,100.0
910,1,39.04473946245767,39.04473946245767,100.0
910,2,38.243684146577095,38.243684146577095,100.0
920,0,25.220408643693442,25.220408643693442,100.0
920,1,40.72572073540904,40.72572073540904,100.0
920,2,34.05387062089752,34.05387062089752,100.0
930,0,30.020902696419128,30.020902696419128,100.0
930,1,50.89996756505115,50.89996756505115,100.0
930,2,19.079129738529723,19.079129738529723,100.0
940,0,46.55904351906571,46.55904351906571,100.0
940,1,34.277814568669406,34.277814568669406,100.0
940,2,19.16314191226488,19.16314191226488,100.0
950,0,23.72531942729925,23.72531942729925,100.0
950,1,46.28882777170559,46.28882777170559,100.0
950,2,29.985852800995154,29.985852800995154,100.0
960,0,27.571985246983022,27.571985246983022,100.0
960,1,42.71159869642964,42.71159869642964,100.0
960,2,29.716416056587335,29.716416056587335,100.0
970,0,38.017290989206884,38.017290989206884,100.0
970,1,43.39330782272892,43.39330782272892,100.0
970,2,18.58940118806419,18.58940118806419,100.0
980,0,34.937419433749014,34.937419433749014,100.0
980,1,37.2070908618692,37.2070908618692,100.0
980,2,27.855489704381785,27.855489704381785,100.0
990,0,39.572968390565855,39.572968390565855,100.0
990,1,27.479514021920025,27.479514021920025,100.0
990,2,32.94751758751412,32.94751758751412,100.0
1000,0,29.249041537092403,29.249041537092403,100.0
1000,1,36.284032301916035,36.284032301916035,100.0
1000,2,34.466926160991555,34.466926160991555,100.0
1010,0,34.44577962642047,34.44577962642047,100.0
1010,1,24.765712263896457,24.765712263896457,100.0
1010,2,40.78850810968308,40.78850810968308,100.0
1020,0,37.08201553329079,37.08201553329079,100.0
1020,1,37.61518831119426,37.61518831119426,100.0
1020,2,25.302796155514955,25.302796155514955,100.0
1030,0,26.276752766433997,26.276752766433997,100.0
1030,1,41.63797123514546,41.63797123514546,100.0
1030,2,32.08527599842054,32.08527599842054,100.0
1040,0,45.52843966515808,45.52843966515808,100.0
1040,1,29.007380181009957,29.007380181009957,100.0
1040,2,25.464180153831954,25.464180153831954,100.0
1050,0,23.619957930658174,23.619957930658174,100.0
1050,1,42.225295581376734,42.225295581376734,100.0
1050,2,34.1547464879651,34.1547464879651,100.0
1060,0,41.885811254369486,41.885811254369486,100.0
1060,1,38.60922299465604,38.60922299465604,100.0
1060,2,19.504965750974485,19.504965750974485,100.0
1070,0,28.54493209456028,28.54493209456028,100.0
1070,1,48.10858407408563,48.10858407408563,100.0
1070,2,23.346483831354092,23.346483831354092,100.0
1080,0,37.98995317046187,37.98995317046187,100.0
1080,1,31.596531328750288,31.596531328750288,100.0
1080,2,30.413515500787845,30.413515500787845,100.0
1090,0,44.73155290157079,44.73155290157079,100.0
1090,1,27.47144177577872,27.47144177577872,100.0
1090,2,27.7970053226505,27.7970053226505,100.0
1100,0,26.99287285326852,26.99287285326852,100.0
1100,1,37.40873684412954,37.40873684412954,100.0
1100,2,35.59839030260194,35.59839030260194,100.0
1110,0,30.97528192956303,30.97528192956303,100.0
1110,1,45.2684286558694,45.2684286558694,100.0
1110,2,23.756289414567565,23.756289414567565,100.0
1120,0,22.962951667268598,22.962951667268598,100.0
1120,1,57.75696336498839,57.75696336498839,100.0
1120,2,19.280084967743008,19.280084967743008,100.0
1130,0,35.93391225814464,35.93391225814464,100.0
1130,1,31.26978778526665,31.26978778526665,100.0
1130,2,32.79629995658872,32.79629995658872,100.0
1140,0,35.706657929307816,35.706657929307816,100.0
1140,1,27.28524828654651,27.28524828654651,100.0
1140,2,37.00809378414567,37.00809378414567,100.0
1150,0,42.51160062212097,42.51160062212097,100.0
1150,1,38.11894732431165,38.11894732431165,100.0
1150,2,19.369452053567382,19.369452053567382,100.0
1160,0,28.14043395011985,28.14043395011985,100.0
1160,1,44.43012114313098,44.43012114313098,100.0
1160,2,27.42944490674917,27.42944490674917,100.0
1170,0,40.057089552167675,40.057089552167675,100.0
1170,1,28.78197303490638,28.78197303490638,100.0
1170,2,31.16093741292595,31.16093741292595,100.0
1180,0,43.13598126638563,43.13598126638563,100.0
1180,1,33.208983828399965,33.208983828399965,100.0
1180,2,23.65503490521441,23.65503490521441,100.0
1190,0,36.21928865411469,36.21928865411469,100.0
1190,1,43.642932037915024,43.642932037915024,100.0
1190,2,20.137779307970284,20.137779307970284,100.0
1200,0,37.953812164542875,37.953812164542875,100.0
1200,1,35.383026028784684,35.383026028784684,100.0
1200,2,26.66316180667244,26.66316180667244,100.0
1210,0,44.294112519000585,44.294112519000585,100.0
1210,1,31.780399741915566,31.780399741915566,100.0
1210,2,23.925487739083845,23.925487739083845,100.0
1220,0,34.82287865255527,34.82287865255527,100.0
1220,1,36.37192155840236,36.37192155840236,100.0
1220,2,28.80519978904237,28.80519978904237,100.0
1230,0,35.55925518876866,35.55925518876866,100.0
1230,1,33.97370005069734,33.97370005069734,100.0
1230,2,30.467044760533994,30.467044760533994,100.0
1240,0,37.98529151801798,37.98529151801798,100.0
1240,1,35.26149134684759,35.26149134684759,100.0
1240,2,26.75321713513442,26.75321713513442,100.0
1250,0,28.30922427073531,28.30922427073531,100.0
1250,1,52.82509222286523,52.82509222286523,100.0
1250,2,18.865683506399467,18.865683506399467,100.0
1260,0,23.82640194249321,23.82640194249321,100.0
1260,1,37.62206099489724,37.62206099489724,100.0
1260,2,38.551537062609555,38.551537062609555,100.0
1270,0,32.003057773273504,32.003057773273504,100.0
1270,1,40.633321256265,40.633321256265,100.0
1270,2,27.363620970461504,27.363620970461504,100.0
1280,0,25.348851264626298,25.348851264626298,100.0
1280,1,29.116356690429857,29.116356690429857,100.0
1280,2,45.53479204494384,45.53479204494384,100.0
1290,0,38.00870261715792,38.00870261715792,100.0
1290,1,31.115622188442373,31.115622188442373,100.0
1290,2,30.875675194399715,30.875675194399715,100.0
1300,0,32.39397848929645,32.39397848929645,100.0
1300,1,44.10001007396189,44.10001007396189,100.0
1300,2,23.50601143674165,23.50601143674165,100.0
1310,0,32.723829435948474,32.723829435948474,100.0
1310,1,24.466687233505542,24.466687233505542,100.0
1310,2,42.80948333054598,42.80948333054598,100.0
1320,0,35.625579769885576,35.625579769885576,100.0
1320,1,33.81121351183558,33.81121351183558,100.0
1320,2,30.563206718278845,30.563206718278845,100.0
1330,0,32.39640033218048,32.39640033218048,100.0
1330,1,35.663299546191126,35.663299546191126,100.0
1330,2,31.940300121628407,31.940300121628407,100.0
1340,0,39.41718803812383,39.41718803812383,100.0
1340,1,32.35812307062025,32.35812307062025,100.0
1340,2,28.224688891255923,28.224688891255923,100.0
1350,0,26.39091491030079,26.39091491030079,100.0
1350,1,41.49778553482538,41.49778553482538,100.0
1350,2,32.11129955487383,32.11129955487383,100.0
1360,0,27.868092332670326,27.868092332670326,100.0
1360,1,32.32841381677527,32.32841381677527,100.0
1360,2,39.8034938505544,39.8034938505544,100.0
1370,0,37.72590106592983,37.72590106592983,100.0
1370,1,43.98650598445344,43.98650598445344,100.0
1370,2,18.287592949616723,18.287592949616723,100.0
1380,0,34.161028090554915,34.161028090554915,100.0
1380,1,40.40311726692145,40.40311726692145,100.0
1380,2,25.435854642523626,25.435854642523626,100.0
1390,0,35.626802849564164,35.626802849564164,100.0
1390,1,38.59393119848062,38.59393119848062,100.0
1390,2,25.779265951955228,25.779265951955228,100.0
1400,0,29.749500193112567,29.749500193112567,100.0
1400,1,37.29162326525668,37.29162326525668,100.0
1400,2,32.95887654163076,32.95887654163076,100.0
1410,0,32.5415334060086,32.5415334060086,100.0
1410,1,30.710422684879912,30.710422684879912,100.0
1410,2,36.748043909111495,36.748043909111495,100.0
1420,0,43.39917206312308,43.39917206312308,100.0
1420,1,38.03399575465731,38.03399575465731,100.0
1420,2,18.56683218221961,18.56683218221961,100.0
1430,0,30.468494433685912,30.468494433685912,100.0
1430,1,50.52511772063669,50.52511772063669,100.0
1430,2,19.0063878456774,19.0063878456774,100.0
1440,0,26.865674529203876,26.865674529203876,100.0
1440,1,31.43054779794605,31.43054779794605,100.0
1440,2,41.70377767285007,41.70377767285007,100.0
1450,0,29.063280503445178,29.063280503445178,100.0
1450,1,33.47464449659391,33.47464449659391,100.0
1450,2,37.46207499996091,37.46207499996091,100.0
1460,0,36.62640353276203,36.62640353276203,100.0
1460,1,25.092203808945694,25.092203808945694,100.0
1460,2,38.28139265829227,38.28139265829227,100.0
1470,0,32.724892581382356,32.724892581382356,100.0
1470,1,30.84845658585834,30.84845658585834,100.0
1470,2,36.42665083275931,36.42665083275931,100.0
1480,0,45.257357482478156,45.257357482478156,100.0
1480,1,33.331925376434604,33.331925376434604,100.0
1480,2,21.410717141087247,21.410717141087247,100.0
1490,0,31.688288758252668,31.688288758252668,100.0
1490,1,30.42812201335265,30.42812201335265,100.0
1490,2,37.88358922839468,37.88358922839468,100.0
1500,0,23.44870784904216,23.44870784904216,100.0
1500,1,55.19069951669575,55.19069951669575,100.0
1500,2,21.36059263426209,21.36059263426209,100.0
