timestamp,sliceId,dedicatedPRB,minPRB,maxPRB
510,0,27.18178978304365,27.18178978304365,100.0
510,1,31.136341337725852,31.136341337725852,100.0
510,2,41.68186887923051,41.68186887923051,100.0
520,0,33.05110575486214,33.05110575486214,100.0
520,1,36.84177634410437,36.84177634410437,100.0
520,2,30.107117901033497,30.107117901033497,100.0
530,0,40.6151070220042,40.6151070220042,100.0
530,1,24.9309903653089,24.9309903653089,100.0
530,2,34.453902612686896,34.453902612686896,100.0
540,0,31.959585559075066,31.959585559075066,100.0
540,1,44.693889406307456,44.693889406307456,100.0
540,2,23.34652503461749,23.34652503461749,100.0
550,0,30.729795455444826,30.729795455444826,100.0
550,1,41.64821544616788,41.64821544616788,100.0
550,2,27.621989098387296,27.621989098387296,100.0
