timestamp,sliceId,dedicatedPRB,minPRB,maxPRB
510,0,33.13471759339248,33.13471759339248,100.0
510,1,36.868884817635575,36.868884817635575,100.0
510,2,29.99639758897194,29.99639758897194,100.0
520,0,53.63951988302142,53.63951988302142,100.0
520,1,26.22531333279527,26.22531333279527,100.0
520,2,20.135166784183305,20.135166784183305,100.0
530,0,23.48562298124523,23.48562298124523,100.0
530,1,27.103644341292103,27.103644341292103,100.0
530,2,49.41073267746266,49.41073267746266,100.0
540,0,37.009883442143746,37.009883442143746,100.0
540,1,27.763410148962294,27.763410148962294,100.0
540,2,35.226706408893975,35.226706408893975,100.0
550,0,24.07704506764922,24.07704506764922,100.0
550,1,35.81539322136871,35.81539322136871,100.0
550,2,40.107561710982075,40.107561710982075,100.0
560,0,22.645748221035188,22.645748221035188,100.0
560,1,29.236856886510154,29.236856886510154,100.0
560,2,48.11739489245465,48.11739489245465,100.0
570,0,22.7644424697175,22.7644424697175,100.0
570,1,40.22113492955915,40.22113492955915,100.0
570,2,37.01442260072336,37.01442260072336,100.0
580,0,25.959131170380967,25.959131170380967,100.0
580,1,28.010177773951444,28.010177773951444,100.0
580,2,46.030691055667596,46.030691055667596,100.0
590,0,24.277162648624305,24.277162648624305,100.0
590,1,28.298952986839154,28.298952986839154,100.0
590,2,47.423884364536534,47.423884364536534,100.0
600,0,22.79334461240183,22.79334461240183,100.0
600,1,45.619450735951716,45.619450735951716,100.0
600,2,31.58720465164645,31.58720465164645,100.0
610,0,24.090916491883956,24.090916491883956,100.0
610,1,42.233899278375944,42.233899278375944,100.0
610,2,33.6751842297401,33.6751842297401,100.0
620,0,21.657227033795838,21.657227033795838,100.0
620,1,36.053156574957555,36.053156574957555,100.0
620,2,42.289616391246604,42.289616391246604,100.0
630,0,27.93793008432921,27.93793008432921,100.0
630,1,45.31240530933146,45.31240530933146,100.0
630,2,26.74966460633933,26.74966460633933,100.0
640,0,25.117846037290814,25.117846037290814,100.0
640,1,33.34615206719301,33.34615206719301,100.0
640,2,41.53600189551618,41.53600189551618,100.0
650,0,23.815552264839162,23.815552264839162,100.0
650,1,39.439010778039474,39.439010778039474,100.0
650,2,36.74543695712136,36.74543695712136,100.0
660,0,23.024077530405062,23.024077530405062,100.0
660,1,31.782573914267626,31.782573914267626,100.0
660,2,45.19334855532731,45.19334855532731,100.0
670,0,23.87596463742716,23.87596463742716,100.0
670,1,30.79226798432571,30.79226798432571,100.0
670,2,45.33176737824713,45.33176737824713,100.0
680,0,22.651313255882318,22.651313255882318,100.0
680,1,37.69653087819037,37.69653087819037,100.0
680,2,39.65215586592731,39.65215586592731,100.0
690,0,23.73460224348647,23.73460224348647,100.0
690,1,39.073364848570016,39.073364848570016,100.0
690,2,37.19203290794352,37.19203290794352,100.0
700,0,21.884833860249767,21.884833860249767,100.0
700,1,32.48393319719555,32.48393319719555,100.0
700,2,45.63123294255469,45.63123294255469,100.0
710,0,23.645465024634937,23.645465024634937,100.0
710,1,27.735758796747085,27.735758796747085,100.0
710,2,48.61877617861798,48.61877617861798,100.0
720,0,20.91273605358493,20.91273605358493,100.0
720,1,42.83530418579368,42.83530418579368,100.0
720,2,36.251959760621396,36.251959760621396,100.0
730,0,21.619781852610657,21.619781852610657,100.0
730,1,47.29564912096096,47.29564912096096,100.0
730,2,31.084569026428383,31.084569026428383,100.0
740,0,25.66803559521232,25.66803559521232,100.0
740,1,31.35568297549673,31.35568297549673,100.0
740,2,42.97628142929095,42.97628142929095,100.0
750,0,24.955927463860476,24.955927463860476,100.0
750,1,30.011188482455854,30.011188482455854,100.0
750,2,45.03288405368368,45.03288405368368,100.0
760,0,26.46542896281333,26.46542896281333,100.0
760,1,36.70722311048794,36.70722311048794,100.0
760,2,36.82734792669873,36.82734792669873,100.0
770,0,27.474773258504158,27.474773258504158,100.0
770,1,33.070805540888074,33.070805540888074,100.0
770,2,39.45442120060777,39.45442120060777,100.0
780,0,21.66683023890976,21.66683023890976,100.0
780,1,34.62971376729944,34.62971376729944,100.0
780,2,43.7034559937908,43.7034559937908,100.0
790,0,22.676887966672933,22.676887966672933,100.0
790,1,43.071120201508506,43.071120201508506,100.0
790,2,34.251991831818565,34.251991831818565,100.0
800,0,27.7956074825631,27.7956074825631,100.0
800,1,30.130494807704427,30.130494807704427,100.0
800,2,42.073897709732485,42.073897709732485,100.0
810,0,27.342992809019286,27.342992809019286,100.0
810,1,26.55101243147876,26.55101243147876,100.0
810,2,46.105994759501954,46.105994759501954,100.0
820,0,23.045461107947524,23.045461107947524,100.0
820,1,36.17231527901462,36.17231527901462,100.0
820,2,40.78222361303786,40.78222361303786,100.0
830,0,22.594375059198462,22.594375059198462,100.0
830,1,29.322867608217162,29.322867608217162,100.0
830,2,48.08275733258437,48.08275733258437,100.0
840,0,27.156697010631664,27.156697010631664,100.0
840,1,30.032146903046186,30.032146903046186,100.0
840,2,42.81115608632215,42.81115608632215,100.0
850,0,24.482713749121707,24.482713749121707,100.0
850,1,28.835106578051317,28.835106578051317,100.0
850,2,46.682179672826976,46.682179672826976,100.0
860,0,28.550736464940986,28.550736464940986,100.0
860,1,38.90177508898351,38.90177508898351,100.0
860,2,32.5474884460755,32.5474884460755,100.0
870,0,22.346666401738233,22.346666401738233,100.0
870,1,28.49394276459789,28.49394276459789,100.0
870,2,49.15939083366388,49.15939083366388,100.0
880,0,26.592067337335408,26.592067337335408,100.0
880,1,34.06154210676653,34.06154210676653,100.0
880,2,39.34639055589806,39.34639055589806,100.0
890,0,22.609235041506025,22.609235041506025,100.0
890,1,44.10760293778206,44.10760293778206,100.0
890,2,33.28316202071191,33.28316202071191,100.0
900,0,25.65718258115337,25.65718258115337,100.0
900,1,33.90146702230848,33.90146702230848,100.0
900,2,40.44135039653815,40.44135039653815,100.0
910,0,21.658019305802235,21.658019305802235,100.0
910,1,39.49319469060825,39.49319469060825,100.0
910,2,38.848786003589524,38.848786003589524,100.0
920,0,25.467737972336877,25.467737972336877,100.0
920,1,28.22135346828955,28.22135346828955,100.0
920,2,46.31090855937357,46.31090855937357,100.0
930,0,28.93845239030114,28.93845239030114,100.0
930,1,38.976816469326494,38.976816469326494,100.0
930,2,32.084731140372384,32.084731140372384,100.0
940,0,23.930778446600552,23.930778446600552,100.0
940,1,27.0552962127823,27.0552962127823,100.0
940,2,49.01392534061715,49.01392534061715,100.0
950,0,26.983485289034608,26.983485289034608,100.0
950,1,47.94424250427373,47.94424250427373,100.0
950,2,25.072272206691665,25.072272206691665,100.0
960,0,22.68012384246677,22.68012384246677,100.0
960,1,41.27308927274552,41.27308927274552,100.0
960,2,36.04678688478771,36.04678688478771,100.0
970,0,27.04098458997764,27.04098458997764,100.0
970,1,26.704431824928538,26.704431824928538,100.0
970,2,46.254583585093826,46.254583585093826,100.0
980,0,21.70920999082516,21.70920999082516,100.0
980,1,42.67429489267659,42.67429489267659,100.0
980,2,35.61649511649825,35.61649511649825,100.0
990,0,21.942719423224364,21.942719423224364,100.0
990,1,37.728612033288535,37.728612033288535,100.0
990,2,40.3286685434871,40.3286685434871,100.0
1000,0,24.07174869885694,24.07174869885694,100.0
1000,1,26.909980690718776,26.909980690718776,100.0
1000,2,49.01827061042429,49.01827061042429,100.0
1010,0,22.482098420315268,22.482098420315268,100.0
1010,1,43.89228168309297,43.89228168309297,100.0
1010,2,33.62561989659177,33.62561989659177,100.0
1020,0,22.442836768787068,22.442836768787068,100.0
1020,1,33.42520542633803,33.42520542633803,100.0
1020,2,44.1319578048749,44.1319578048749,100.0
1030,0,22.163495175077202,22.163495175077202,100.0
1030,1,36.786747415004825,36.786747415004825,100.0
1030,2,41.04975740991797,41.04975740991797,100.0
1040,0,22.456524532342556,22.456524532342556,100.0
1040,1,39.34830362346076,39.34830362346076,100.0
1040,2,38.19517184419669,38.19517184419669,100.0
1050,0,22.946236209464516,22.946236209464516,100.0
1050,1,30.7888634264622,30.7888634264622,100.0
1050,2,46.264900364073284,46.264900364073284,100.0
1060,0,21.923650521731922,21.923650521731922,100.0
1060,1,38.93492385365981,38.93492385365981,100.0
1060,2,39.14142562460827,39.14142562460827,100.0
1070,0,30.50712057896253,30.50712057896253,100.0
1070,1,25.987208432815716,25.987208432815716,100.0
1070,2,43.50567098822175,43.50567098822175,100.0
1080,0,21.28742452576399,21.28742452576399,100.0
1080,1,36.2648114961556,36.2648114961556,100.0
1080,2,42.44776397808041,42.44776397808041,100.0
