timestamp,sliceId,dedicatedPRB,minPRB,maxPRB
510,0,44.39649423377773,44.39649423377773,100.0
510,1,29.78308589716384,29.78308589716384,100.0
510,2,25.82041986905843,25.82041986905843,100.0
520,0,26.28432793418794,26.28432793418794,100.0
520,1,32.29031335722116,32.29031335722116,100.0
520,2,41.42535870859091,41.42535870859091,100.0
530,0,32.5998510969214,32.5998510969214,100.0
530,1,25.967974085319124,25.967974085319124,100.0
530,2,41.43217481775948,41.43217481775948,100.0
540,0,49.07920168252936,49.07920168252936,100.0
540,1,27.951220335201242,27.951220335201242,100.0
540,2,22.969577982269396,22.969577982269396,100.0
550,0,41.494459238282275,41.494459238282275,100.0
550,1,39.45553246895422,39.45553246895422,100.0
550,2,19.050008292763508,19.050008292763508,100.0
560,0,25.307451890552485,25.307451890552485,100.0
560,1,47.198919756988325,47.198919756988325,100.0
560,2,27.493628352459204,27.493628352459204,100.0
570,0,32.587781293372274,32.587781293372274,100.0
570,1,32.05892710645688,32.05892710645688,100.0
570,2,35.35329160017084,35.35329160017084,100.0
580,0,37.76396977990537,37.76396977990537,100.0
580,1,34.273069949112525,34.273069949112525,100.0
580,2,27.96296027098211,27.96296027098211,100.0
590,0,27.603852360544874,27.603852360544874,100.0
590,1,38.29486083513184,38.29486083513184,100.0
590,2,34.10128680432328,34.10128680432328,100.0
600,0,42.996517215182706,42.996517215182706,100.0
600,1,31.20951028770836,31.20951028770836,100.0
600,2,25.793972497108932,25.793972497108932,100.0
610,0,22.215073381300726,22.215073381300726,100.0
610,1,44.483143605122244,44.483143605122244,100.0
610,2,33.30178301357703,33.30178301357703,100.0
620,0,29.17272728747061,29.17272728747061,100.0
620,1,42.41621510796905,42.41621510796905,100.0
620,2,28.41105760456033,28.41105760456033,100.0
630,0,37.25028328342862,37.25028328342862,100.0
630,1,32.26656824243718,32.26656824243718,100.0
630,2,30.483148474134197,30.483148474134197,100.0
640,0,40.336466003172085,40.336466003172085,100.0
640,1,26.95928240603831,26.95928240603831,100.0
640,2,32.7042515907896,32.7042515907896,100.0
650,0,23.611307360483742,23.611307360483742,100.0
650,1,51.9114946037384,51.9114946037384,100.0
650,2,24.47719803577786,24.47719803577786,100.0
660,0,31.02988779539244,31.02988779539244,100.0
660,1,36.62506254570974,36.62506254570974,100.0
660,2,32.34504965889782,32.34504965889782,100.0
670,0,33.87070306867931,33.87070306867931,100.0
670,1,32.87897182390543,32.87897182390543,100.0
670,2,33.25032510741526,33.25032510741526,100.0
680,0,28.834437386334997,28.834437386334997,100.0
680,1,25.6495005434327,25.6495005434327,100.0
680,2,45.5160620702323,45.5160620702323,100.0
690,0,48.0825020890668,48.0825020890668,100.0
690,1,27.738879147090373,27.738879147090373,100.0
690,2,24.17861876384283,24.17861876384283,100.0
700,0,41.379836782564105,41.379836782564105,100.0
700,1,38.99524033943667,38.99524033943667,100.0
700,2,19.62492287799921,19.62492287799921,100.0
710,0,43.88208034185585,43.88208034185585,100.0
710,1,33.129083531058804,33.129083531058804,100.0
710,2,22.988836127085353,22.988836127085353,100.0
720,0,33.16337601880813,33.16337601880813,100.0
720,1,26.453554082078934,26.453554082078934,100.0
720,2,40.38306989911293,40.38306989911293,100.0
730,0,35.72602981304471,35.72602981304471,100.0
730,1,25.314529014712722,25.314529014712722,100.0
730,2,38.95944117224257,38.95944117224257,100.0
740,0,45.67441862097931,45.67441862097931,100.0
740,1,35.401944871473454,35.401944871473454,100.0
740,2,18.923636507547243,18.923636507547243,100.0
750,0,24.071703207499112,24.071703207499112,100.0
750,1,38.53789677943437,38.53789677943437,100.0
750,2,37.39040001306652,37.39040001306652,100.0
760,0,37.38661917572345,37.38661917572345,100.0
760,1,39.50466664140132,39.50466664140132,100.0
760,2,23.10871418287522,23.10871418287522,100.0
770,0,38.369301290675885,38.369301290675885,100.0
770,1,40.71498404992957,40.71498404992957,100.0
770,2,20.915714659394556,20.915714659394556,100.0
780,0,45.30038838624469,45.30038838624469,100.0
780,1,26.204298537892296,26.204298537892296,100.0
780,2,28.49531307586301,28.49531307586301,100.0
790,0,51.53040131174985,51.53040131174985,100.0
790,1,25.071098513305778,25.071098513305778,100.0
790,2,23.398500174944374,23.398500174944374,100.0
800,0,24.497621107717073,24.497621107717073,100.0
800,1,53.112006446346896,53.112006446346896,100.0
800,2,22.390372445936034,22.390372445936034,100.0
810,0,34.591193194776096,34.591193194776096,100.0
810,1,38.82413011533651,38.82413011533651,100.0
810,2,26.5846766898874,26.5846766898874,100.0
820,0,28.661782047215638,28.661782047215638,100.0
820,1,44.961328622059604,44.961328622059604,100.0
820,2,26.37688933072476,26.37688933072476,100.0
830,0,37.65362250609023,37.65362250609023,100.0
830,1,42.588307316603036,42.588307316603036,100.0
830,2,19.758070177306745,19.758070177306745,100.0
840,0,37.65119513448657,37.65119513448657,100.0
840,1,31.724109496205884,31.724109496205884,100.0
840,2,30.62469536930756,30.62469536930756,100.0
850,0,46.783066677144284,46.783066677144284,100.0
850,1,31.589025380721846,31.589025380721846,100.0
850,2,21.627907942133866,21.627907942133866,100.0
860,0,36.1884286582349,36.1884286582349,100.0
860,1,31.1966946628892,31.1966946628892,100.0
860,2,32.614876678875895,32.614876678875895,100.0
870,0,34.64715675701272,34.64715675701272,100.0
870,1,40.39444522220377,40.39444522220377,100.0
870,2,24.958398020783516,24.958398020783516,100.0
880,0,33.98139860311766,33.98139860311766,100.0
880,1,37.37113740849584,37.37113740849584,100.0
880,2,28.647463988386495,28.647463988386495,100.0
890,0,49.16510374196783,49.16510374196783,100.0
890,1,26.14705882587237,26.14705882587237,100.0
890,2,24.687837432159803,24.687837432159803,100.0
900,0,40.2387546272427,40.2387546272427,100.0
900,1,32.97393802547478,32.97393802547478,100.0
900,2,26.787307347282525,26.787307347282525,100.0
910,0,32.253487893407446,32.253487893407446,100.0
910,1,37.40135918070718,37.40135918070718,100.0
910,2,30.345152925885376,30.345152925885376,100.0
920,0,31.679868627365593,31.679868627365593,100.0
920,1,34.33851675070366,34.33851675070366,100.0
920,2,33.981614621930746,33.981614621930746,100.0
930,0,43.30622060017478,43.30622060017478,100.0
930,1,24.209371313926415,24.209371313926415,100.0
930,2,32.48440808589881,32.48440808589881,100.0
940,0,40.68269021198737,40.68269021198737,100.0
940,1,28.72131358739725,28.72131358739725,100.0
940,2,30.59599620061537,30.59599620061537,100.0
950,0,25.412358956331676,25.412358956331676,100.0
950,1,28.60389689375637,28.60389689375637,100.0
950,2,45.983744149911956,45.983744149911956,100.0
960,0,35.65266178905539,35.65266178905539,100.0
960,1,31.522216532628654,31.522216532628654,100.0
960,2,32.825121678315966,32.825121678315966,100.0
970,0,47.239957469916824,47.239957469916824,100.0
970,1,25.650949811897373,25.650949811897373,100.0
970,2,27.109092718185817,27.109092718185817,100.0
980,0,31.43746674665957,31.43746674665957,100.0
980,1,37.050541704784855,37.050541704784855,100.0
980,2,31.511991548555574,31.511991548555574,100.0
990,0,36.34235425019685,36.34235425019685,100.0
990,1,25.586621948146355,25.586621948146355,100.0
990,2,38.07102380165679,38.07102380165679,100.0
1000,0,30.972375326807462,30.972375326807462,100.0
1000,1,38.77685724756926,38.77685724756926,100.0
1000,2,30.25076742562327,30.25076742562327,100.0
1010,0,34.676459651218195,34.676459651218195,100.0
1010,1,31.861244156702952,31.861244156702952,100.0
1010,2,33.46229619207885,33.46229619207885,100.0
1020,0,37.41084907761532,37.41084907761532,100.0
1020,1,31.482194495366933,31.482194495366933,100.0
1020,2,31.106956427017746,31.106956427017746,100.0
1030,0,31.73360097296436,31.73360097296436,100.0
1030,1,24.851249673090294,24.851249673090294,100.0
1030,2,43.415149353945345,43.415149353945345,100.0
1040,0,38.83104723610678,38.83104723610678,100.0
1040,1,33.460684519728346,33.460684519728346,100.0
1040,2,27.70826824416488,27.70826824416488,100.0
1050,0,41.18140533919012,41.18140533919012,100.0
1050,1,27.756906492562685,27.756906492562685,100.0
1050,2,31.061688168247194,31.061688168247194,100.0
1060,0,36.06431594601641,36.06431594601641,100.0
1060,1,27.69447766095944,27.69447766095944,100.0
1060,2,36.241206393024164,36.241206393024164,100.0
1070,0,34.39524080022821,34.39524080022821,100.0
1070,1,27.390899669125695,27.390899669125695,100.0
1070,2,38.2138595306461,38.2138595306461,100.0
1080,0,26.804567237235922,26.804567237235922,100.0
1080,1,31.7430198108434,31.7430198108434,100.0
1080,2,41.45241295192068,41.45241295192068,100.0
1090,0,36.69067702280805,36.69067702280805,100.0
1090,1,32.94653917260714,32.94653917260714,100.0
1090,2,30.362783804584808,30.362783804584808,100.0
1100,0,35.59066209337332,35.59066209337332,100.0
1100,1,31.281560407135995,31.281560407135995,100.0
1100,2,33.127777499490676,33.127777499490676,100.0
1110,0,38.59955826867309,38.59955826867309,100.0
1110,1,34.954663397288414,34.954663397288414,100.0
1110,2,26.445778334038504,26.445778334038504,100.0
1120,0,32.23013798748392,32.23013798748392,100.0
1120,1,31.57142437679985,31.57142437679985,100.0
1120,2,36.19843763571623,36.19843763571623,100.0
1130,0,32.46627308903216,32.46627308903216,100.0
1130,1,44.96008071324711,44.96008071324711,100.0
1130,2,22.57364619772075,22.57364619772075,100.0
1140,0,39.55266839828306,39.55266839828306,100.0
1140,1,38.111917855716676,38.111917855716676,100.0
1140,2,22.335413746000267,22.335413746000267,100.0
1150,0,40.806291898657044,40.806291898657044,100.0
1150,1,25.484711571682105,25.484711571682105,100.0
1150,2,33.70899652966085,33.70899652966085,100.0
1160,0,45.81320006674794,45.81320006674794,100.0
1160,1,28.600910055587125,28.600910055587125,100.0
1160,2,25.585889877664936,25.585889877664936,100.0
1170,0,48.98405309997864,48.98405309997864,100.0
1170,1,27.047529988869666,27.047529988869666,100.0
1170,2,23.968416911151692,23.968416911151692,100.0
1180,0,35.96193626252055,35.96193626252055,100.0
1180,1,44.131339320147276,44.131339320147276,100.0
1180,2,19.90672441733217,19.90672441733217,100.0
1190,0,43.68583088510036,43.68583088510036,100.0
1190,1,37.5886855550678,37.5886855550678,100.0
1190,2,18.725483559831847,18.725483559831847,100.0
1200,0,41.59634553792104,41.59634553792104,100.0
1200,1,24.924269299322717,24.924269299322717,100.0
1200,2,33.47938516275624,33.47938516275624,100.0
1210,0,39.16993075293694,39.16993075293694,100.0
1210,1,28.169322901008055,28.169322901008055,100.0
1210,2,32.66074634605501,32.66074634605501,100.0
1220,0,40.97193198053805,40.97193198053805,100.0
1220,1,35.871504070502255,35.871504070502255,100.0
1220,2,23.15656394895969,23.15656394895969,100.0
1230,0,31.318415496096787,31.318415496096787,100.0
1230,1,27.173643841942187,27.173643841942187,100.0
1230,2,41.50794066196103,41.50794066196103,100.0
1240,0,27.906692154449132,27.906692154449132,100.0
1240,1,30.922918164909664,30.922918164909664,100.0
1240,2,41.17038968064121,41.17038968064121,100.0
1250,0,33.45602521071236,33.45602521071236,100.0
1250,1,24.801207333740727,24.801207333740727,100.0
1250,2,41.74276745554691,41.74276745554691,100.0
1260,0,48.17788432496068,48.17788432496068,100.0
1260,1,30.455596672405626,30.455596672405626,100.0
1260,2,21.366519002633705,21.366519002633705,100.0
1270,0,44.74264580740432,44.74264580740432,100.0
1270,1,24.811954672596674,24.811954672596674,100.0
1270,2,30.445399519999008,30.445399519999008,100.0
1280,0,22.940669549329325,22.940669549329325,100.0
1280,1,26.91070885115636,26.91070885115636,100.0
1280,2,50.14862159951431,50.14862159951431,100.0
1290,0,39.39554041302493,39.39554041302493,100.0
1290,1,41.75019878424422,41.75019878424422,100.0
1290,2,18.85426080273085,18.85426080273085,100.0
1300,0,25.818388018729184,25.818388018729184,100.0
1300,1,38.88871949264527,38.88871949264527,100.0
1300,2,35.29289248862555,35.29289248862555,100.0
1310,0,40.91915557710906,40.91915557710906,100.0
1310,1,24.394659855379423,24.394659855379423,100.0
1310,2,34.686184567511525,34.686184567511525,100.0
1320,0,25.548533840571963,25.548533840571963,100.0
1320,1,28.1678333133293,28.1678333133293,100.0
1320,2,46.28363284609873,46.28363284609873,100.0
1330,0,46.06179887336334,46.06179887336334,100.0
1330,1,27.30275644150914,27.30275644150914,100.0
1330,2,26.63544468512753,26.63544468512753,100.0
1340,0,34.39181115177363,34.39181115177363,100.0
1340,1,32.73533158156485,32.73533158156485,100.0
1340,2,32.87285726666151,32.87285726666151,100.0
1350,0,42.81024171083961,42.81024171083961,100.0
1350,1,28.270790595107393,28.270790595107393,100.0
1350,2,28.918967694053,28.918967694053,100.0
1360,0,45.70719949269818,45.70719949269818,100.0
1360,1,31.08400975579292,31.08400975579292,100.0
1360,2,23.2087907515089,23.2087907515089,100.0
1370,0,45.10614431754434,45.10614431754434,100.0
1370,1,30.67870381963578,30.67870381963578,100.0
1370,2,24.215151862819887,24.215151862819887,100.0
1380,0,46.90229786494944,46.90229786494944,100.0
1380,1,25.705844820042202,25.705844820042202,100.0
1380,2,27.391857315008362,27.391857315008362,100.0
1390,0,31.993531613523352,31.993531613523352,100.0
1390,1,27.482489947664472,27.482489947664472,100.0
1390,2,40.52397843881218,40.52397843881218,100.0
1400,0,30.829723466261672,30.829723466261672,100.0
1400,1,32.99469814513351,32.99469814513351,100.0
1400,2,36.17557838860481,36.17557838860481,100.0
1410,0,37.28023444211204,37.28023444211204,100.0
1410,1,26.39361595885852,26.39361595885852,100.0
1410,2,36.32614959902944,36.32614959902944,100.0
1420,0,28.04995660114275,28.04995660114275,100.0
1420,1,32.59693165477506,32.59693165477506,100.0
1420,2,39.353111744082184,39.353111744082184,100.0
1430,0,41.20091767003744,41.20091767003744,100.0
1430,1,25.932870734440826,25.932870734440826,100.0
1430,2,32.866211595521726,32.866211595521726,100.0
1440,0,37.39603376200864,37.39603376200864,100.0
1440,1,38.28496502554465,38.28496502554465,100.0
1440,2,24.3190012124467,24.3190012124467,100.0
1450,0,43.48960493747268,43.48960493747268,100.0
1450,1,31.314964126570523,31.314964126570523,100.0
1450,2,25.195430935956814,25.195430935956814,100.0
1460,0,39.81185719104252,39.81185719104252,100.0
1460,1,27.543269280998405,27.543269280998405,100.0
1460,2,32.64487352795907,32.64487352795907,100.0
1470,0,36.90067270955944,36.90067270955944,100.0
1470,1,29.409951058715844,29.409951058715844,100.0
1470,2,33.689376231724715,33.689376231724715,100.0
1480,0,40.14131138964022,40.14131138964022,100.0
1480,1,28.83221810105667,28.83221810105667,100.0
1480,2,31.026470509303106,31.026470509303106,100.0
1490,0,27.04295381342042,27.04295381342042,100.0
1490,1,27.402851228313708,27.402851228313708,100.0
1490,2,45.55419495826587,45.55419495826587,100.0
1500,0,38.92262756377451,38.92262756377451,100.0
1500,1,33.44097575193653,33.44097575193653,100.0
1500,2,27.636396684288954,27.636396684288954,100.0
