timestamp,ueImsi,sliceId,dTxBytes,dRxBytes,plr,resourceSharePct,dLostPackets,throughputMbps,bufferBytes
560,1,0,24448,3056,87.50,31.66,14,2.4448,127865
560,2,0,24448,3056,87.50,31.66,14,2.4448,127780
560,3,0,24448,3056,87.50,31.66,14,2.4448,127766
560,4,0,24448,3056,87.50,31.66,14,2.4448,127757
560,5,0,24448,3056,87.50,31.66,14,2.4448,127753
560,6,1,390,390,0.00,40.00,0,0.3120,87
560,7,1,390,390,0.00,40.00,0,0.3120,87
560,8,1,390,390,0.00,40.00,0,0.3120,87
560,9,1,390,390,0.00,40.00,0,0.3120,87
560,10,1,390,390,0.00,40.00,0,0.3120,87
560,11,2,16000,1664,89.60,28.33,112,1.3312,85052
560,12,2,16000,1664,89.60,28.33,112,1.3312,84976
560,13,2,16000,1792,88.80,28.33,111,1.4336,84985
560,14,2,16000,1792,88.80,28.33,111,1.4336,85035
560,15,2,16000,1792,88.80,28.33,111,1.4336,85033
560,16,2,16000,1792,88.80,28.33,111,1.4336,85042
560,17,2,16000,1792,88.80,28.33,111,1.4336,85023
560,18,2,16000,1792,88.80,28.33,111,1.4336,84965
560,19,2,16000,1792,88.80,28.33,111,1.4336,85029
560,20,2,16000,1792,88.80,28.33,111,1.4336,85030
