timestamp,ueImsi,sliceId,dTxBytes,dRxBytes,plr,resourceSharePct,dLostPackets,throughputMbps,bufferBytes
560,1,0,24448,3056,87.50,44.86,14,2.4448,136974
560,2,0,24448,3056,87.50,44.86,14,2.4448,136969
560,3,0,24448,3056,87.50,44.86,14,2.4448,136924
560,4,0,24448,3056,87.50,44.86,14,2.4448,136924
560,5,0,24448,3056,87.50,44.86,14,2.4448,136932
560,6,1,780,624,20.00,31.52,2,0.4992,126
560,7,1,780,624,20.00,31.52,2,0.4992,87
560,8,1,780,624,20.00,31.52,2,0.4992,87
560,9,1,780,624,20.00,31.52,2,0.4992,126
560,10,1,780,624,20.00,31.52,2,0.4992,126
560,11,2,16000,512,96.80,23.62,121,0.4096,91349
560,12,2,16000,512,96.80,23.62,121,0.4096,91358
560,13,2,16000,512,96.80,23.62,121,0.4096,91342
560,14,2,16000,512,96.80,23.62,121,0.4096,91349
560,15,2,16000,512,96.80,23.62,121,0.4096,91413
560,16,2,16000,512,96.80,23.62,121,0.4096,91414
560,17,2,16000,512,96.80,23.62,121,0.4096,91407
560,18,2,16000,384,97.60,23.62,122,0.3072,91314
560,19,2,16000,384,97.60,23.62,122,0.3072,91312
560,20,2,16000,512,96.80,23.62,121,0.4096,91321
