timestamp,sliceId,dedicatedPRB,minPRB,maxPRB
510,0,41.40843636994606,41.40843636994606,100.0
510,1,26.300321330744996,26.300321330744996,100.0
510,2,32.29124229930894,32.29124229930894,100.0
520,0,42.31943376047955,42.31943376047955,100.0
520,1,30.141443862711736,30.141443862711736,100.0
520,2,27.539122376808713,27.539122376808713,100.0
530,0,26.715658585596014,26.715658585596014,100.0
530,1,39.29030115083925,39.29030115083925,100.0
530,2,33.99404026356474,33.99404026356474,100.0
540,0,38.44913049863684,38.44913049863684,100.0
540,1,29.351243597460773,29.351243597460773,100.0
540,2,32.19962590390238,32.19962590390238,100.0
550,0,33.561290773299476,33.561290773299476,100.0
550,1,45.85845667460945,45.85845667460945,100.0
550,2,20.58025255209108,20.58025255209108,100.0
560,0,41.320270192065,41.320270192065,100.0
560,1,36.45568514758608,36.45568514758608,100.0
560,2,22.224044660348916,22.224044660348916,100.0
570,0,28.539799505740255,28.539799505740255,100.0
570,1,42.63738956769989,42.63738956769989,100.0
570,2,28.82281092655985,28.82281092655985,100.0
580,0,34.18047820555067,34.18047820555067,100.0
580,1,37.27079860632798,37.27079860632798,100.0
580,2,28.548723188121343,28.548723188121343,100.0
590,0,43.238932052841385,43.238932052841385,100.0
590,1,28.827676663731904,28.827676663731904,100.0
590,2,27.93339128342671,27.93339128342671,100.0
600,0,36.706361826387976,36.706361826387976,100.0
600,1,31.935812784820634,31.935812784820634,100.0
600,2,31.357825388791394,31.357825388791394,100.0
610,0,30.780005839319095,30.780005839319095,100.0
610,1,43.2909526247089,43.2909526247089,100.0
610,2,25.929041535972008,25.929041535972008,100.0
620,0,42.63143793844035,42.63143793844035,100.0
620,1,27.4636190591459,27.4636190591459,100.0
620,2,29.904943002413752,29.904943002413752,100.0
630,0,43.31142073741942,43.31142073741942,100.0
630,1,31.357578652144436,31.357578652144436,100.0
630,2,25.33100061043615,25.33100061043615,100.0
640,0,35.51220962755429,35.51220962755429,100.0
640,1,34.406791299370056,34.406791299370056,100.0
640,2,30.080999073075652,30.080999073075652,100.0
650,0,33.45910427157084,33.45910427157084,100.0
650,1,47.71616461797301,47.71616461797301,100.0
650,2,18.82473111045615,18.82473111045615,100.0
660,0,23.23669455865501,23.23669455865501,100.0
660,1,36.679879384807506,36.679879384807506,100.0
660,2,40.08342605653749,40.08342605653749,100.0
670,0,30.066146987645602,30.066146987645602,100.0
670,1,46.99054920290784,46.99054920290784,100.0
670,2,22.943303809446558,22.943303809446558,100.0
680,0,27.78361978032693,27.78361978032693,100.0
680,1,49.54152830317165,49.54152830317165,100.0
680,2,22.674851916501424,22.674851916501424,100.0
690,0,42.66987585763707,42.66987585763707,100.0
690,1,32.35535215616759,32.35535215616759,100.0
690,2,24.974771986195343,24.974771986195343,100.0
700,0,36.78388115287648,36.78388115287648,100.0
700,1,37.556160292353916,37.556160292353916,100.0
700,2,25.659958554769602,25.659958554769602,100.0
