timestamp,ueImsi,sliceId,dTxBytes,dRxBytes,plr,resourceSharePct,dLostPackets,throughputMbps,bufferBytes
560,1,0,24448,1528,93.75,54.18,15,1.2224,134265
560,2,0,24448,1528,93.75,54.18,15,1.2224,134265
560,3,0,24448,3056,87.50,54.18,14,2.4448,134327
560,4,0,24448,3056,87.50,54.18,14,2.4448,134214
560,5,0,24448,3056,87.50,54.18,14,2.4448,134215
560,6,1,780,624,20.00,26.07,2,0.4992,126
560,7,1,780,624,20.00,26.07,2,0.4992,126
560,8,1,780,624,20.00,26.07,2,0.4992,225
560,9,1,780,624,20.00,26.07,2,0.4992,126
560,10,1,780,624,20.00,26.07,2,0.4992,126
560,11,2,16000,384,97.60,19.75,122,0.3072,91541
560,12,2,16000,512,96.80,19.75,121,0.4096,91548
560,13,2,16000,384,97.60,19.75,122,0.3072,91532
560,14,2,16000,384,97.60,19.75,122,0.3072,91531
560,15,2,16000,384,97.60,19.75,122,0.3072,91613
560,16,2,16000,384,97.60,19.75,122,0.3072,91604
560,17,2,16000,384,97.60,19.75,122,0.3072,91613
560,18,2,16000,384,97.60,19.75,122,0.3072,91606
560,19,2,16000,384,97.60,19.75,122,0.3072,91603
560,20,2,16000,384,97.60,19.75,122,0.3072,91603
