timestamp,sliceId,dedicatedPRB,minPRB,maxPRB,algorithm
510,0,61.66499972343444,61.66499972343444,100.0,0
510,1,25.000000298023224,25.000000298023224,100.0,0
510,2,13.334999978542328,13.334999978542328,100.0,0
520,0,26.664999723434445,26.664999723434445,100.0,0
520,1,50.00000029802323,50.00000029802323,100.0,0
520,2,23.334999978542328,23.334999978542328,100.0,0
530,0,26.664999723434445,26.664999723434445,100.0,0
530,1,45.000000298023224,45.000000298023224,100.0,0
530,2,28.33499997854233,28.33499997854233,100.0,0
540,0,51.66499972343445,51.66499972343445,100.0,1
540,1,20.000000298023224,20.000000298023224,100.0,1
540,2,28.33499997854233,28.33499997854233,100.0,1
550,0,21.66499972343445,21.66499972343445,100.0,1
550,1,65.00000029802322,65.00000029802322,100.0,1
550,2,13.334999978542328,13.334999978542328,100.0,1
560,0,16.66499972343445,16.66499972343445,100.0,2
560,1,25.000000298023224,25.000000298023224,100.0,2
560,2,58.33499997854232,58.33499997854232,100.0,2
570,0,46.664999723434455,46.664999723434455,100.0,2
570,1,35.000000298023224,35.000000298023224,100.0,2
570,2,18.334999978542328,18.334999978542328,100.0,2
580,0,21.66499972343445,21.66499972343445,100.0,1
580,1,65.00000029802322,65.00000029802322,100.0,1
580,2,13.334999978542328,13.334999978542328,100.0,1
