timestamp,sliceId,dedicatedPRB,minPRB,maxPRB
510,0,50.98949573949366,50.98949573949366,100.0
510,1,27.972742094667847,27.972742094667847,100.0
510,2,21.03776216583849,21.03776216583849,100.0
520,0,26.258263027873213,26.258263027873213,100.0
520,1,28.71248581357424,28.71248581357424,100.0
520,2,45.02925115855255,45.02925115855255,100.0
530,0,26.446225495995833,26.446225495995833,100.0
530,1,49.11086596145488,49.11086596145488,100.0
530,2,24.442908542549286,24.442908542549286,100.0
540,0,55.18550663498154,55.18550663498154,100.0
540,1,25.501167101371703,25.501167101371703,100.0
540,2,19.313326263646754,19.313326263646754,100.0
550,0,37.57452253154033,37.57452253154033,100.0
550,1,45.17202253627209,45.17202253627209,100.0
550,2,17.25345493218758,17.25345493218758,100.0
560,0,50.5135411546023,50.5135411546023,100.0
560,1,26.58850847248853,26.58850847248853,100.0
560,2,22.897950372909172,22.897950372909172,100.0
570,0,42.32891446204392,42.32891446204392,100.0
570,1,35.42697317780557,35.42697317780557,100.0
570,2,22.24411236015051,22.24411236015051,100.0
580,0,48.649457115137054,48.649457115137054,100.0
580,1,31.370838749381637,31.370838749381637,100.0
580,2,19.979704135481313,19.979704135481313,100.0
590,0,51.91200554823302,51.91200554823302,100.0
590,1,27.7912085624235,27.7912085624235,100.0
590,2,20.29678588934349,20.29678588934349,100.0
600,0,48.76998803957735,48.76998803957735,100.0
600,1,30.510980774547974,30.510980774547974,100.0
600,2,20.71903118587468,20.71903118587468,100.0
610,0,39.855029977090226,39.855029977090226,100.0
610,1,40.95590071123135,40.95590071123135,100.0
610,2,19.18906931167842,19.18906931167842,100.0
620,0,47.991649801979094,47.991649801979094,100.0
620,1,33.686868167459,33.686868167459,100.0
620,2,18.321482030561896,18.321482030561896,100.0
630,0,51.17473258288761,51.17473258288761,100.0
630,1,27.07914060363953,27.07914060363953,100.0
630,2,21.74612681347286,21.74612681347286,100.0
640,0,39.69681003422888,39.69681003422888,100.0
640,1,39.521882741780864,39.521882741780864,100.0
640,2,20.781307223990257,20.781307223990257,100.0
650,0,37.65716536917044,37.65716536917044,100.0
650,1,42.27971436983847,42.27971436983847,100.0
650,2,20.063120260991084,20.063120260991084,100.0
660,0,44.91829062032893,44.91829062032893,100.0
660,1,34.980500218951235,34.980500218951235,100.0
660,2,20.101209160719826,20.101209160719826,100.0
