timestamp,sliceId,dedicatedPRB,minPRB,maxPRB
510,0,27.826297582037874,27.826297582037874,100.0
510,1,31.34829670707108,31.34829670707108,100.0
510,2,40.82540571089105,40.82540571089105,100.0
520,0,22.749994167678082,22.749994167678082,100.0
520,1,56.52398929511673,56.52398929511673,100.0
520,2,20.726016537205194,20.726016537205194,100.0
530,0,26.744021848592737,26.744021848592737,100.0
530,1,42.1183199107874,42.1183199107874,100.0
530,2,31.137658240619874,31.137658240619874,100.0
540,0,32.840955115208345,32.840955115208345,100.0
540,1,33.49738081931444,33.49738081931444,100.0
540,2,33.66166406547721,33.66166406547721,100.0
550,0,23.023877675708516,23.023877675708516,100.0
550,1,40.7035045750507,40.7035045750507,100.0
550,2,36.27261774924079,36.27261774924079,100.0
