timestamp,sliceId,dedicatedPRB,minPRB,maxPRB
510,0,42.39676369233304,42.39676369233304,100.0
510,1,39.09547649378366,39.09547649378366,100.0
510,2,18.507759813883304,18.507759813883304,100.0
520,0,30.55439641647296,30.55439641647296,100.0
520,1,32.69975972443693,32.69975972443693,100.0
520,2,36.7458438590901,36.7458438590901,100.0
530,0,38.601209634761105,38.601209634761105,100.0
530,1,37.110744159254146,37.110744159254146,100.0
530,2,24.288046205984752,24.288046205984752,100.0
540,0,23.817265847571655,23.817265847571655,100.0
540,1,49.94379010247964,49.94379010247964,100.0
540,2,26.23894404994871,26.23894404994871,100.0
550,0,38.715955509043965,38.715955509043965,100.0
550,1,33.19043982558786,33.19043982558786,100.0
550,2,28.093604665368176,28.093604665368176,100.0
560,0,43.44304962041061,43.44304962041061,100.0
560,1,30.13843259661583,30.13843259661583,100.0
560,2,26.41851778297356,26.41851778297356,100.0
570,0,25.94603741903228,25.94603741903228,100.0
570,1,34.134860737153716,34.134860737153716,100.0
570,2,39.91910184381401,39.91910184381401,100.0
580,0,40.52426237852087,40.52426237852087,100.0
580,1,35.82237288385633,35.82237288385633,100.0
580,2,23.653364737622795,23.653364737622795,100.0
590,0,28.657233091550825,28.657233091550825,100.0
590,1,31.469281568967645,31.469281568967645,100.0
590,2,39.873485339481526,39.873485339481526,100.0
600,0,46.72946307182849,46.72946307182849,100.0
600,1,27.81074940405887,27.81074940405887,100.0
600,2,25.45978752411264,25.45978752411264,100.0
610,0,39.89194899843107,39.89194899843107,100.0
610,1,40.967723994987594,40.967723994987594,100.0
610,2,19.14032700658134,19.14032700658134,100.0
620,0,31.95197391346467,31.95197391346467,100.0
620,1,29.308497611707057,29.308497611707057,100.0
620,2,38.739528474828276,38.739528474828276,100.0
630,0,27.951506267496317,27.951506267496317,100.0
630,1,34.85980102378184,34.85980102378184,100.0
630,2,37.188692708721845,37.188692708721845,100.0
640,0,25.62413872567223,25.62413872567223,100.0
640,1,42.137933163201126,42.137933163201126,100.0
640,2,32.23792811112665,32.23792811112665,100.0
650,0,27.35244103109997,27.35244103109997,100.0
650,1,26.202926064290143,26.202926064290143,100.0
650,2,46.44463290460988,46.44463290460988,100.0
660,0,28.041359229305808,28.041359229305808,100.0
660,1,28.366831580974672,28.366831580974672,100.0
660,2,43.59180918971952,43.59180918971952,100.0
670,0,32.66613534150476,32.66613534150476,100.0
670,1,41.23022875058906,41.23022875058906,100.0
670,2,26.10363590790618,26.10363590790618,100.0
680,0,39.70925251504438,39.70925251504438,100.0
680,1,41.074407113865355,41.074407113865355,100.0
680,2,19.21634037109026,19.21634037109026,100.0
690,0,28.95099948988269,28.95099948988269,100.0
690,1,48.48466517870622,48.48466517870622,100.0
690,2,22.56433533141109,22.56433533141109,100.0
700,0,35.2817304919001,35.2817304919001,100.0
700,1,25.777558884526986,25.777558884526986,100.0
700,2,38.94071062357292,38.94071062357292,100.0
710,0,28.519369657517323,28.519369657517323,100.0
710,1,34.012525060857804,34.012525060857804,100.0
710,2,37.468105281624865,37.468105281624865,100.0
720,0,24.900113261718854,24.900113261718854,100.0
720,1,35.76188591124225,35.76188591124225,100.0
720,2,39.33800082703889,39.33800082703889,100.0
730,0,24.57003427396931,24.57003427396931,100.0
730,1,30.239448304846462,30.239448304846462,100.0
730,2,45.190517421184225,45.190517421184225,100.0
740,0,26.185959876287047,26.185959876287047,100.0
740,1,37.75275152682801,37.75275152682801,100.0
740,2,36.06128859688494,36.06128859688494,100.0
750,0,43.09811873391545,43.09811873391545,100.0
750,1,31.30471923338612,31.30471923338612,100.0
750,2,25.597162032698435,25.597162032698435,100.0
760,0,24.955598787827466,24.955598787827466,100.0
760,1,55.081602556309974,55.081602556309974,100.0
760,2,19.962798655862567,19.962798655862567,100.0
770,0,23.783378912580915,23.783378912580915,100.0
770,1,43.72105681228621,43.72105681228621,100.0
770,2,32.495564275132885,32.495564275132885,100.0
780,0,23.992762831516867,23.992762831516867,100.0
780,1,45.886092118663036,45.886092118663036,100.0
780,2,30.121145049820097,30.121145049820097,100.0
790,0,44.5369855311719,44.5369855311719,100.0
790,1,34.68566943930905,34.68566943930905,100.0
790,2,20.77734502951904,20.77734502951904,100.0
800,0,22.198906756180758,22.198906756180758,100.0
800,1,58.73394896375479,58.73394896375479,100.0
800,2,19.067144280064447,19.067144280064447,100.0
810,0,23.629481874748084,23.629481874748084,100.0
810,1,56.38922629744282,56.38922629744282,100.0
810,2,19.981291827809095,19.981291827809095,100.0
820,0,41.82125415935366,41.82125415935366,100.0
820,1,27.678431202455435,27.678431202455435,100.0
820,2,30.500314638190908,30.500314638190908,100.0
830,0,41.25238085495179,41.25238085495179,100.0
830,1,41.148167797743604,41.148167797743604,100.0
830,2,17.59945134730461,17.59945134730461,100.0
840,0,42.547612906977506,42.547612906977506,100.0
840,1,32.649422916280976,32.649422916280976,100.0
840,2,24.80296417674151,24.80296417674151,100.0
850,0,34.37240006437814,34.37240006437814,100.0
850,1,29.069183032279433,29.069183032279433,100.0
850,2,36.558416903342426,36.558416903342426,100.0
860,0,39.67752298237758,39.67752298237758,100.0
860,1,24.02408625383023,24.02408625383023,100.0
860,2,36.29839076379219,36.29839076379219,100.0
870,0,33.978214597091466,33.978214597091466,100.0
870,1,25.54845091739009,25.54845091739009,100.0
870,2,40.47333448551844,40.47333448551844,100.0
880,0,26.06044965758595,26.06044965758595,100.0
880,1,54.0650330992532,54.0650330992532,100.0
880,2,19.874517243160867,19.874517243160867,100.0
890,0,42.765752476424844,42.765752476424844,100.0
890,1,39.56433982623959,39.56433982623959,100.0
890,2,17.66990769733556,17.66990769733556,100.0
900,0,36.534821050434765,36.534821050434765,100.0
900,1,33.08288107780018,33.08288107780018,100.0
900,2,30.382297871765047,30.382297871765047,100.0
910,0,31.579632726134644,31.579632726134644,100.0
910,1,29.064472512519796,29.064472512519796,100.0
910,2,39.35589476134557,39.35589476134557,100.0
920,0,44.68663544080085,44.68663544080085,100.0
920,1,27.44975594325695,27.44975594325695,100.0
920,2,27.863608615942205,27.863608615942205,100.0
930,0,32.806997229842295,32.806997229842295,100.0
930,1,26.264258631899484,26.264258631899484,100.0
930,2,40.928744138258224,40.928744138258224,100.0
940,0,27.050002657605166,27.050002657605166,100.0
940,1,31.388947859518062,31.388947859518062,100.0
940,2,41.561049482876776,41.561049482876776,100.0
950,0,33.41802512929953,33.41802512929953,100.0
950,1,45.7027735615417,45.7027735615417,100.0
950,2,20.87920130915877,20.87920130915877,100.0
960,0,26.045151044017,26.045151044017,100.0
960,1,48.615620587309785,48.615620587309785,100.0
960,2,25.33922836867321,25.33922836867321,100.0
970,0,27.707991888260146,27.707991888260146,100.0
970,1,43.54600928383846,43.54600928383846,100.0
970,2,28.7459988279014,28.7459988279014,100.0
980,0,36.79103454420426,36.79103454420426,100.0
980,1,33.8463707104678,33.8463707104678,100.0
980,2,29.362594745327936,29.362594745327936,100.0
990,0,36.28933259973779,36.28933259973779,100.0
990,1,39.709243673132534,39.709243673132534,100.0
990,2,24.001423727129684,24.001423727129684,100.0
1000,0,36.34132434925111,36.34132434925111,100.0
1000,1,38.775321262346715,38.775321262346715,100.0
1000,2,24.883354388402175,24.883354388402175,100.0
1010,0,44.88552024756238,44.88552024756238,100.0
1010,1,34.24967443621115,34.24967443621115,100.0
1010,2,20.86480531622646,20.86480531622646,100.0
1020,0,29.645218879960872,29.645218879960872,100.0
1020,1,47.445320462743545,47.445320462743545,100.0
1020,2,22.909460657295583,22.909460657295583,100.0
1030,0,32.13225339289963,32.13225339289963,100.0
1030,1,28.761151482697173,28.761151482697173,100.0
1030,2,39.1065951244032,39.1065951244032,100.0
1040,0,46.62765383954933,46.62765383954933,100.0
1040,1,32.56307062273285,32.56307062273285,100.0
1040,2,20.809275537717813,20.809275537717813,100.0
1050,0,42.22597803808657,42.22597803808657,100.0
1050,1,35.39034522925161,35.39034522925161,100.0
1050,2,22.383676732661822,22.383676732661822,100.0
1060,0,37.87406011970877,37.87406011970877,100.0
1060,1,42.644998834142875,42.644998834142875,100.0
1060,2,19.48094104614836,19.48094104614836,100.0
1070,0,28.982176201635703,28.982176201635703,100.0
1070,1,50.06126697352056,50.06126697352056,100.0
1070,2,20.956556824843737,20.956556824843737,100.0
1080,0,27.656900920141048,27.656900920141048,100.0
1080,1,41.66022586309653,41.66022586309653,100.0
1080,2,30.68287321676243,30.68287321676243,100.0
1090,0,24.15038793299849,24.15038793299849,100.0
1090,1,45.18764123220617,45.18764123220617,100.0
1090,2,30.661970834795337,30.661970834795337,100.0
1100,0,40.808493185057934,40.808493185057934,100.0
1100,1,29.185669677407,29.185669677407,100.0
1100,2,30.005837137535078,30.005837137535078,100.0
1110,0,34.968091851822805,34.968091851822805,100.0
1110,1,37.07359833368616,37.07359833368616,100.0
1110,2,27.958309814491038,27.958309814491038,100.0
1120,0,37.858740684245234,37.858740684245234,100.0
1120,1,37.684990124920326,37.684990124920326,100.0
1120,2,24.456269190834444,24.456269190834444,100.0
1130,0,46.37150941757926,46.37150941757926,100.0
1130,1,27.866397023863048,27.866397023863048,100.0
1130,2,25.762093558557698,25.762093558557698,100.0
1140,0,34.87908424063493,34.87908424063493,100.0
1140,1,40.887963107274594,40.887963107274594,100.0
1140,2,24.23295265209047,24.23295265209047,100.0
1150,0,29.5493855202429,29.5493855202429,100.0
1150,1,37.172568708142364,37.172568708142364,100.0
1150,2,33.278045771614735,33.278045771614735,100.0
1160,0,25.634268578932506,25.634268578932506,100.0
1160,1,35.95087281054946,35.95087281054946,100.0
1160,2,38.41485861051803,38.41485861051803,100.0
1170,0,42.95161551586559,42.95161551586559,100.0
1170,1,33.08608702588491,33.08608702588491,100.0
1170,2,23.962297458249502,23.962297458249502,100.0
1180,0,24.000968960091296,24.000968960091296,100.0
1180,1,29.19164551231923,29.19164551231923,100.0
1180,2,46.80738552758948,46.80738552758948,100.0
1190,0,32.00845437034807,32.00845437034807,100.0
1190,1,48.50434232591837,48.50434232591837,100.0
1190,2,19.48720330373355,19.48720330373355,100.0
1200,0,34.04765559363646,34.04765559363646,100.0
1200,1,30.321635604330243,30.321635604330243,100.0
1200,2,35.63070880203328,35.63070880203328,100.0
1210,0,37.097843420342095,37.097843420342095,100.0
1210,1,26.73389478588523,26.73389478588523,100.0
1210,2,36.16826179377268,36.16826179377268,100.0
1220,0,51.642096504464384,51.642096504464384,100.0
1220,1,29.901011289466627,29.901011289466627,100.0
1220,2,18.456892206068996,18.456892206068996,100.0
1230,0,22.482115523050897,22.482115523050897,100.0
1230,1,42.1265715214167,42.1265715214167,100.0
1230,2,35.391312955532406,35.391312955532406,100.0
1240,0,28.628293520895166,28.628293520895166,100.0
1240,1,45.21674203995813,45.21674203995813,100.0
1240,2,26.154964439146706,26.154964439146706,100.0
1250,0,22.268648991521452,22.268648991521452,100.0
1250,1,36.97616631339806,36.97616631339806,100.0
1250,2,40.755184695080494,40.755184695080494,100.0
1260,0,50.170229990884316,50.170229990884316,100.0
1260,1,31.490323056439262,31.490323056439262,100.0
1260,2,18.339446952676433,18.339446952676433,100.0
1270,0,49.03487863066239,49.03487863066239,100.0
1270,1,29.67985964044354,29.67985964044354,100.0
1270,2,21.285261728894074,21.285261728894074,100.0
1280,0,29.97126614172243,29.97126614172243,100.0
1280,1,49.32758345668267,49.32758345668267,100.0
1280,2,20.7011504015949,20.7011504015949,100.0
1290,0,40.27187243481356,40.27187243481356,100.0
1290,1,39.34031215291016,39.34031215291016,100.0
1290,2,20.387815412276282,20.387815412276282,100.0
1300,0,37.465442531453576,37.465442531453576,100.0
1300,1,44.038436656113525,44.038436656113525,100.0
1300,2,18.496120812432913,18.496120812432913,100.0
1310,0,31.265420261786048,31.265420261786048,100.0
1310,1,36.63486709069932,36.63486709069932,100.0
1310,2,32.09971264751463,32.09971264751463,100.0
1320,0,29.6597409836979,29.6597409836979,100.0
1320,1,30.859714670234585,30.859714670234585,100.0
1320,2,39.48054434606752,39.48054434606752,100.0
1330,0,38.49315080171786,38.49315080171786,100.0
1330,1,38.815288522307576,38.815288522307576,100.0
1330,2,22.69156067597457,22.69156067597457,100.0
1340,0,47.52642130671269,47.52642130671269,100.0
1340,1,28.191018067819346,28.191018067819346,100.0
1340,2,24.28256062546797,24.28256062546797,100.0
1350,0,31.69561263487992,31.69561263487992,100.0
1350,1,37.44536906656721,37.44536906656721,100.0
1350,2,30.859018298552883,30.859018298552883,100.0
1360,0,37.806735759265976,37.806735759265976,100.0
1360,1,36.42137623967342,36.42137623967342,100.0
1360,2,25.771888001060606,25.771888001060606,100.0
1370,0,38.9765491047122,38.9765491047122,100.0
1370,1,41.13501640779026,41.13501640779026,100.0
1370,2,19.888434487497538,19.888434487497538,100.0
1380,0,33.71462006160937,33.71462006160937,100.0
1380,1,25.541260449060253,25.541260449060253,100.0
1380,2,40.74411948933038,40.74411948933038,100.0
1390,0,28.465962990335186,28.465962990335186,100.0
1390,1,31.534148694935826,31.534148694935826,100.0
1390,2,39.999888314728985,39.999888314728985,100.0
1400,0,28.71264836462517,28.71264836462517,100.0
1400,1,30.19507514398584,30.19507514398584,100.0
1400,2,41.09227649138899,41.09227649138899,100.0
1410,0,27.68598171012876,27.68598171012876,100.0
1410,1,27.033194579243926,27.033194579243926,100.0
1410,2,45.280823710627324,45.280823710627324,100.0
1420,0,35.10251761256857,35.10251761256857,100.0
1420,1,24.983263997139176,24.983263997139176,100.0
1420,2,39.91421839029226,39.91421839029226,100.0
1430,0,25.41712989249626,25.41712989249626,100.0
1430,1,46.427744285978854,46.427744285978854,100.0
1430,2,28.155125821524884,28.155125821524884,100.0
1440,0,44.740744627469034,44.740744627469034,100.0
1440,1,29.302127133729662,29.302127133729662,100.0
1440,2,25.957128238801303,25.957128238801303,100.0
1450,0,38.185219872463314,38.185219872463314,100.0
1450,1,41.52082275228653,41.52082275228653,100.0
1450,2,20.293957375250155,20.293957375250155,100.0
1460,0,36.35866236058742,36.35866236058742,100.0
1460,1,44.4811788712044,44.4811788712044,100.0
1460,2,19.16015876820817,19.16015876820817,100.0
1470,0,22.858522419214726,22.858522419214726,100.0
1470,1,40.66478352001571,40.66478352001571,100.0
1470,2,36.47669406076957,36.47669406076957,100.0
1480,0,31.23359567809747,31.23359567809747,100.0
1480,1,32.283815694421534,32.283815694421534,100.0
1480,2,36.48258862748099,36.48258862748099,100.0
1490,0,22.717121605894345,22.717121605894345,100.0
1490,1,36.81757684127524,36.81757684127524,100.0
1490,2,40.46530155283041,40.46530155283041,100.0
1500,0,32.22780721863594,32.22780721863594,100.0
1500,1,38.807522661015895,38.807522661015895,100.0
1500,2,28.964670120348167,28.964670120348167,100.0
