timestamp,ueImsi,sliceId,dTxBytes,dRxBytes,plr,resourceSharePct,dLostPackets,throughputMbps,bufferBytes
1160,1,0,16808,4584,72.73,24.71,8,3.6672,1011234
1160,2,0,16808,4584,72.73,24.71,8,3.6672,1011232
1160,3,0,16808,4584,72.73,24.71,8,3.6672,1011307
1160,4,0,16808,4584,72.73,24.71,8,3.6672,1011342
1160,5,0,16808,4584,72.73,24.71,8,3.6672,1011241
1160,6,1,390,390,0.00,54.75,0,0.3120,87
1160,7,1,390,390,0.00,54.75,0,0.3120,87
1160,8,1,390,390,0.00,54.75,0,0.3120,87
1160,9,1,390,390,0.00,54.75,0,0.3120,87
1160,10,1,390,390,0.00,54.75,0,0.3120,87
1160,11,2,256,384,0.00,20.54,0,0.3072,89
1160,12,2,256,384,0.00,20.54,0,0.3072,89
1160,13,2,256,384,0.00,20.54,0,0.3072,89
1160,14,2,256,256,0.00,20.54,0,0.2048,47
1160,15,2,256,256,0.00,20.54,0,0.2048,179
1160,16,2,256,384,0.00,20.54,0,0.3072,89
1160,17,2,256,384,0.00,20.54,0,0.3072,89
1160,18,2,256,384,0.00,20.54,0,0.3072,89
1160,19,2,256,384,0.00,20.54,0,0.3072,89
1160,20,2,256,384,0.00,20.54,0,0.3072,89
