timestamp,ueImsi,sliceId,dTxBytes,dRxBytes,plr,resourceSharePct,dLostPackets,throughputMbps,bufferBytes
1510,1,0,35144,0,100.00,21.79,23,0.0000,3153958
1510,2,0,35144,15280,56.52,21.79,13,12.2240,1807654
1510,3,1,1014,936,7.69,32.36,1,0.7488,87
1510,4,1,1014,936,7.69,32.36,1,0.7488,87
1510,5,2,256,0,100.00,45.84,2,0.0000,137
1510,6,2,256,256,0.00,45.84,0,0.2048,137
1510,7,2,256,0,100.00,45.84,2,0.0000,401
1510,8,2,256,256,0.00,45.84,0,0.2048,137
1510,9,2,256,256,0.00,45.84,0,0.2048,137
1510,10,2,256,0,100.00,45.84,2,0.0000,137
