timestamp,sliceId,dedicatedPRB,minPRB,maxPRB
510,0,32.60739247280847,32.60739247280847,100.0
510,1,46.2590049753689,46.2590049753689,100.0
510,2,21.133602551822626,21.133602551822626,100.0
520,0,32.361408805197044,32.361408805197044,100.0
520,1,49.849184948510654,49.849184948510654,100.0
520,2,17.7894062462923,17.7894062462923,100.0
530,0,50.13583199018087,50.13583199018087,100.0
530,1,29.86372849295085,29.86372849295085,100.0
530,2,20.00043951686828,20.00043951686828,100.0
540,0,30.136410833076894,30.136410833076894,100.0
540,1,37.112942337567326,37.112942337567326,100.0
540,2,32.75064682935578,32.75064682935578,100.0
550,0,31.80791522032963,31.80791522032963,100.0
550,1,40.529882239703866,40.529882239703866,100.0
550,2,27.662202539966508,27.662202539966508,100.0
560,0,31.96655957145914,31.96655957145914,100.0
560,1,41.96525733265186,41.96525733265186,100.0
560,2,26.068183095888998,26.068183095888998,100.0
570,0,39.651301332749576,39.651301332749576,100.0
570,1,24.356756282461255,24.356756282461255,100.0
570,2,35.99194238478916,35.99194238478916,100.0
580,0,44.81872737174049,44.81872737174049,100.0
580,1,35.46888126841472,35.46888126841472,100.0
580,2,19.71239135984478,19.71239135984478,100.0
590,0,23.42246289791017,23.42246289791017,100.0
590,1,44.09542031146927,44.09542031146927,100.0
590,2,32.48211679062057,32.48211679062057,100.0
600,0,27.714871909939564,27.714871909939564,100.0
600,1,42.77625827137106,42.77625827137106,100.0
600,2,29.508869818689377,29.508869818689377,100.0
610,0,21.74156431834243,21.74156431834243,100.0
610,1,43.79136226270085,43.79136226270085,100.0
610,2,34.46707341895672,34.46707341895672,100.0
620,0,38.077599463706946,38.077599463706946,100.0
620,1,38.985087910848996,38.985087910848996,100.0
620,2,22.937312625444058,22.937312625444058,100.0
630,0,34.69268561947471,34.69268561947471,100.0
630,1,38.223660367244186,38.223660367244186,100.0
630,2,27.083654013281098,27.083654013281098,100.0
640,0,23.371197575789278,23.371197575789278,100.0
640,1,56.19528293975604,56.19528293975604,100.0
640,2,20.433519484454692,20.433519484454692,100.0
650,0,36.403701836922885,36.403701836922885,100.0
650,1,30.779924457722807,30.779924457722807,100.0
650,2,32.8163737053543,32.8163737053543,100.0
660,0,34.494906938824336,34.494906938824336,100.0
660,1,37.879572577824845,37.879572577824845,100.0
660,2,27.62552048335082,27.62552048335082,100.0
670,0,36.39985824144906,36.39985824144906,100.0
670,1,42.107198212986674,42.107198212986674,100.0
670,2,21.492943545564266,21.492943545564266,100.0
680,0,27.429826165675706,27.429826165675706,100.0
680,1,31.51135526733434,31.51135526733434,100.0
680,2,41.05881856698996,41.05881856698996,100.0
690,0,29.847077922977007,29.847077922977007,100.0
690,1,38.76131663075749,38.76131663075749,100.0
690,2,31.3916054462655,31.3916054462655,100.0
700,0,42.225100596241816,42.225100596241816,100.0
700,1,37.18258060955677,37.18258060955677,100.0
700,2,20.592318794201415,20.592318794201415,100.0
710,0,39.30921642757299,39.30921642757299,100.0
710,1,37.34102588138254,37.34102588138254,100.0
710,2,23.34975769104447,23.34975769104447,100.0
720,0,32.96207950451805,32.96207950451805,100.0
720,1,35.83692091948137,35.83692091948137,100.0
720,2,31.200999576000584,31.200999576000584,100.0
730,0,37.19251828296912,37.19251828296912,100.0
730,1,34.42334026538353,34.42334026538353,100.0
730,2,28.38414145164736,28.38414145164736,100.0
740,0,34.59759801105802,34.59759801105802,100.0
740,1,31.762961164815934,31.762961164815934,100.0
740,2,33.63944082412605,33.63944082412605,100.0
750,0,22.29561473531211,22.29561473531211,100.0
750,1,32.11088264373088,32.11088264373088,100.0
750,2,45.593502620957004,45.593502620957004,100.0
760,0,51.2916266098676,51.2916266098676,100.0
760,1,27.754955195717514,27.754955195717514,100.0
760,2,20.953418194414887,20.953418194414887,100.0
770,0,30.429267463087093,30.429267463087093,100.0
770,1,42.58528947945876,42.58528947945876,100.0
770,2,26.98544305745414,26.98544305745414,100.0
780,0,30.003542860709025,30.003542860709025,100.0
780,1,30.48413794509286,30.48413794509286,100.0
780,2,39.51231919419813,39.51231919419813,100.0
790,0,33.280367998511,33.280367998511,100.0
790,1,35.42081889068963,35.42081889068963,100.0
790,2,31.298813110799372,31.298813110799372,100.0
800,0,37.40843383686307,37.40843383686307,100.0
800,1,39.813508174923044,39.813508174923044,100.0
800,2,22.778057988213884,22.778057988213884,100.0
810,0,35.24358195994128,35.24358195994128,100.0
810,1,43.34664140191282,43.34664140191282,100.0
810,2,21.409776638145892,21.409776638145892,100.0
820,0,40.35051971807606,40.35051971807606,100.0
820,1,26.483016550755835,26.483016550755835,100.0
820,2,33.16646373116811,33.16646373116811,100.0
830,0,48.95018622317922,48.95018622317922,100.0
830,1,29.977252918225293,29.977252918225293,100.0
830,2,21.072560858595494,21.072560858595494,100.0
840,0,37.79128370543587,37.79128370543587,100.0
840,1,33.08620141961405,33.08620141961405,100.0
840,2,29.122514874950074,29.122514874950074,100.0
850,0,29.453119083027566,29.453119083027566,100.0
850,1,32.62273714796399,32.62273714796399,100.0
850,2,37.92414376900844,37.92414376900844,100.0
860,0,46.84645334903658,46.84645334903658,100.0
860,1,30.093696686161138,30.093696686161138,100.0
860,2,23.059849964802286,23.059849964802286,100.0
870,0,28.130875086147267,28.130875086147267,100.0
870,1,51.09439914633591,51.09439914633591,100.0
870,2,20.77472576751682,20.77472576751682,100.0
880,0,34.79624223500111,34.79624223500111,100.0
880,1,37.59685765123272,37.59685765123272,100.0
880,2,27.606900113766176,27.606900113766176,100.0
890,0,22.363159466376324,22.363159466376324,100.0
890,1,49.60268977283043,49.60268977283043,100.0
890,2,28.034150760793246,28.034150760793246,100.0
900,0,53.401093749887885,53.401093749887885,100.0
900,1,26.61637931299256,26.61637931299256,100.0
900,2,19.982526937119555,19.982526937119555,100.0
910,0,27.90054320046473,27.90054320046473,100.0
910,1,49.74902945850757,49.74902945850757,100.0
910,2,22.350427341027697,22.350427341027697,100.0
920,0,23.29057538825408,23.29057538825408,100.0
920,1,40.1371741981522,40.1371741981522,100.0
920,2,36.57225041359372,36.57225041359372,100.0
930,0,41.09307656654361,41.09307656654361,100.0
930,1,24.352911555050593,24.352911555050593,100.0
930,2,34.5540118784058,34.5540118784058,100.0
940,0,47.18663435402082,47.18663435402082,100.0
940,1,32.77161791987787,32.77161791987787,100.0
940,2,20.04174772610131,20.04174772610131,100.0
950,0,32.94875262992978,32.94875262992978,100.0
950,1,38.856838113347116,38.856838113347116,100.0
950,2,28.19440925672311,28.19440925672311,100.0
960,0,32.23708605503523,32.23708605503523,100.0
960,1,32.14938759211361,32.14938759211361,100.0
960,2,35.613526352851174,35.613526352851174,100.0
970,0,38.84590457871591,38.84590457871591,100.0
970,1,39.42532745228228,39.42532745228228,100.0
970,2,21.72876796900181,21.72876796900181,100.0
980,0,37.03599329111477,37.03599329111477,100.0
980,1,30.1654651445155,30.1654651445155,100.0
980,2,32.798541564369735,32.798541564369735,100.0
990,0,29.537920695462166,29.537920695462166,100.0
990,1,44.94222975485873,44.94222975485873,100.0
990,2,25.519849549679112,25.519849549679112,100.0
1000,0,24.493073241907254,24.493073241907254,100.0
1000,1,42.97054250648652,42.97054250648652,100.0
1000,2,32.536384251606236,32.536384251606236,100.0
1010,0,27.45529194820983,27.45529194820983,100.0
1010,1,44.85702882604245,44.85702882604245,100.0
1010,2,27.68767922574772,27.68767922574772,100.0
1020,0,29.53894316125611,29.53894316125611,100.0
1020,1,28.334845393044265,28.334845393044265,100.0
1020,2,42.126211445699624,42.126211445699624,100.0
1030,0,26.322336485010638,26.322336485010638,100.0
1030,1,34.2398399242449,34.2398399242449,100.0
1030,2,39.43782359074447,39.43782359074447,100.0
1040,0,39.482456385695144,39.482456385695144,100.0
1040,1,32.39075435515928,32.39075435515928,100.0
1040,2,28.12678925914558,28.12678925914558,100.0
1050,0,25.84297602974226,25.84297602974226,100.0
1050,1,36.222098689680294,36.222098689680294,100.0
1050,2,37.93492528057745,37.93492528057745,100.0
