timestamp,sliceId,dedicatedPRB,minPRB,maxPRB
510,0,41.25496428041443,41.25496428041443,100.0
510,1,34.235435822637285,34.235435822637285,100.0
510,2,24.509599896948288,24.509599896948288,100.0
520,0,51.17249202750411,51.17249202750411,100.0
520,1,27.06679621102857,27.06679621102857,100.0
520,2,21.76071176146732,21.76071176146732,100.0
530,0,41.73989931749698,41.73989931749698,100.0
530,1,24.047152661937343,24.047152661937343,100.0
530,2,34.212948020565676,34.212948020565676,100.0
540,0,34.820237421956264,34.820237421956264,100.0
540,1,30.311091862625094,30.311091862625094,100.0
540,2,34.86867071541865,34.86867071541865,100.0
550,0,34.15032964740309,34.15032964740309,100.0
550,1,28.285976790796713,28.285976790796713,100.0
550,2,37.56369356180019,37.56369356180019,100.0
560,0,48.91267898871823,48.91267898871823,100.0
560,1,28.65954826452317,28.65954826452317,100.0
560,2,22.427772746758606,22.427772746758606,100.0
570,0,53.31118138626072,53.31118138626072,100.0
570,1,25.375928528173002,25.375928528173002,100.0
570,2,21.312890085566274,21.312890085566274,100.0
580,0,45.57283247148168,45.57283247148168,100.0
580,1,31.698106243006823,31.698106243006823,100.0
580,2,22.729061285511488,22.729061285511488,100.0
590,0,33.97707730917489,33.97707730917489,100.0
590,1,42.238860699702855,42.238860699702855,100.0
590,2,23.784061991122257,23.784061991122257,100.0
600,0,46.38541753079098,46.38541753079098,100.0
600,1,33.54980784369152,33.54980784369152,100.0
600,2,20.064774625517497,20.064774625517497,100.0
610,0,34.22016250992191,34.22016250992191,100.0
610,1,28.043792237394783,28.043792237394783,100.0
610,2,37.736045252683304,37.736045252683304,100.0
620,0,29.353857630451618,29.353857630451618,100.0
620,1,40.16077087421353,40.16077087421353,100.0
620,2,30.485371495334846,30.485371495334846,100.0
630,0,38.07418601417806,38.07418601417806,100.0
630,1,33.08955034210125,33.08955034210125,100.0
630,2,28.836263643720688,28.836263643720688,100.0
640,0,49.06683337090902,49.06683337090902,100.0
640,1,26.26349540886754,26.26349540886754,100.0
640,2,24.669671220223435,24.669671220223435,100.0
650,0,22.899195547190345,22.899195547190345,100.0
650,1,51.859115232446776,51.859115232446776,100.0
650,2,25.24168922036288,25.24168922036288,100.0
660,0,35.270839277972286,35.270839277972286,100.0
660,1,29.110885672362723,29.110885672362723,100.0
660,2,35.61827504966499,35.61827504966499,100.0
670,0,26.078867642739056,26.078867642739056,100.0
670,1,49.01951107918633,49.01951107918633,100.0
670,2,24.901621278074618,24.901621278074618,100.0
680,0,48.71550610745711,48.71550610745711,100.0
680,1,29.55195853167305,29.55195853167305,100.0
680,2,21.732535360869846,21.732535360869846,100.0
690,0,48.150113708312794,48.150113708312794,100.0
690,1,33.63867630483741,33.63867630483741,100.0
690,2,18.211209986849802,18.211209986849802,100.0
700,0,41.9816875914945,41.9816875914945,100.0
700,1,34.97736395363661,34.97736395363661,100.0
700,2,23.040948454868893,23.040948454868893,100.0
710,0,31.34011435595316,31.34011435595316,100.0
710,1,34.00626229926841,34.00626229926841,100.0
710,2,34.65362334477844,34.65362334477844,100.0
720,0,22.46989006809401,22.46989006809401,100.0
720,1,34.99457753882291,34.99457753882291,100.0
720,2,42.53553239308307,42.53553239308307,100.0
730,0,32.54345162797461,32.54345162797461,100.0
730,1,38.962581921183265,38.962581921183265,100.0
730,2,28.49396645084213,28.49396645084213,100.0
740,0,42.40113044075936,42.40113044075936,100.0
740,1,32.69327217737336,32.69327217737336,100.0
740,2,24.90559738186728,24.90559738186728,100.0
750,0,50.005067737347076,50.005067737347076,100.0
750,1,27.72572677867371,27.72572677867371,100.0
750,2,22.269205483979217,22.269205483979217,100.0
760,0,31.59120197063562,31.59120197063562,100.0
760,1,44.54892983947557,44.54892983947557,100.0
760,2,23.859868189888815,23.859868189888815,100.0
770,0,31.661685767979264,31.661685767979264,100.0
770,1,50.03037030897879,50.03037030897879,100.0
770,2,18.307943923041943,18.307943923041943,100.0
780,0,33.18730875907562,33.18730875907562,100.0
780,1,33.482183940857404,33.482183940857404,100.0
780,2,33.330507300066984,33.330507300066984,100.0
790,0,33.90047428431585,33.90047428431585,100.0
790,1,36.55375793852934,36.55375793852934,100.0
790,2,29.54576777715482,29.54576777715482,100.0
800,0,34.41530764480597,34.41530764480597,100.0
800,1,40.46519109930592,40.46519109930592,100.0
800,2,25.11950125588811,25.11950125588811,100.0
810,0,26.212234508523313,26.212234508523313,100.0
810,1,44.856511086877326,44.856511086877326,100.0
810,2,28.93125440459936,28.93125440459936,100.0
820,0,44.10775317518433,44.10775317518433,100.0
820,1,34.21260052590384,34.21260052590384,100.0
820,2,21.679646298911837,21.679646298911837,100.0
830,0,25.99089004442231,25.99089004442231,100.0
830,1,35.91955372910538,35.91955372910538,100.0
830,2,38.08955622647232,38.08955622647232,100.0
840,0,47.15449816124047,47.15449816124047,100.0
840,1,30.165983384825935,30.165983384825935,100.0
840,2,22.6795184539336,22.6795184539336,100.0
850,0,25.01557317608946,25.01557317608946,100.0
850,1,40.59208187455945,40.59208187455945,100.0
850,2,34.39234494935109,34.39234494935109,100.0
860,0,39.612764953984176,39.612764953984176,100.0
860,1,23.97031337268807,23.97031337268807,100.0
860,2,36.416921673327764,36.416921673327764,100.0
870,0,22.153187060845646,22.153187060845646,100.0
870,1,48.95622770635105,48.95622770635105,100.0
870,2,28.890585232803307,28.890585232803307,100.0
880,0,39.78473782796145,39.78473782796145,100.0
880,1,41.09332010182199,41.09332010182199,100.0
880,2,19.12194207021657,19.12194207021657,100.0
890,0,33.60971425175047,33.60971425175047,100.0
890,1,48.16068540850841,48.16068540850841,100.0
890,2,18.229600339741125,18.229600339741125,100.0
900,0,25.86166971116983,25.86166971116983,100.0
900,1,36.39625461880367,36.39625461880367,100.0
900,2,37.742075670026495,37.742075670026495,100.0
910,0,21.728465449039543,21.728465449039543,100.0
910,1,32.12807428543053,32.12807428543053,100.0
910,2,46.143460265529924,46.143460265529924,100.0
920,0,24.912889438551037,24.912889438551037,100.0
920,1,32.497771211776715,32.497771211776715,100.0
920,2,42.58933934967225,42.58933934967225,100.0
930,0,30.001509001363353,30.001509001363353,100.0
930,1,32.78496563692273,32.78496563692273,100.0
930,2,37.21352536171391,37.21352536171391,100.0
940,0,48.17737955710362,48.17737955710362,100.0
940,1,30.409979156255023,30.409979156255023,100.0
940,2,21.412641286641353,21.412641286641353,100.0
950,0,29.015579912564053,29.015579912564053,100.0
950,1,45.87745362562964,45.87745362562964,100.0
950,2,25.1069664618063,25.1069664618063,100.0
960,0,39.8278398320839,39.8278398320839,100.0
960,1,41.021756031956045,41.021756031956045,100.0
960,2,19.150404135960056,19.150404135960056,100.0
970,0,33.14781110882675,33.14781110882675,100.0
970,1,33.371122274657175,33.371122274657175,100.0
970,2,33.481066616516074,33.481066616516074,100.0
980,0,44.202404190928824,44.202404190928824,100.0
980,1,36.54285981042177,36.54285981042177,100.0
980,2,19.25473599864941,19.25473599864941,100.0
990,0,27.587394531403742,27.587394531403742,100.0
990,1,42.140286491241866,42.140286491241866,100.0
990,2,30.272318977354384,30.272318977354384,100.0
1000,0,34.125006157301044,34.125006157301044,100.0
1000,1,27.38336936354786,27.38336936354786,100.0
1000,2,38.4916244791511,38.4916244791511,100.0
1010,0,33.340982214784795,33.340982214784795,100.0
1010,1,30.431884174583608,30.431884174583608,100.0
1010,2,36.227133610631604,36.227133610631604,100.0
1020,0,28.861481497016417,28.861481497016417,100.0
1020,1,48.21920584980955,48.21920584980955,100.0
1020,2,22.919312653174035,22.919312653174035,100.0
1030,0,36.35539468591084,36.35539468591084,100.0
1030,1,36.28302172190727,36.28302172190727,100.0
1030,2,27.361583592181905,27.361583592181905,100.0
1040,0,27.753271992275263,27.753271992275263,100.0
1040,1,49.38777750629964,49.38777750629964,100.0
1040,2,22.858950501425102,22.858950501425102,100.0
1050,0,30.36330820817139,30.36330820817139,100.0
1050,1,41.131809538184996,41.131809538184996,100.0
1050,2,28.504882253643622,28.504882253643622,100.0
1060,0,32.79821056654557,32.79821056654557,100.0
1060,1,30.654605117648217,30.654605117648217,100.0
1060,2,36.54718431580621,36.54718431580621,100.0
1070,0,36.6754444151516,36.6754444151516,100.0
1070,1,39.35356059409245,39.35356059409245,100.0
1070,2,23.970994990755944,23.970994990755944,100.0
1080,0,25.89957260583568,25.89957260583568,100.0
1080,1,36.5114114004137,36.5114114004137,100.0
1080,2,37.58901599375062,37.58901599375062,100.0
1090,0,31.20647234541687,31.20647234541687,100.0
1090,1,26.608339252910305,26.608339252910305,100.0
1090,2,42.185188401672825,42.185188401672825,100.0
1100,0,48.378190425235005,48.378190425235005,100.0
1100,1,28.262570249132814,28.262570249132814,100.0
1100,2,23.35923932563218,23.35923932563218,100.0
1110,0,38.87299087816369,38.87299087816369,100.0
1110,1,24.244682222538668,24.244682222538668,100.0
1110,2,36.882326899297645,36.882326899297645,100.0
1120,0,40.79745545925242,40.79745545925242,100.0
1120,1,38.98766987241341,38.98766987241341,100.0
1120,2,20.214874668334172,20.214874668334172,100.0
1130,0,23.623933598846143,23.623933598846143,100.0
1130,1,56.2353715697499,56.2353715697499,100.0
1130,2,20.140694831403966,20.140694831403966,100.0
1140,0,53.50625067183662,53.50625067183662,100.0
1140,1,26.841691248200167,26.841691248200167,100.0
1140,2,19.652058079963215,19.652058079963215,100.0
1150,0,27.473869666522937,27.473869666522937,100.0
1150,1,38.63339173955544,38.63339173955544,100.0
1150,2,33.892738593921614,33.892738593921614,100.0
1160,0,32.52006836256764,32.52006836256764,100.0
1160,1,38.42153625303536,38.42153625303536,100.0
1160,2,29.058395384397002,29.058395384397002,100.0
1170,0,33.15934691060539,33.15934691060539,100.0
1170,1,35.194510137524105,35.194510137524105,100.0
1170,2,31.646142951870498,31.646142951870498,100.0
1180,0,29.264919009981327,29.264919009981327,100.0
1180,1,40.64033895002533,40.64033895002533,100.0
1180,2,30.09474203999333,30.09474203999333,100.0
1190,0,36.85880461914337,36.85880461914337,100.0
1190,1,34.758770886460525,34.758770886460525,100.0
1190,2,28.38242449439611,28.38242449439611,100.0
1200,0,50.544718351851934,50.544718351851934,100.0
1200,1,28.16466538627026,28.16466538627026,100.0
1200,2,21.290616261877805,21.290616261877805,100.0
1210,0,46.558676497040594,46.558676497040594,100.0
1210,1,25.679992581705708,25.679992581705708,100.0
1210,2,27.76133092125371,27.76133092125371,100.0
1220,0,25.384320204592953,25.384320204592953,100.0
1220,1,36.94190890352123,36.94190890352123,100.0
1220,2,37.67377089188582,37.67377089188582,100.0
1230,0,27.414052073313343,27.414052073313343,100.0
1230,1,30.929567865546414,30.929567865546414,100.0
1230,2,41.65638006114024,41.65638006114024,100.0
1240,0,27.531178634547125,27.531178634547125,100.0
1240,1,51.25417476190002,51.25417476190002,100.0
1240,2,21.214646603552858,21.214646603552858,100.0
1250,0,25.01281632385592,25.01281632385592,100.0
1250,1,47.720381601862485,47.720381601862485,100.0
1250,2,27.2668020742816,27.2668020742816,100.0
1260,0,26.834569509377104,26.834569509377104,100.0
1260,1,42.72965264146411,42.72965264146411,100.0
1260,2,30.43577784915879,30.43577784915879,100.0
1270,0,24.02468339807462,24.02468339807462,100.0
1270,1,54.850867077271005,54.850867077271005,100.0
1270,2,21.12444952465437,21.12444952465437,100.0
1280,0,24.21167342995105,24.21167342995105,100.0
1280,1,46.059327351313215,46.059327351313215,100.0
1280,2,29.72899921873573,29.72899921873573,100.0
1290,0,45.0427484632946,45.0427484632946,100.0
1290,1,27.943056090116976,27.943056090116976,100.0
1290,2,27.01419544658843,27.01419544658843,100.0
1300,0,31.630585533158417,31.630585533158417,100.0
1300,1,24.99780614062618,24.99780614062618,100.0
1300,2,43.37160832621541,43.37160832621541,100.0
1310,0,42.787668902370456,42.787668902370456,100.0
1310,1,26.44314206814412,26.44314206814412,100.0
1310,2,30.76918902948543,30.76918902948543,100.0
1320,0,42.790719081495865,42.790719081495865,100.0
1320,1,34.776422481229886,34.776422481229886,100.0
1320,2,22.43285843727425,22.43285843727425,100.0
1330,0,22.692632520489155,22.692632520489155,100.0
1330,1,27.360010416761384,27.360010416761384,100.0
1330,2,49.94735706274946,49.94735706274946,100.0
1340,0,23.836457324543055,23.836457324543055,100.0
1340,1,37.345635426691835,37.345635426691835,100.0
1340,2,38.8179072487651,38.8179072487651,100.0
1350,0,26.416574043942965,26.416574043942965,100.0
1350,1,29.67755831666193,29.67755831666193,100.0
1350,2,43.90586763939511,43.90586763939511,100.0
1360,0,21.33715134507351,21.33715134507351,100.0
1360,1,36.47013678103044,36.47013678103044,100.0
1360,2,42.19271187389605,42.19271187389605,100.0
1370,0,27.34042208424577,27.34042208424577,100.0
1370,1,39.19329709578745,39.19329709578745,100.0
1370,2,33.466280819966784,33.466280819966784,100.0
1380,0,26.509304311629204,26.509304311629204,100.0
1380,1,29.129405891848254,29.129405891848254,100.0
1380,2,44.36128979652254,44.36128979652254,100.0
1390,0,34.542028929106685,34.542028929106685,100.0
1390,1,28.703234943339197,28.703234943339197,100.0
1390,2,36.75473612755413,36.75473612755413,100.0
1400,0,21.519856659011662,21.519856659011662,100.0
1400,1,39.59562701179927,39.59562701179927,100.0
1400,2,38.88451632918907,38.88451632918907,100.0
1410,0,45.637824437856764,45.637824437856764,100.0
1410,1,29.20596492302256,29.20596492302256,100.0
1410,2,25.15621063912068,25.15621063912068,100.0
1420,0,37.6367486534026,37.6367486534026,100.0
1420,1,31.933479471244926,31.933479471244926,100.0
1420,2,30.42977187535249,30.42977187535249,100.0
1430,0,39.732105270699094,39.732105270699094,100.0
1430,1,26.403587072791666,26.403587072791666,100.0
1430,2,33.864307656509226,33.864307656509226,100.0
1440,0,41.639665191709085,41.639665191709085,100.0
1440,1,33.27526960560881,33.27526960560881,100.0
1440,2,25.08506520268211,25.08506520268211,100.0
1450,0,29.93063962649409,29.93063962649409,100.0
1450,1,35.35791244015996,35.35791244015996,100.0
1450,2,34.71144793334595,34.71144793334595,100.0
1460,0,28.072792031097716,28.072792031097716,100.0
1460,1,50.85361340978232,50.85361340978232,100.0
1460,2,21.07359455911996,21.07359455911996,100.0
1470,0,21.460680979278056,21.460680979278056,100.0
1470,1,45.290311474953086,45.290311474953086,100.0
1470,2,33.24900754576887,33.24900754576887,100.0
1480,0,37.45781823717495,37.45781823717495,100.0
1480,1,40.95680392630698,40.95680392630698,100.0
1480,2,21.585377836518077,21.585377836518077,100.0
1490,0,34.84702766857929,34.84702766857929,100.0
1490,1,33.35864044013093,33.35864044013093,100.0
1490,2,31.794331891289783,31.794331891289783,100.0
1500,0,36.609142667465186,36.609142667465186,100.0
1500,1,27.946357277098894,27.946357277098894,100.0
1500,2,35.44450005543593,35.44450005543593,100.0
