timestamp,sliceId,dedicatedPRB,minPRB,maxPRB
510,0,30.210168339532633,30.210168339532633,100.0
510,1,47.24458095028245,47.24458095028245,100.0
510,2,22.54525071018491,22.54525071018491,100.0
520,0,24.875379545665083,24.875379545665083,100.0
520,1,46.800986541457746,46.800986541457746,100.0
520,2,28.32363391287717,28.32363391287717,100.0
530,0,34.15396456723518,34.15396456723518,100.0
530,1,35.53718911810299,35.53718911810299,100.0
530,2,30.308846314661835,30.308846314661835,100.0
540,0,27.84113953729039,27.84113953729039,100.0
540,1,35.06725189565937,35.06725189565937,100.0
540,2,37.09160856705025,37.09160856705025,100.0
550,0,25.96862959446601,25.96862959446601,100.0
550,1,45.97917233094695,45.97917233094695,100.0
550,2,28.052198074587032,28.052198074587032,100.0
