timestamp,ueImsi,sliceId,dTxBytes,dRxBytes,plr,resourceSharePct,dLostPackets,throughputMbps,bufferBytes,dlBufferBytes,ulBufferBytes,macBufferBytes,congestionPct,lastDrlActionStatus
10600,1,0,128736,0,100.00,16.66,112,0.0000,1200005,100316,1200005,1300321,12.40,applied
10600,2,0,128736,19648,85.71,16.66,96,1.5718,1200005,100344,1200005,1300349,12.40,applied
10600,3,0,128736,77364,43.75,16.66,49,6.1891,1200005,100344,1200005,1300349,12.40,applied
10600,4,0,128736,0,100.00,16.66,112,0.0000,34,100344,34,100378,0.96,applied
10600,5,0,128736,0,100.00,16.66,112,0.0000,2019,100344,2019,102363,0.98,applied
10600,6,1,0,0,0.00,20.00,0,0.0000,34,0,34,34,0.00,applied
10600,7,1,0,0,0.00,20.00,0,0.0000,34,0,34,34,0.00,applied
10600,8,1,0,0,0.00,20.00,0,0.0000,34,0,34,34,0.00,applied
10600,9,1,0,0,0.00,20.00,0,0.0000,34,0,34,34,0.00,applied
10600,10,1,0,0,0.00,20.00,0,0.0000,34,0,34,34,0.00,applied
10600,11,1,0,0,0.00,20.00,0,0.0000,34,0,34,34,0.00,applied
10600,12,1,0,0,0.00,20.00,0,0.0000,34,0,34,34,0.00,applied
10600,13,1,0,0,0.00,20.00,0,0.0000,34,0,34,34,0.00,applied
10600,14,2,63772,940,89.80,63.33,44,0.0752,6137191,6137191,51,6137242,58.53,applied
10600,15,2,63772,0,100.00,63.33,49,0.0000,6137191,6137191,51,6137242,58.53,applied
10600,16,2,63772,940,89.80,63.33,44,0.0752,6137191,6137191,51,6137242,58.53,applied
10600,17,2,63772,0,100.00,63.33,49,0.0000,6138359,6138359,51,6138410,58.54,applied
10600,18,2,63772,0,100.00,63.33,49,0.0000,6137191,6137191,51,6137242,58.53,applied
