timestamp,sliceId,dedicatedPRB,minPRB,maxPRB
510,0,26.489874204163183,26.489874204163183,100.0
510,1,50.81843594559008,50.81843594559008,100.0
510,2,22.69168985024675,22.69168985024675,100.0
520,0,42.918797556405,42.918797556405,100.0
520,1,30.44383665054187,30.44383665054187,100.0
520,2,26.637365793053135,26.637365793053135,100.0
530,0,42.112678624144856,42.112678624144856,100.0
530,1,31.100571516705784,31.100571516705784,100.0
530,2,26.78674985914936,26.78674985914936,100.0
540,0,41.31198747013741,41.31198747013741,100.0
540,1,36.79350397165998,36.79350397165998,100.0
540,2,21.894508558202613,21.894508558202613,100.0
550,0,33.04809041189749,33.04809041189749,100.0
550,1,46.79634487037983,46.79634487037983,100.0
550,2,20.155564717722687,20.155564717722687,100.0
