timestamp_ms,ue_id,slice,thr_mbps,tx_bytes_delta,rx_bytes_delta,tx_packets_delta,rx_packets_delta,loss_pct_interval,buffer_bytes,dropped_packets_delta,rsh_configured_pct
510,1,eMBB,4.8896,16808,6112,11,4,0.00,1537,0,33.33
510,2,eMBB,0.0000,16808,0,11,0,0.00,1537,0,33.33
510,3,eMBB,0.0000,16808,0,11,0,0.00,1537,0,33.33
510,4,eMBB,4.8896,16808,6112,11,4,0.00,1537,0,33.33
510,5,eMBB,0.0000,16808,0,11,0,0.00,1537,0,33.33
510,6,URLLC,0.0624,312,78,4,1,0.00,87,0,40.00
510,7,URLLC,0.0624,312,78,4,1,0.00,87,0,40.00
510,8,URLLC,0.0624,312,78,4,1,0.00,87,0,40.00
510,9,URLLC,0.0624,312,78,4,1,0.00,87,0,40.00
510,10,URLLC,0.0000,312,0,4,0,0.00,87,0,40.00
510,11,MTC,0.0000,256,0,2,0,0.00,0,0,26.67
510,12,MTC,0.0000,256,0,2,0,0.00,0,0,26.67
510,13,MTC,0.0000,256,0,2,0,0.00,0,0,26.67
510,14,MTC,0.0000,256,0,2,0,0.00,0,0,26.67
510,15,MTC,0.0000,256,0,2,0,0.00,0,0,26.67
510,16,MTC,0.0000,256,0,2,0,0.00,0,0,26.67
510,17,MTC,0.0000,256,0,2,0,0.00,0,0,26.67
510,18,MTC,0.0000,256,0,2,0,0.00,0,0,26.67
510,19,MTC,0.0000,256,0,2,0,0.00,0,0,26.67
510,20,MTC,0.0000,256,0,2,0,0.00,0,0,26.67
520,1,eMBB,0.0000,18336,0,12,0,0.00,1537,0,31.66
520,2,eMBB,0.0000,18336,0,12,0,0.00,1537,0,31.66
520,3,eMBB,0.0000,18336,0,12,0,0.00,1537,0,31.66
520,4,eMBB,0.0000,18336,0,12,0,0.00,1537,0,31.66
520,5,eMBB,0.0000,18336,0,12,0,0.00,1537,0,31.66
520,6,URLLC,0.0000,390,0,5,0,0.00,87,0,35.00
520,7,URLLC,0.0000,390,0,5,0,0.00,87,0,35.00
520,8,URLLC,0.0000,390,0,5,0,0.00,87,0,35.00
520,9,URLLC,0.0000,390,0,5,0,0.00,87,0,35.00
520,10,URLLC,0.0000,390,0,5,0,0.00,87,0,35.00
520,11,MTC,0.0000,256,0,2,0,0.00,0,0,33.34
520,12,MTC,0.0000,256,0,2,0,0.00,0,0,33.34
520,13,MTC,0.0000,256,0,2,0,0.00,0,0,33.34
520,14,MTC,0.0000,256,0,2,0,0.00,0,0,33.34
520,15,MTC,0.0000,256,0,2,0,0.00,0,0,33.34
520,16,MTC,0.0000,256,0,2,0,0.00,0,0,33.34
520,17,MTC,0.0000,256,0,2,0,0.00,0,0,33.34
520,18,MTC,0.0000,256,0,2,0,0.00,0,0,33.34
520,19,MTC,0.0000,256,0,2,0,0.00,0,0,33.34
520,20,MTC,0.0000,256,0,2,0,0.00,0,0,33.34
530,1,eMBB,0.0000,16808,0,11,0,0.00,1537,0,36.67
530,2,eMBB,0.0000,16808,0,11,0,0.00,1537,0,36.67
530,3,eMBB,0.0000,16808,0,11,0,0.00,1537,0,36.67
530,4,eMBB,0.0000,16808,0,11,0,0.00,1537,0,36.67
530,5,eMBB,4.8896,16808,6112,11,4,0.00,1537,0,36.67
530,6,URLLC,0.0000,390,0,5,0,0.00,87,0,25.00
530,7,URLLC,0.0000,390,0,5,0,0.00,87,0,25.00
530,8,URLLC,0.0000,390,0,5,0,0.00,87,0,25.00
530,9,URLLC,0.0000,390,0,5,0,0.00,87,0,25.00
530,10,URLLC,0.0000,390,0,5,0,0.00,87,0,25.00
530,11,MTC,0.0000,384,0,3,0,0.00,0,0,38.33
530,12,MTC,0.0000,384,0,3,0,0.00,0,0,38.33
530,13,MTC,0.0000,384,0,3,0,0.00,0,0,38.33
530,14,MTC,0.0000,384,0,3,0,0.00,0,0,38.33
530,15,MTC,0.0000,384,0,3,0,0.00,0,0,38.33
530,16,MTC,0.0000,384,0,3,0,0.00,0,0,38.33
530,17,MTC,0.0000,384,0,3,0,0.00,0,0,38.33
530,18,MTC,0.0000,384,0,3,0,0.00,0,0,38.33
530,19,MTC,0.0000,384,0,3,0,0.00,0,0,38.33
530,20,MTC,0.0000,384,0,3,0,0.00,0,0,38.33
540,1,eMBB,2.4448,18336,3056,12,2,0.00,53195,0,36.67
540,2,eMBB,0.0000,18336,0,12,0,0.00,54393,0,36.67
540,3,eMBB,0.0000,18336,0,12,0,0.00,54393,0,36.67
540,4,eMBB,1.2224,18336,1528,12,1,0.00,54350,0,36.67
540,5,eMBB,0.0000,18336,0,12,0,0.00,54432,0,36.67
540,6,URLLC,0.9984,390,1248,5,16,0.00,1317,0,25.00
540,7,URLLC,0.9984,390,1248,5,16,0.00,43,0,25.00
540,8,URLLC,0.9984,390,1248,5,16,0.00,43,0,25.00
540,9,URLLC,0.9984,390,1248,5,16,0.00,43,0,25.00
540,10,URLLC,0.0000,390,0,5,0,0.00,824,0,25.00
540,11,MTC,0.5120,256,640,2,5,0.00,683,0,38.33
540,12,MTC,0.5120,256,640,2,5,0.00,683,0,38.33
540,13,MTC,0.0000,256,0,2,0,0.00,683,0,38.33
540,14,MTC,0.0000,256,0,2,0,0.00,683,0,38.33
540,15,MTC,0.0000,256,0,2,0,0.00,683,0,38.33
540,16,MTC,0.0000,256,0,2,0,0.00,683,0,38.33
540,17,MTC,0.0000,256,0,2,0,0.00,683,0,38.33
540,18,MTC,0.0000,256,0,2,0,0.00,683,0,38.33
540,19,MTC,0.6144,256,768,2,6,0.00,645,0,38.33
540,20,MTC,0.6144,256,768,2,6,0.00,645,0,38.33
550,1,eMBB,0.0000,18336,0,12,0,0.00,53195,0,36.67
550,2,eMBB,0.0000,18336,0,12,0,0.00,54393,0,36.67
550,3,eMBB,0.0000,18336,0,12,0,0.00,54393,0,36.67
550,4,eMBB,0.0000,18336,0,12,0,0.00,54350,0,36.67
550,5,eMBB,0.0000,18336,0,12,0,0.00,54432,0,36.67
550,6,URLLC,0.0000,390,0,5,0,0.00,1317,0,25.00
550,7,URLLC,0.0000,390,0,5,0,0.00,43,0,25.00
550,8,URLLC,0.0000,390,0,5,0,0.00,43,0,25.00
550,9,URLLC,0.0000,390,0,5,0,0.00,43,0,25.00
550,10,URLLC,0.0000,390,0,5,0,0.00,824,0,25.00
550,11,MTC,0.0000,384,0,3,0,0.00,683,0,38.33
550,12,MTC,0.0000,384,0,3,0,0.00,683,0,38.33
550,13,MTC,0.2048,384,256,3,2,0.00,683,0,38.33
550,14,MTC,0.5120,384,640,3,5,0.00,683,0,38.33
550,15,MTC,0.0000,384,0,3,0,0.00,683,0,38.33
550,16,MTC,0.0000,384,0,3,0,0.00,683,0,38.33
550,17,MTC,0.0000,384,0,3,0,0.00,683,0,38.33
550,18,MTC,0.2048,384,256,3,2,0.00,683,0,38.33
550,19,MTC,0.0000,384,0,3,0,0.00,645,0,38.33
550,20,MTC,0.0000,384,0,3,0,0.00,645,0,38.33
560,1,eMBB,0.0000,16808,0,11,0,0.00,53195,0,36.67
560,2,eMBB,0.0000,16808,0,11,0,0.00,54393,0,36.67
560,3,eMBB,0.0000,16808,0,11,0,0.00,54393,0,36.67
560,4,eMBB,0.0000,16808,0,11,0,0.00,54350,0,36.67
560,5,eMBB,0.0000,16808,0,11,0,0.00,54432,0,36.67
560,6,URLLC,0.0000,390,0,5,0,0.00,1317,0,25.00
560,7,URLLC,0.0000,390,0,5,0,0.00,43,0,25.00
560,8,URLLC,0.0000,390,0,5,0,0.00,43,0,25.00
560,9,URLLC,0.0000,390,0,5,0,0.00,43,0,25.00
560,10,URLLC,0.0000,390,0,5,0,0.00,824,0,25.00
560,11,MTC,0.0000,256,0,2,0,0.00,683,0,38.33
560,12,MTC,0.0000,256,0,2,0,0.00,683,0,38.33
560,13,MTC,0.3072,256,384,2,3,0.00,683,0,38.33
560,14,MTC,0.0000,256,0,2,0,0.00,683,0,38.33
560,15,MTC,0.0000,256,0,2,0,0.00,683,0,38.33
560,16,MTC,0.2048,256,256,2,2,0.00,683,0,38.33
560,17,MTC,0.0000,256,0,2,0,0.00,683,0,38.33
560,18,MTC,0.3072,256,384,2,3,0.00,683,0,38.33
560,19,MTC,0.0000,256,0,2,0,0.00,645,0,38.33
560,20,MTC,0.0000,256,0,2,0,0.00,645,0,38.33
570,1,eMBB,1.2224,18336,1528,12,1,0.00,110161,0,36.67
570,2,eMBB,0.0000,18336,0,12,0,0.00,108673,0,36.67
570,3,eMBB,0.0000,18336,0,12,0,0.00,113152,0,36.67
570,4,eMBB,0.0000,18336,0,12,0,0.00,112953,0,36.67
570,5,eMBB,0.0000,18336,0,12,0,0.00,113178,0,36.67
570,6,URLLC,0.4368,390,546,5,7,0.00,787,0,25.00
570,7,URLLC,0.3744,390,468,5,6,0.00,828,0,25.00
570,8,URLLC,0.3744,390,468,5,6,0.00,836,0,25.00
570,9,URLLC,0.3744,390,468,5,6,0.00,836,0,25.00
570,10,URLLC,0.0000,390,0,5,0,0.00,1500,0,25.00
570,11,MTC,0.3072,384,384,3,3,0.00,1085,0,38.33
570,12,MTC,0.3072,384,384,3,3,0.00,1079,0,38.33
570,13,MTC,0.0000,384,0,3,0,0.00,1521,0,38.33
570,14,MTC,0.0000,384,0,3,0,0.00,1521,0,38.33
570,15,MTC,0.0000,384,0,3,0,0.00,1377,0,38.33
570,16,MTC,0.0000,384,0,3,0,0.00,1347,0,38.33
570,17,MTC,0.0000,384,0,3,0,0.00,1431,0,38.33
570,18,MTC,0.0000,384,0,3,0,0.00,1521,0,38.33
570,19,MTC,0.3072,384,384,3,3,0.00,958,0,38.33
570,20,MTC,0.3072,384,384,3,3,0.00,958,0,38.33
580,1,eMBB,14.6688,18336,18336,12,12,0.00,109632,0,31.66
580,2,eMBB,0.0000,18336,0,12,0,0.00,127333,0,31.66
580,3,eMBB,0.0000,18336,0,12,0,0.00,122170,0,31.66
580,4,eMBB,7.3344,18336,9168,12,6,0.00,120563,0,31.66
580,5,eMBB,0.0000,18336,0,12,0,0.00,120667,0,31.66
580,6,URLLC,0.8736,390,1092,5,14,0.00,87,0,25.00
580,7,URLLC,0.9360,390,1170,5,15,0.00,87,0,25.00
580,8,URLLC,0.9360,390,1170,5,15,0.00,87,0,25.00
580,9,URLLC,0.9360,390,1170,5,15,0.00,87,0,25.00
580,10,URLLC,0.0000,390,0,5,0,0.00,1544,0,25.00
580,11,MTC,1.1264,256,1408,2,11,0.00,137,0,43.34
580,12,MTC,1.1264,256,1408,2,11,0.00,137,0,43.34
580,13,MTC,0.5120,256,640,2,5,0.00,598,0,43.34
580,14,MTC,0.5120,256,640,2,5,0.00,598,0,43.34
580,15,MTC,0.0000,256,0,2,0,0.00,1401,0,43.34
580,16,MTC,0.3072,256,384,2,3,0.00,1497,0,43.34
580,17,MTC,0.0000,256,0,2,0,0.00,1482,0,43.34
580,18,MTC,0.8192,256,1024,2,8,0.00,155,0,43.34
580,19,MTC,1.0240,256,1280,2,10,0.00,137,0,43.34
580,20,MTC,1.0240,256,1280,2,10,0.00,137,0,43.34
590,1,eMBB,2.4448,16808,3056,11,2,0.00,123934,0,31.66
590,2,eMBB,0.0000,16808,0,11,0,0.00,145825,0,31.66
590,3,eMBB,0.0000,16808,0,11,0,0.00,144627,0,31.66
590,4,eMBB,0.0000,16808,0,11,0,0.00,137892,0,31.66
590,5,eMBB,0.0000,16808,0,11,0,0.00,146018,0,31.66
590,6,URLLC,0.3120,390,390,5,5,0.00,87,0,25.00
590,7,URLLC,0.3120,390,390,5,5,0.00,87,0,25.00
590,8,URLLC,0.3120,390,390,5,5,0.00,87,0,25.00
590,9,URLLC,0.3120,390,390,5,5,0.00,87,0,25.00
590,10,URLLC,0.0000,390,0,5,0,0.00,1413,0,25.00
590,11,MTC,0.2048,384,256,3,2,0.00,47,0,43.34
590,12,MTC,0.2048,384,256,3,2,0.00,54,0,43.34
590,13,MTC,0.9216,384,1152,3,9,0.00,194,0,43.34
590,14,MTC,0.9216,384,1152,3,9,0.00,126,0,43.34
590,15,MTC,0.0000,384,0,3,0,0.00,1102,0,43.34
590,16,MTC,0.0000,384,0,3,0,0.00,1200,0,43.34
590,17,MTC,0.0000,384,0,3,0,0.00,1251,0,43.34
590,18,MTC,0.6144,384,768,3,6,0.00,119,0,43.34
590,19,MTC,0.2048,384,256,3,2,0.00,47,0,43.34
590,20,MTC,0.2048,384,256,3,2,0.00,47,0,43.34
600,1,eMBB,25.6704,18336,32088,12,21,0.00,104392,0,36.67
600,2,eMBB,0.0000,18336,0,12,0,0.00,160114,0,36.67
600,3,eMBB,0.0000,18336,0,12,0,0.00,144627,0,36.67
600,4,eMBB,13.4464,18336,16808,12,11,0.00,138372,0,36.67
600,5,eMBB,0.0000,18336,0,12,0,0.00,146018,0,36.67
600,6,URLLC,0.3120,390,390,5,5,0.00,87,0,25.00
600,7,URLLC,0.3120,390,390,5,5,0.00,87,0,25.00
600,8,URLLC,0.3120,390,390,5,5,0.00,87,0,25.00
600,9,URLLC,0.3120,390,390,5,5,0.00,87,0,25.00
600,10,URLLC,0.0000,390,0,5,0,0.00,1413,0,25.00
600,11,MTC,0.3072,256,384,2,3,0.00,137,0,38.33
600,12,MTC,0.3072,256,384,2,3,0.00,137,0,38.33
600,13,MTC,0.0000,256,0,2,0,0.00,21,0,38.33
600,14,MTC,0.0000,256,0,2,0,0.00,15,0,38.33
600,15,MTC,0.0000,256,0,2,0,0.00,1102,0,38.33
600,16,MTC,0.0000,256,0,2,0,0.00,1114,0,38.33
600,17,MTC,0.0000,256,0,2,0,0.00,1251,0,38.33
600,18,MTC,0.0000,256,0,2,0,0.00,15,0,38.33
600,19,MTC,0.3072,256,384,2,3,0.00,137,0,38.33
600,20,MTC,0.3072,256,384,2,3,0.00,137,0,38.33
610,1,eMBB,29.3376,18336,36672,12,24,0.00,84262,0,36.67
610,2,eMBB,0.0000,18336,0,12,0,0.00,170787,0,36.67
610,3,eMBB,0.0000,18336,0,12,0,0.00,182668,0,36.67
610,4,eMBB,13.4464,18336,16808,12,11,0.00,138996,0,36.67
610,5,eMBB,0.0000,18336,0,12,0,0.00,183498,0,36.67
610,6,URLLC,0.3120,390,390,5,5,0.00,87,0,25.00
610,7,URLLC,0.3120,390,390,5,5,0.00,87,0,25.00
610,8,URLLC,0.3120,390,390,5,5,0.00,87,0,25.00
610,9,URLLC,0.3120,390,390,5,5,0.00,87,0,25.00
610,10,URLLC,0.0000,390,0,5,0,0.00,1413,0,25.00
610,11,MTC,0.2048,384,256,3,2,0.00,137,0,38.33
610,12,MTC,0.2048,384,256,3,2,0.00,137,0,38.33
610,13,MTC,0.2048,384,256,3,2,0.00,137,0,38.33
610,14,MTC,0.2048,384,256,3,2,0.00,137,0,38.33
610,15,MTC,0.0000,384,0,3,0,0.00,1102,0,38.33
610,16,MTC,0.0000,384,0,3,0,0.00,1117,0,38.33
610,17,MTC,0.0000,384,0,3,0,0.00,1251,0,38.33
610,18,MTC,0.0000,384,0,3,0,0.00,137,0,38.33
610,19,MTC,0.2048,384,256,3,2,0.00,137,0,38.33
610,20,MTC,0.2048,384,256,3,2,0.00,137,0,38.33
620,1,eMBB,25.6704,16808,32088,11,21,0.00,72687,0,41.66
620,2,eMBB,0.0000,16808,0,11,0,0.00,189021,0,41.66
620,3,eMBB,0.0000,16808,0,11,0,0.00,182668,0,41.66
620,4,eMBB,11.0016,16808,13752,11,9,0.00,144304,0,41.66
620,5,eMBB,0.0000,16808,0,11,0,0.00,198866,0,41.66
620,6,URLLC,0.2496,390,312,5,4,0.00,87,0,25.00
620,7,URLLC,0.2496,390,312,5,4,0.00,87,0,25.00
620,8,URLLC,0.2496,390,312,5,4,0.00,87,0,25.00
620,9,URLLC,0.2496,390,312,5,4,0.00,87,0,25.00
620,10,URLLC,0.0000,390,0,5,0,0.00,2169,0,25.00
620,11,MTC,0.2048,256,256,2,2,0.00,137,0,33.34
620,12,MTC,0.2048,256,256,2,2,0.00,137,0,33.34
620,13,MTC,0.0000,256,0,2,0,0.00,137,0,33.34
620,14,MTC,0.0000,256,0,2,0,0.00,137,0,33.34
620,15,MTC,0.0000,256,0,2,0,0.00,1102,0,33.34
620,16,MTC,0.0000,256,0,2,0,0.00,533,0,33.34
620,17,MTC,0.0000,256,0,2,0,0.00,1251,0,33.34
620,18,MTC,0.1024,256,128,2,1,0.00,137,0,33.34
620,19,MTC,0.2048,256,256,2,2,0.00,137,0,33.34
620,20,MTC,0.2048,256,256,2,2,0.00,137,0,33.34
630,1,eMBB,37.8944,18336,47368,12,31,0.00,45824,0,26.66
630,2,eMBB,0.0000,18336,0,12,0,0.00,195103,0,26.66
630,3,eMBB,0.0000,18336,0,12,0,0.00,182668,0,26.66
630,4,eMBB,15.8912,18336,19864,12,13,0.00,142148,0,26.66
630,5,eMBB,0.0000,18336,0,12,0,0.00,198866,0,26.66
630,6,URLLC,0.3120,390,390,5,5,0.00,87,0,55.00
630,7,URLLC,0.3120,390,390,5,5,0.00,87,0,55.00
630,8,URLLC,0.3120,390,390,5,5,0.00,87,0,55.00
630,9,URLLC,0.3120,390,390,5,5,0.00,87,0,55.00
630,10,URLLC,0.0000,390,0,5,0,0.00,2169,0,55.00
630,11,MTC,0.3072,384,384,3,3,0.00,137,0,18.34
630,12,MTC,0.3072,384,384,3,3,0.00,137,0,18.34
630,13,MTC,0.0000,384,0,3,0,0.00,137,0,18.34
630,14,MTC,0.0000,384,0,3,0,0.00,137,0,18.34
630,15,MTC,0.0000,384,0,3,0,0.00,1102,0,18.34
630,16,MTC,0.0000,384,0,3,0,0.00,533,0,18.34
630,17,MTC,0.0000,384,0,3,0,0.00,1251,0,18.34
630,18,MTC,0.0000,384,0,3,0,0.00,50,0,18.34
630,19,MTC,0.3072,384,384,3,3,0.00,137,0,18.34
630,20,MTC,0.3072,384,384,3,3,0.00,137,0,18.34
640,1,eMBB,28.1152,18336,35144,12,23,0.00,30386,0,46.66
640,2,eMBB,0.0000,18336,0,12,0,0.00,212682,0,46.66
640,3,eMBB,0.0000,18336,0,12,0,0.00,224515,0,46.66
640,4,eMBB,12.2240,18336,15280,12,10,0.00,145724,0,46.66
640,5,eMBB,0.0000,18336,0,12,0,0.00,228525,0,46.66
640,6,URLLC,0.3744,390,468,5,6,0.00,87,0,20.00
640,7,URLLC,0.3744,390,468,5,6,0.00,87,0,20.00
640,8,URLLC,0.3744,390,468,5,6,0.00,87,0,20.00
640,9,URLLC,0.3744,390,468,5,6,0.00,87,0,20.00
640,10,URLLC,0.0000,390,0,5,0,0.00,3006,0,20.00
640,11,MTC,0.3072,256,384,2,3,0.00,137,0,33.34
640,12,MTC,0.3072,256,384,2,3,0.00,137,0,33.34
640,13,MTC,0.0000,256,0,2,0,0.00,137,0,33.34
640,14,MTC,0.0000,256,0,2,0,0.00,137,0,33.34
640,15,MTC,0.0000,256,0,2,0,0.00,1102,0,33.34
640,16,MTC,0.0000,256,0,2,0,0.00,533,0,33.34
640,17,MTC,0.0000,256,0,2,0,0.00,1251,0,33.34
640,18,MTC,0.0000,256,0,2,0,0.00,137,0,33.34
640,19,MTC,0.3072,256,384,2,3,0.00,137,0,33.34
640,20,MTC,0.3072,256,384,2,3,0.00,137,0,33.34
650,1,eMBB,36.6720,16808,45840,11,30,0.00,3526,0,26.66
650,2,eMBB,0.0000,16808,0,11,0,0.00,231112,0,26.66
650,3,eMBB,0.0000,16808,0,11,0,0.00,224515,0,26.66
650,4,eMBB,18.3360,16808,22920,11,15,0.00,141887,0,26.66
650,5,eMBB,0.0000,16808,0,11,0,0.00,228525,0,26.66
650,6,URLLC,0.3120,390,390,5,5,0.00,87,0,55.00
650,7,URLLC,0.3120,390,390,5,5,0.00,87,0,55.00
650,8,URLLC,0.3120,390,390,5,5,0.00,87,0,55.00
650,9,URLLC,0.3120,390,390,5,5,0.00,87,0,55.00
650,10,URLLC,0.0000,390,0,5,0,0.00,3006,0,55.00
650,11,MTC,0.2048,384,256,3,2,0.00,137,0,18.34
650,12,MTC,0.2048,384,256,3,2,0.00,137,0,18.34
650,13,MTC,0.0000,384,0,3,0,0.00,137,0,18.34
650,14,MTC,0.0000,384,0,3,0,0.00,27,0,18.34
650,15,MTC,0.0000,384,0,3,0,0.00,1102,0,18.34
650,16,MTC,0.0000,384,0,3,0,0.00,1248,0,18.34
650,17,MTC,0.0000,384,0,3,0,0.00,1251,0,18.34
650,18,MTC,0.0000,384,0,3,0,0.00,27,0,18.34
650,19,MTC,0.2048,384,256,3,2,0.00,137,0,18.34
650,20,MTC,0.2048,384,256,3,2,0.00,137,0,18.34
660,1,eMBB,14.6688,18336,18336,12,12,0.00,3193,0,26.66
660,2,eMBB,0.0000,18336,0,12,0,0.00,240324,0,26.66
660,3,eMBB,0.0000,18336,0,12,0,0.00,224515,0,26.66
660,4,eMBB,12.2240,18336,15280,12,10,0.00,142432,0,26.66
660,5,eMBB,0.0000,18336,0,12,0,0.00,264743,0,26.66
660,6,URLLC,0.3120,390,390,5,5,0.00,87,0,55.00
660,7,URLLC,0.3120,390,390,5,5,0.00,87,0,55.00
660,8,URLLC,0.3120,390,390,5,5,0.00,87,0,55.00
660,9,URLLC,0.3120,390,390,5,5,0.00,87,0,55.00
660,10,URLLC,0.0000,390,0,5,0,0.00,3397,0,55.00
660,11,MTC,0.3072,256,384,2,3,0.00,137,0,18.34
660,12,MTC,0.3072,256,384,2,3,0.00,137,0,18.34
660,13,MTC,0.0000,256,0,2,0,0.00,137,0,18.34
660,14,MTC,0.0000,256,0,2,0,0.00,137,0,18.34
660,15,MTC,0.0000,256,0,2,0,0.00,1102,0,18.34
660,16,MTC,0.0000,256,0,2,0,0.00,1248,0,18.34
660,17,MTC,0.0000,256,0,2,0,0.00,1251,0,18.34
660,18,MTC,0.0000,256,0,2,0,0.00,137,0,18.34
660,19,MTC,0.3072,256,384,2,3,0.00,137,0,18.34
660,20,MTC,0.3072,256,384,2,3,0.00,137,0,18.34
670,1,eMBB,13.4464,18336,16808,12,11,0.00,1537,0,26.66
670,2,eMBB,0.0000,18336,0,12,0,0.00,266554,0,26.66
670,3,eMBB,0.0000,18336,0,12,0,0.00,224515,0,26.66
670,4,eMBB,17.1136,18336,21392,12,14,0.00,137234,0,26.66
670,5,eMBB,0.0000,18336,0,12,0,0.00,284151,0,26.66
670,6,URLLC,0.3120,390,390,5,5,0.00,87,0,55.00
670,7,URLLC,0.3120,390,390,5,5,0.00,87,0,55.00
670,8,URLLC,0.3120,390,390,5,5,0.00,87,0,55.00
670,9,URLLC,0.3120,390,390,5,5,0.00,87,0,55.00
670,10,URLLC,0.0000,390,0,5,0,0.00,3397,0,55.00
670,11,MTC,0.2048,384,256,3,2,0.00,137,0,18.34
670,12,MTC,0.2048,384,256,3,2,0.00,137,0,18.34
670,13,MTC,0.0000,384,0,3,0,0.00,137,0,18.34
670,14,MTC,0.0000,384,0,3,0,0.00,137,0,18.34
670,15,MTC,0.0000,384,0,3,0,0.00,1102,0,18.34
670,16,MTC,0.0000,384,0,3,0,0.00,1273,0,18.34
670,17,MTC,0.0000,384,0,3,0,0.00,1251,0,18.34
670,18,MTC,0.0000,384,0,3,0,0.00,137,0,18.34
670,19,MTC,0.2048,384,256,3,2,0.00,137,0,18.34
670,20,MTC,0.2048,384,256,3,2,0.00,137,0,18.34
680,1,eMBB,13.4464,16808,16808,11,11,0.00,1537,0,51.67
680,2,eMBB,0.0000,16808,0,11,0,0.00,280960,0,51.67
680,3,eMBB,0.0000,16808,0,11,0,0.00,224515,0,51.67
680,4,eMBB,15.8912,16808,19864,11,13,0.00,133020,0,51.67
680,5,eMBB,0.0000,16808,0,11,0,0.00,284151,0,51.67
680,6,URLLC,0.3120,390,390,5,5,0.00,87,0,35.00
680,7,URLLC,0.3120,390,390,5,5,0.00,87,0,35.00
680,8,URLLC,0.3120,390,390,5,5,0.00,87,0,35.00
680,9,URLLC,0.3120,390,390,5,5,0.00,87,0,35.00
680,10,URLLC,0.0000,390,0,5,0,0.00,3397,0,35.00
680,11,MTC,0.3072,256,384,2,3,0.00,137,0,13.34
680,12,MTC,0.3072,256,384,2,3,0.00,137,0,13.34
680,13,MTC,0.0000,256,0,2,0,0.00,171,0,13.34
680,14,MTC,0.0000,256,0,2,0,0.00,137,0,13.34
680,15,MTC,0.0000,256,0,2,0,0.00,1102,0,13.34
680,16,MTC,0.0000,256,0,2,0,0.00,1273,0,13.34
680,17,MTC,0.0000,256,0,2,0,0.00,1251,0,13.34
680,18,MTC,0.0000,256,0,2,0,0.00,39,0,13.34
680,19,MTC,0.3072,256,384,2,3,0.00,137,0,13.34
680,20,MTC,0.3072,256,384,2,3,0.00,137,0,13.34
690,1,eMBB,13.4464,18336,16808,12,11,0.00,3517,0,26.66
690,2,eMBB,0.0000,18336,0,12,0,0.00,280960,0,26.66
690,3,eMBB,0.0000,18336,0,12,0,0.00,224515,0,26.66
690,4,eMBB,14.6688,18336,18336,12,12,0.00,133668,0,26.66
690,5,eMBB,0.0000,18336,0,12,0,0.00,320048,0,26.66
690,6,URLLC,0.2496,390,312,5,4,0.00,87,0,55.00
690,7,URLLC,0.2496,390,312,5,4,0.00,87,0,55.00
690,8,URLLC,0.2496,390,312,5,4,0.00,87,0,55.00
690,9,URLLC,0.2496,390,312,5,4,0.00,87,0,55.00
690,10,URLLC,0.0000,390,0,5,0,0.00,4285,0,55.00
690,11,MTC,0.2048,384,256,3,2,0.00,137,0,18.34
690,12,MTC,0.2048,384,256,3,2,0.00,137,0,18.34
690,13,MTC,0.0000,384,0,3,0,0.00,21,0,18.34
690,14,MTC,0.0000,384,0,3,0,0.00,137,0,18.34
690,15,MTC,0.0000,384,0,3,0,0.00,1102,0,18.34
690,16,MTC,0.0000,384,0,3,0,0.00,1065,0,18.34
690,17,MTC,0.0000,384,0,3,0,0.00,1251,0,18.34
690,18,MTC,0.0000,384,0,3,0,0.00,21,0,18.34
690,19,MTC,0.2048,384,256,3,2,0.00,137,0,18.34
690,20,MTC,0.2048,384,256,3,2,0.00,137,0,18.34
700,1,eMBB,14.6688,18336,18336,12,12,0.00,3744,0,21.66
700,2,eMBB,0.0000,18336,0,12,0,0.00,314828,0,21.66
700,3,eMBB,0.0000,18336,0,12,0,0.00,224515,0,21.66
700,4,eMBB,20.7808,18336,25976,12,17,0.00,129766,0,21.66
700,5,eMBB,0.0000,18336,0,12,0,0.00,320048,0,21.66
700,6,URLLC,0.3120,390,390,5,5,0.00,87,0,35.00
700,7,URLLC,0.3120,390,390,5,5,0.00,87,0,35.00
700,8,URLLC,0.3120,390,390,5,5,0.00,87,0,35.00
700,9,URLLC,0.3120,390,390,5,5,0.00,87,0,35.00
700,10,URLLC,0.0000,390,0,5,0,0.00,1820,0,35.00
700,11,MTC,0.2048,256,256,2,2,0.00,137,0,43.34
700,12,MTC,0.2048,256,256,2,2,0.00,137,0,43.34
700,13,MTC,0.1024,256,128,2,1,0.00,137,0,43.34
700,14,MTC,0.0000,256,0,2,0,0.00,137,0,43.34
700,15,MTC,0.0000,256,0,2,0,0.00,1102,0,43.34
700,16,MTC,0.0000,256,0,2,0,0.00,1065,0,43.34
700,17,MTC,0.0000,256,0,2,0,0.00,4722,0,43.34
700,18,MTC,0.0000,256,0,2,0,0.00,137,0,43.34
700,19,MTC,0.2048,256,256,2,2,0.00,137,0,43.34
700,20,MTC,0.2048,256,256,2,2,0.00,137,0,43.34
710,1,eMBB,14.6688,16808,18336,11,12,0.00,4601,0,51.66
710,2,eMBB,0.0000,16808,0,11,0,0.00,314828,0,51.66
710,3,eMBB,0.0000,16808,0,11,0,0.00,224515,0,51.66
710,4,eMBB,22.0032,16808,27504,11,18,0.00,120702,0,51.66
710,5,eMBB,0.0000,16808,0,11,0,0.00,345691,0,51.66
710,6,URLLC,0.3744,390,468,5,6,0.00,87,0,25.00
710,7,URLLC,0.3744,390,468,5,6,0.00,87,0,25.00
710,8,URLLC,0.3744,390,468,5,6,0.00,87,0,25.00
710,9,URLLC,0.3744,390,468,5,6,0.00,87,0,25.00
710,10,URLLC,0.0000,390,0,5,0,0.00,1820,0,25.00
710,11,MTC,0.3072,384,384,3,3,0.00,137,0,23.34
710,12,MTC,0.3072,384,384,3,3,0.00,137,0,23.34
710,13,MTC,0.0000,384,0,3,0,0.00,137,0,23.34
710,14,MTC,1.1264,384,1408,3,11,0.00,137,0,23.34
710,15,MTC,0.0000,384,0,3,0,0.00,1102,0,23.34
710,16,MTC,0.0000,384,0,3,0,0.00,1065,0,23.34
710,17,MTC,0.0000,384,0,3,0,0.00,4722,0,23.34
710,18,MTC,0.4096,384,512,3,4,0.00,137,0,23.34
710,19,MTC,0.3072,384,384,3,3,0.00,137,0,23.34
710,20,MTC,0.3072,384,384,3,3,0.00,137,0,23.34
720,1,eMBB,15.8912,18336,19864,12,13,0.00,2212,0,21.66
720,2,eMBB,0.0000,18336,0,12,0,0.00,344157,0,21.66
720,3,eMBB,0.0000,18336,0,12,0,0.00,374101,0,21.66
720,4,eMBB,12.2240,18336,15280,12,10,0.00,121951,0,21.66
720,5,eMBB,0.0000,18336,0,12,0,0.00,360925,0,21.66
720,6,URLLC,0.3120,390,390,5,5,0.00,87,0,35.00
720,7,URLLC,0.3120,390,390,5,5,0.00,87,0,35.00
720,8,URLLC,0.3120,390,390,5,5,0.00,87,0,35.00
720,9,URLLC,0.3120,390,390,5,5,0.00,87,0,35.00
720,10,URLLC,0.0000,390,0,5,0,0.00,1712,0,35.00
720,11,MTC,0.3072,256,384,2,3,0.00,137,0,43.34
720,12,MTC,0.3072,256,384,2,3,0.00,137,0,43.34
720,13,MTC,0.0000,256,0,2,0,0.00,137,0,43.34
720,14,MTC,0.0000,256,0,2,0,0.00,137,0,43.34
720,15,MTC,0.0000,256,0,2,0,0.00,1102,0,43.34
720,16,MTC,0.0000,256,0,2,0,0.00,1065,0,43.34
720,17,MTC,0.0000,256,0,2,0,0.00,4722,0,43.34
720,18,MTC,0.0000,256,0,2,0,0.00,137,0,43.34
720,19,MTC,0.3072,256,384,2,3,0.00,137,0,43.34
720,20,MTC,0.3072,256,384,2,3,0.00,137,0,43.34
730,1,eMBB,13.4464,18336,16808,12,11,0.00,1537,0,26.66
730,2,eMBB,0.0000,18336,0,12,0,0.00,360878,0,26.66
730,3,eMBB,0.0000,18336,0,12,0,0.00,374101,0,26.66
730,4,eMBB,18.3360,18336,22920,12,15,0.00,115607,0,26.66
730,5,eMBB,0.0000,18336,0,12,0,0.00,380244,0,26.66
730,6,URLLC,0.3120,390,390,5,5,0.00,87,0,40.00
730,7,URLLC,0.3120,390,390,5,5,0.00,87,0,40.00
730,8,URLLC,0.3120,390,390,5,5,0.00,87,0,40.00
730,9,URLLC,0.3120,390,390,5,5,0.00,87,0,40.00
730,10,URLLC,0.0000,390,0,5,0,0.00,579,0,40.00
730,11,MTC,0.2048,384,256,3,2,0.00,137,0,33.34
730,12,MTC,0.2048,384,256,3,2,0.00,137,0,33.34
730,13,MTC,0.0000,384,0,3,0,0.00,137,0,33.34
730,14,MTC,0.0000,384,0,3,0,0.00,137,0,33.34
730,15,MTC,0.0000,384,0,3,0,0.00,1102,0,33.34
730,16,MTC,0.0000,384,0,3,0,0.00,1517,0,33.34
730,17,MTC,0.0000,384,0,3,0,0.00,4722,0,33.34
730,18,MTC,0.0000,384,0,3,0,0.00,137,0,33.34
730,19,MTC,0.2048,384,256,3,2,0.00,137,0,33.34
730,20,MTC,0.2048,384,256,3,2,0.00,137,0,33.34
740,1,eMBB,14.6688,16808,18336,11,12,0.00,1537,0,31.66
740,2,eMBB,0.0000,16808,0,11,0,0.00,362368,0,31.66
740,3,eMBB,0.0000,16808,0,11,0,0.00,374101,0,31.66
740,4,eMBB,13.4464,16808,16808,11,11,0.00,113697,0,31.66
740,5,eMBB,0.0000,16808,0,11,0,0.00,380244,0,31.66
740,6,URLLC,0.3120,390,390,5,5,0.00,87,0,25.00
740,7,URLLC,0.3120,390,390,5,5,0.00,87,0,25.00
740,8,URLLC,0.3120,390,390,5,5,0.00,87,0,25.00
740,9,URLLC,0.3120,390,390,5,5,0.00,87,0,25.00
740,10,URLLC,0.0000,390,0,5,0,0.00,579,0,25.00
740,11,MTC,0.3072,256,384,2,3,0.00,137,0,43.34
740,12,MTC,0.3072,256,384,2,3,0.00,137,0,43.34
740,13,MTC,0.0000,256,0,2,0,0.00,137,0,43.34
740,14,MTC,0.0000,256,0,2,0,0.00,137,0,43.34
740,15,MTC,0.0000,256,0,2,0,0.00,1102,0,43.34
740,16,MTC,0.0000,256,0,2,0,0.00,1517,0,43.34
740,17,MTC,0.0000,256,0,2,0,0.00,5518,0,43.34
740,18,MTC,0.0000,256,0,2,0,0.00,137,0,43.34
740,19,MTC,0.3072,256,384,2,3,0.00,137,0,43.34
740,20,MTC,0.3072,256,384,2,3,0.00,137,0,43.34
750,1,eMBB,12.2240,18336,15280,12,10,0.00,1537,0,26.66
750,2,eMBB,0.0000,18336,0,12,0,0.00,387922,0,26.66
750,3,eMBB,0.0000,18336,0,12,0,0.00,374101,0,26.66
750,4,eMBB,15.8912,18336,19864,12,13,0.00,109944,0,26.66
750,5,eMBB,0.0000,18336,0,12,0,0.00,419891,0,26.66
750,6,URLLC,0.3120,390,390,5,5,0.00,87,0,40.00
750,7,URLLC,0.3120,390,390,5,5,0.00,87,0,40.00
750,8,URLLC,0.3120,390,390,5,5,0.00,87,0,40.00
750,9,URLLC,0.3120,390,390,5,5,0.00,87,0,40.00
750,10,URLLC,0.0000,390,0,5,0,0.00,579,0,40.00
750,11,MTC,0.2048,384,256,3,2,0.00,137,0,33.34
750,12,MTC,0.2048,384,256,3,2,0.00,137,0,33.34
750,13,MTC,0.0000,384,0,3,0,0.00,137,0,33.34
750,14,MTC,0.0000,384,0,3,0,0.00,137,0,33.34
750,15,MTC,0.0000,384,0,3,0,0.00,1102,0,33.34
750,16,MTC,0.0000,384,0,3,0,0.00,1671,0,33.34
750,17,MTC,0.0000,384,0,3,0,0.00,5518,0,33.34
750,18,MTC,1.1264,384,1408,3,11,0.00,137,0,33.34
750,19,MTC,0.2048,384,256,3,2,0.00,137,0,33.34
750,20,MTC,0.2048,384,256,3,2,0.00,137,0,33.34
760,1,eMBB,14.6688,18336,18336,12,12,0.00,1537,0,31.66
760,2,eMBB,0.0000,18336,0,12,0,0.00,398993,0,31.66
760,3,eMBB,0.0000,18336,0,12,0,0.00,441467,0,31.66
760,4,eMBB,17.1136,18336,21392,12,14,0.00,109926,0,31.66
760,5,eMBB,0.0000,18336,0,12,0,0.00,430000,0,31.66
760,6,URLLC,0.2496,390,312,5,4,0.00,87,0,25.00
760,7,URLLC,0.2496,390,312,5,4,0.00,87,0,25.00
760,8,URLLC,0.2496,390,312,5,4,0.00,87,0,25.00
760,9,URLLC,0.2496,390,312,5,4,0.00,87,0,25.00
760,10,URLLC,0.0000,390,0,5,0,0.00,1341,0,25.00
760,11,MTC,0.2048,256,256,2,2,0.00,137,0,43.34
760,12,MTC,0.2048,256,256,2,2,0.00,137,0,43.34
760,13,MTC,0.0000,256,0,2,0,0.00,137,0,43.34
760,14,MTC,0.0000,256,0,2,0,0.00,137,0,43.34
760,15,MTC,0.0000,256,0,2,0,0.00,1102,0,43.34
760,16,MTC,0.0000,256,0,2,0,0.00,1671,0,43.34
760,17,MTC,0.0000,256,0,2,0,0.00,5518,0,43.34
760,18,MTC,0.0000,256,0,2,0,0.00,137,0,43.34
760,19,MTC,0.2048,256,256,2,2,0.00,137,0,43.34
760,20,MTC,0.2048,256,256,2,2,0.00,137,0,43.34
770,1,eMBB,14.6688,16808,18336,11,12,0.00,2654,0,41.66
770,2,eMBB,0.0000,16808,0,11,0,0.00,429524,0,41.66
770,3,eMBB,0.0000,16808,0,11,0,0.00,454765,0,41.66
770,4,eMBB,20.7808,16808,25976,11,17,0.00,104612,0,41.66
770,5,eMBB,0.0000,16808,0,11,0,0.00,448364,0,41.66
770,6,URLLC,0.3120,390,390,5,5,0.00,87,0,45.00
770,7,URLLC,0.3120,390,390,5,5,0.00,87,0,45.00
770,8,URLLC,0.3120,390,390,5,5,0.00,87,0,45.00
770,9,URLLC,0.3120,390,390,5,5,0.00,87,0,45.00
770,10,URLLC,0.0000,390,0,5,0,0.00,1341,0,45.00
770,11,MTC,0.3072,384,384,3,3,0.00,137,0,13.34
770,12,MTC,0.3072,384,384,3,3,0.00,137,0,13.34
770,13,MTC,0.0000,384,0,3,0,0.00,74,0,13.34
770,14,MTC,0.0000,384,0,3,0,0.00,137,0,13.34
770,15,MTC,0.0000,384,0,3,0,0.00,1102,0,13.34
770,16,MTC,0.0000,384,0,3,0,0.00,1015,0,13.34
770,17,MTC,0.0000,384,0,3,0,0.00,5518,0,13.34
770,18,MTC,0.0000,384,0,3,0,0.00,137,0,13.34
770,19,MTC,0.3072,384,384,3,3,0.00,137,0,13.34
770,20,MTC,0.3072,384,384,3,3,0.00,137,0,13.34
780,1,eMBB,14.6688,18336,18336,12,12,0.00,3069,0,31.66
780,2,eMBB,0.0000,18336,0,12,0,0.00,435078,0,31.66
780,3,eMBB,0.0000,18336,0,12,0,0.00,471964,0,31.66
780,4,eMBB,12.2240,18336,15280,12,10,0.00,105862,0,31.66
780,5,eMBB,0.0000,18336,0,12,0,0.00,457610,0,31.66
780,6,URLLC,0.3744,390,468,5,6,0.00,87,0,25.00
780,7,URLLC,0.3744,390,468,5,6,0.00,87,0,25.00
780,8,URLLC,0.3744,390,468,5,6,0.00,87,0,25.00
780,9,URLLC,0.3744,390,468,5,6,0.00,87,0,25.00
780,10,URLLC,0.0000,390,0,5,0,0.00,1341,0,25.00
780,11,MTC,0.3072,256,384,2,3,0.00,137,0,43.34
780,12,MTC,0.3072,256,384,2,3,0.00,137,0,43.34
780,13,MTC,0.0000,256,0,2,0,0.00,269,0,43.34
780,14,MTC,0.0000,256,0,2,0,0.00,137,0,43.34
780,15,MTC,0.0000,256,0,2,0,0.00,1102,0,43.34
780,16,MTC,0.0000,256,0,2,0,0.00,1015,0,43.34
780,17,MTC,0.0000,256,0,2,0,0.00,5518,0,43.34
780,18,MTC,2.8672,256,3584,2,28,0.00,137,0,43.34
780,19,MTC,0.3072,256,384,2,3,0.00,137,0,43.34
780,20,MTC,0.3072,256,384,2,3,0.00,137,0,43.34
790,1,eMBB,14.6688,18336,18336,12,12,0.00,1537,0,51.66
790,2,eMBB,0.0000,18336,0,12,0,0.00,458276,0,51.66
790,3,eMBB,0.0000,18336,0,12,0,0.00,471964,0,51.66
790,4,eMBB,24.4480,18336,30560,12,20,0.00,96055,0,51.66
790,5,eMBB,0.0000,18336,0,12,0,0.00,457610,0,51.66
790,6,URLLC,0.3120,390,390,5,5,0.00,87,0,25.00
790,7,URLLC,0.3120,390,390,5,5,0.00,87,0,25.00
790,8,URLLC,0.3120,390,390,5,5,0.00,87,0,25.00
790,9,URLLC,0.3120,390,390,5,5,0.00,87,0,25.00
790,10,URLLC,0.0000,390,0,5,0,0.00,1341,0,25.00
790,11,MTC,0.2048,384,256,3,2,0.00,137,0,23.34
790,12,MTC,0.2048,384,256,3,2,0.00,137,0,23.34
790,13,MTC,0.0000,384,0,3,0,0.00,137,0,23.34
790,14,MTC,0.0000,384,0,3,0,0.00,137,0,23.34
790,15,MTC,0.0000,384,0,3,0,0.00,1102,0,23.34
790,16,MTC,0.0000,384,0,3,0,0.00,1015,0,23.34
790,17,MTC,0.0000,384,0,3,0,0.00,3302,0,23.34
790,18,MTC,0.0000,384,0,3,0,0.00,137,0,23.34
790,19,MTC,0.2048,384,256,3,2,0.00,137,0,23.34
790,20,MTC,0.2048,384,256,3,2,0.00,137,0,23.34
800,1,eMBB,14.6688,16808,18336,11,12,0.00,1537,0,51.66
800,2,eMBB,0.0000,16808,0,11,0,0.00,461326,0,51.66
800,3,eMBB,0.0000,16808,0,11,0,0.00,515902,0,51.66
800,4,eMBB,19.5584,16808,24448,11,16,0.00,86297,0,51.66
800,5,eMBB,0.0000,16808,0,11,0,0.00,479370,0,51.66
800,6,URLLC,0.3120,390,390,5,5,0.00,87,0,25.00
800,7,URLLC,0.3120,390,390,5,5,0.00,87,0,25.00
800,8,URLLC,0.3120,390,390,5,5,0.00,87,0,25.00
800,9,URLLC,0.3120,390,390,5,5,0.00,87,0,25.00
800,10,URLLC,0.0000,390,0,5,0,0.00,1341,0,25.00
800,11,MTC,0.3072,256,384,2,3,0.00,137,0,23.34
800,12,MTC,0.3072,256,384,2,3,0.00,137,0,23.34
800,13,MTC,0.9216,256,1152,2,9,0.00,401,0,23.34
800,14,MTC,0.0000,256,0,2,0,0.00,137,0,23.34
800,15,MTC,0.0000,256,0,2,0,0.00,1102,0,23.34
800,16,MTC,0.0000,256,0,2,0,0.00,1015,0,23.34
800,17,MTC,0.0000,256,0,2,0,0.00,3302,0,23.34
800,18,MTC,0.5120,256,640,2,5,0.00,137,0,23.34
800,19,MTC,0.3072,256,384,2,3,0.00,137,0,23.34
800,20,MTC,0.3072,256,384,2,3,0.00,137,0,23.34
810,1,eMBB,14.6688,18336,18336,12,12,0.00,1537,0,51.66
810,2,eMBB,0.0000,18336,0,12,0,0.00,483503,0,51.66
810,3,eMBB,0.0000,18336,0,12,0,0.00,518924,0,51.66
810,4,eMBB,17.1136,18336,21392,12,14,0.00,76970,0,51.66
810,5,eMBB,0.0000,18336,0,12,0,0.00,479370,0,51.66
810,6,URLLC,0.3120,390,390,5,5,0.00,87,0,25.00
810,7,URLLC,0.3120,390,390,5,5,0.00,87,0,25.00
810,8,URLLC,0.3120,390,390,5,5,0.00,87,0,25.00
810,9,URLLC,0.3120,390,390,5,5,0.00,87,0,25.00
810,10,URLLC,0.0000,390,0,5,0,0.00,1341,0,25.00
810,11,MTC,0.2048,384,256,3,2,0.00,137,0,23.34
810,12,MTC,0.2048,384,256,3,2,0.00,137,0,23.34
810,13,MTC,0.0000,384,0,3,0,0.00,137,0,23.34
810,14,MTC,2.4576,384,3072,3,24,0.00,137,0,23.34
810,15,MTC,0.0000,384,0,3,0,0.00,1102,0,23.34
810,16,MTC,0.0000,384,0,3,0,0.00,2272,0,23.34
810,17,MTC,0.0000,384,0,3,0,0.00,3302,0,23.34
810,18,MTC,0.0000,384,0,3,0,0.00,137,0,23.34
810,19,MTC,0.2048,384,256,3,2,0.00,137,0,23.34
810,20,MTC,0.2048,384,256,3,2,0.00,137,0,23.34
820,1,eMBB,12.2240,18336,15280,12,10,0.00,1537,0,51.66
820,2,eMBB,0.0000,18336,0,12,0,0.00,503504,0,51.66
820,3,eMBB,0.0000,18336,0,12,0,0.00,518924,0,51.66
820,4,eMBB,24.4480,18336,30560,12,20,0.00,66217,0,51.66
820,5,eMBB,0.0000,18336,0,12,0,0.00,522176,0,51.66
820,6,URLLC,0.3120,390,390,5,5,0.00,87,0,25.00
820,7,URLLC,0.3120,390,390,5,5,0.00,87,0,25.00
820,8,URLLC,0.3120,390,390,5,5,0.00,87,0,25.00
820,9,URLLC,0.3120,390,390,5,5,0.00,87,0,25.00
820,10,URLLC,0.0000,390,0,5,0,0.00,3626,0,25.00
820,11,MTC,0.3072,256,384,2,3,0.00,137,0,23.34
820,12,MTC,0.3072,256,384,2,3,0.00,137,0,23.34
820,13,MTC,0.0000,256,0,2,0,0.00,202,0,23.34
820,14,MTC,0.0000,256,0,2,0,0.00,137,0,23.34
820,15,MTC,0.0000,256,0,2,0,0.00,1102,0,23.34
820,16,MTC,0.0000,256,0,2,0,0.00,2169,0,23.34
820,17,MTC,0.0000,256,0,2,0,0.00,3302,0,23.34
820,18,MTC,0.3072,256,384,2,3,0.00,137,0,23.34
820,19,MTC,0.3072,256,384,2,3,0.00,137,0,23.34
820,20,MTC,0.3072,256,384,2,3,0.00,137,0,23.34
830,1,eMBB,13.4464,16808,16808,11,11,0.00,1537,0,41.66
830,2,eMBB,0.0000,16808,0,11,0,0.00,503504,0,41.66
830,3,eMBB,0.0000,16808,0,11,0,0.00,554631,0,41.66
830,4,eMBB,19.5584,16808,24448,11,16,0.00,61662,0,41.66
830,5,eMBB,0.0000,16808,0,11,0,0.00,532880,0,41.66
830,6,URLLC,0.2496,390,312,5,4,0.00,87,0,25.00
830,7,URLLC,0.2496,390,312,5,4,0.00,87,0,25.00
830,8,URLLC,0.2496,390,312,5,4,0.00,87,0,25.00
830,9,URLLC,0.2496,390,312,5,4,0.00,87,0,25.00
830,10,URLLC,0.0000,390,0,5,0,0.00,3626,0,25.00
830,11,MTC,0.2048,384,256,3,2,0.00,137,0,33.34
830,12,MTC,0.2048,384,256,3,2,0.00,137,0,33.34
830,13,MTC,0.0000,384,0,3,0,0.00,137,0,33.34
830,14,MTC,0.0000,384,0,3,0,0.00,137,0,33.34
830,15,MTC,0.0000,384,0,3,0,0.00,1102,0,33.34
830,16,MTC,0.0000,384,0,3,0,0.00,2169,0,33.34
830,17,MTC,0.0000,384,0,3,0,0.00,4247,0,33.34
830,18,MTC,0.2048,384,256,3,2,0.00,137,0,33.34
830,19,MTC,0.2048,384,256,3,2,0.00,137,0,33.34
830,20,MTC,0.2048,384,256,3,2,0.00,137,0,33.34
840,1,eMBB,14.6688,18336,18336,12,12,0.00,3744,0,21.66
840,2,eMBB,0.0000,18336,0,12,0,0.00,532489,0,21.66
840,3,eMBB,0.0000,18336,0,12,0,0.00,554631,0,21.66
840,4,eMBB,19.5584,18336,24448,12,16,0.00,56802,0,21.66
840,5,eMBB,0.0000,18336,0,12,0,0.00,562655,0,21.66
840,6,URLLC,0.3120,390,390,5,5,0.00,87,0,25.00
840,7,URLLC,0.3120,390,390,5,5,0.00,87,0,25.00
840,8,URLLC,0.3120,390,390,5,5,0.00,87,0,25.00
840,9,URLLC,0.3120,390,390,5,5,0.00,87,0,25.00
840,10,URLLC,0.0000,390,0,5,0,0.00,3915,0,25.00
840,11,MTC,0.2048,256,256,2,2,0.00,137,0,53.34
840,12,MTC,0.2048,256,256,2,2,0.00,137,0,53.34
840,13,MTC,0.0000,256,0,2,0,0.00,137,0,53.34
840,14,MTC,0.0000,256,0,2,0,0.00,137,0,53.34
840,15,MTC,0.0000,256,0,2,0,0.00,9466,0,53.34
840,16,MTC,0.0000,256,0,2,0,0.00,2772,0,53.34
840,17,MTC,0.0000,256,0,2,0,0.00,4247,0,53.34
840,18,MTC,0.1024,256,128,2,1,0.00,137,0,53.34
840,19,MTC,0.2048,256,256,2,2,0.00,137,0,53.34
840,20,MTC,0.2048,256,256,2,2,0.00,137,0,53.34
850,1,eMBB,15.8912,18336,19864,12,13,0.00,3069,0,21.66
850,2,eMBB,0.0000,18336,0,12,0,0.00,553630,0,21.66
850,3,eMBB,0.0000,18336,0,12,0,0.00,554631,0,21.66
850,4,eMBB,15.8912,18336,19864,12,13,0.00,56008,0,21.66
850,5,eMBB,0.0000,18336,0,12,0,0.00,562655,0,21.66
850,6,URLLC,0.3744,390,468,5,6,0.00,87,0,25.00
850,7,URLLC,0.3744,390,468,5,6,0.00,87,0,25.00
850,8,URLLC,0.3744,390,468,5,6,0.00,87,0,25.00
850,9,URLLC,0.3744,390,468,5,6,0.00,87,0,25.00
850,10,URLLC,0.0000,390,0,5,0,0.00,3915,0,25.00
850,11,MTC,0.3072,384,384,3,3,0.00,137,0,53.34
850,12,MTC,0.3072,384,384,3,3,0.00,137,0,53.34
850,13,MTC,0.0000,384,0,3,0,0.00,137,0,53.34
850,14,MTC,0.0000,384,0,3,0,0.00,137,0,53.34
850,15,MTC,0.0000,384,0,3,0,0.00,9285,0,53.34
850,16,MTC,0.0000,384,0,3,0,0.00,2772,0,53.34
850,17,MTC,0.0000,384,0,3,0,0.00,4111,0,53.34
850,18,MTC,0.5120,384,640,3,5,0.00,137,0,53.34
850,19,MTC,0.3072,384,384,3,3,0.00,137,0,53.34
850,20,MTC,0.3072,384,384,3,3,0.00,137,0,53.34
860,1,eMBB,14.6688,16808,18336,11,12,0.00,1537,0,21.66
860,2,eMBB,0.0000,16808,0,11,0,0.00,554755,0,21.66
860,3,eMBB,0.0000,16808,0,11,0,0.00,612357,0,21.66
860,4,eMBB,13.4464,16808,16808,11,11,0.00,57087,0,21.66
860,5,eMBB,0.0000,16808,0,11,0,0.00,586819,0,21.66
860,6,URLLC,0.3120,390,390,5,5,0.00,87,0,25.00
860,7,URLLC,0.3120,390,390,5,5,0.00,87,0,25.00
860,8,URLLC,0.3120,390,390,5,5,0.00,87,0,25.00
860,9,URLLC,0.3120,390,390,5,5,0.00,87,0,25.00
860,10,URLLC,0.0000,390,0,5,0,0.00,3915,0,25.00
860,11,MTC,0.3072,256,384,2,3,0.00,137,0,53.34
860,12,MTC,0.3072,256,384,2,3,0.00,137,0,53.34
860,13,MTC,0.0000,256,0,2,0,0.00,401,0,53.34
860,14,MTC,0.0000,256,0,2,0,0.00,137,0,53.34
860,15,MTC,0.0000,256,0,2,0,0.00,9285,0,53.34
860,16,MTC,0.0000,256,0,2,0,0.00,2855,0,53.34
860,17,MTC,0.0000,256,0,2,0,0.00,4111,0,53.34
860,18,MTC,0.0000,256,0,2,0,0.00,137,0,53.34
860,19,MTC,0.3072,256,384,2,3,0.00,137,0,53.34
860,20,MTC,0.3072,256,384,2,3,0.00,137,0,53.34
870,1,eMBB,14.6688,18336,18336,12,12,0.00,1537,0,31.66
870,2,eMBB,0.0000,18336,0,12,0,0.00,580442,0,31.66
870,3,eMBB,0.0000,18336,0,12,0,0.00,631411,0,31.66
870,4,eMBB,14.6688,18336,18336,12,12,0.00,53796,0,31.66
870,5,eMBB,0.0000,18336,0,12,0,0.00,598745,0,31.66
870,6,URLLC,0.3120,390,390,5,5,0.00,87,0,20.00
870,7,URLLC,0.0000,390,0,5,0,0.00,87,0,20.00
870,8,URLLC,0.3120,390,390,5,5,0.00,87,0,20.00
870,9,URLLC,0.3120,390,390,5,5,0.00,87,0,20.00
870,10,URLLC,0.0000,390,0,5,0,0.00,3915,0,20.00
870,11,MTC,0.2048,384,256,3,2,0.00,137,0,48.33
870,12,MTC,0.2048,384,256,3,2,0.00,137,0,48.33
870,13,MTC,0.0000,384,0,3,0,0.00,137,0,48.33
870,14,MTC,2.4576,384,3072,3,24,0.00,137,0,48.33
870,15,MTC,0.0000,384,0,3,0,0.00,9285,0,48.33
870,16,MTC,0.0000,384,0,3,0,0.00,2855,0,48.33
870,17,MTC,0.0000,384,0,3,0,0.00,4086,0,48.33
870,18,MTC,0.0000,384,0,3,0,0.00,137,0,48.33
870,19,MTC,0.2048,384,256,3,2,0.00,137,0,48.33
870,20,MTC,0.2048,384,256,3,2,0.00,137,0,48.33
880,1,eMBB,13.4464,18336,16808,12,11,0.00,1537,0,31.66
880,2,eMBB,0.0000,18336,0,12,0,0.00,597821,0,31.66
880,3,eMBB,0.0000,18336,0,12,0,0.00,654104,0,31.66
880,4,eMBB,20.7808,18336,25976,12,17,0.00,44163,0,31.66
880,5,eMBB,0.0000,18336,0,12,0,0.00,598745,0,31.66
880,6,URLLC,0.3120,390,390,5,5,0.00,87,0,20.00
880,7,URLLC,0.0000,390,0,5,0,0.00,87,0,20.00
880,8,URLLC,0.3120,390,390,5,5,0.00,87,0,20.00
880,9,URLLC,0.3120,390,390,5,5,0.00,87,0,20.00
880,10,URLLC,0.0000,390,0,5,0,0.00,3915,0,20.00
880,11,MTC,0.3072,256,384,2,3,0.00,137,0,48.33
880,12,MTC,0.3072,256,384,2,3,0.00,137,0,48.33
880,13,MTC,0.0000,256,0,2,0,0.00,137,0,48.33
880,14,MTC,0.3072,256,384,2,3,0.00,137,0,48.33
880,15,MTC,0.0000,256,0,2,0,0.00,9285,0,48.33
880,16,MTC,0.0000,256,0,2,0,0.00,2855,0,48.33
880,17,MTC,0.0000,256,0,2,0,0.00,4086,0,48.33
880,18,MTC,0.0000,256,0,2,0,0.00,137,0,48.33
880,19,MTC,0.3072,256,384,2,3,0.00,137,0,48.33
880,20,MTC,0.3072,256,384,2,3,0.00,137,0,48.33
890,1,eMBB,13.4464,16808,16808,11,11,0.00,1537,0,21.66
890,2,eMBB,0.0000,16808,0,11,0,0.00,597821,0,21.66
890,3,eMBB,0.0000,16808,0,11,0,0.00,668789,0,21.66
890,4,eMBB,15.8912,16808,19864,11,13,0.00,39068,0,21.66
890,5,eMBB,6.1120,16808,7640,11,5,0.00,648463,0,21.66
890,6,URLLC,0.3120,390,390,5,5,0.00,87,0,25.00
890,7,URLLC,0.0000,390,0,5,0,0.00,87,0,25.00
890,8,URLLC,0.3120,390,390,5,5,0.00,87,0,25.00
890,9,URLLC,0.3120,390,390,5,5,0.00,87,0,25.00
890,10,URLLC,0.0000,390,0,5,0,0.00,5805,0,25.00
890,11,MTC,0.2048,384,256,3,2,0.00,137,0,53.34
890,12,MTC,0.2048,384,256,3,2,0.00,137,0,53.34
890,13,MTC,0.0000,384,0,3,0,0.00,137,0,53.34
890,14,MTC,0.0000,384,0,3,0,0.00,137,0,53.34
890,15,MTC,0.0000,384,0,3,0,0.00,9285,0,53.34
890,16,MTC,0.0000,384,0,3,0,0.00,137,0,53.34
890,17,MTC,0.0000,384,0,3,0,0.00,4086,0,53.34
890,18,MTC,0.0000,384,0,3,0,0.00,137,0,53.34
890,19,MTC,0.2048,384,256,3,2,0.00,137,0,53.34
890,20,MTC,0.2048,384,256,3,2,0.00,137,0,53.34
900,1,eMBB,13.4464,18336,16808,12,11,0.00,256,0,16.67
900,2,eMBB,0.0000,18336,0,12,0,0.00,624985,0,16.67
900,3,eMBB,0.0000,18336,0,12,0,0.00,677801,0,16.67
900,4,eMBB,14.6688,18336,18336,12,12,0.00,42565,0,16.67
900,5,eMBB,0.0000,18336,0,12,0,0.00,658179,0,16.67
900,6,URLLC,0.2496,390,312,5,4,0.00,87,0,70.00
900,7,URLLC,0.0624,390,78,5,1,0.00,87,0,70.00
900,8,URLLC,0.2496,390,312,5,4,0.00,87,0,70.00
900,9,URLLC,0.2496,390,312,5,4,0.00,87,0,70.00
900,10,URLLC,0.0000,390,0,5,0,0.00,5805,0,70.00
900,11,MTC,0.2048,256,256,2,2,0.00,137,0,13.34
900,12,MTC,0.2048,256,256,2,2,0.00,137,0,13.34
900,13,MTC,1.5360,256,1920,2,15,0.00,269,0,13.34
900,14,MTC,0.4096,256,512,2,4,0.00,39,0,13.34
900,15,MTC,0.0000,256,0,2,0,0.00,9285,0,13.34
900,16,MTC,0.0000,256,0,2,0,0.00,137,0,13.34
900,17,MTC,0.0000,256,0,2,0,0.00,4086,0,13.34
900,18,MTC,0.0000,256,0,2,0,0.00,39,0,13.34
900,19,MTC,0.2048,256,256,2,2,0.00,137,0,13.34
900,20,MTC,0.2048,256,256,2,2,0.00,137,0,13.34
910,1,eMBB,14.6688,18336,18336,12,12,0.00,3152,0,31.66
910,2,eMBB,0.0000,18336,0,12,0,0.00,643181,0,31.66
910,3,eMBB,0.0000,18336,0,12,0,0.00,694412,0,31.66
910,4,eMBB,19.5584,18336,24448,12,16,0.00,38955,0,31.66
910,5,eMBB,0.0000,18336,0,12,0,0.00,683455,0,31.66
910,6,URLLC,0.3120,390,390,5,5,0.00,87,0,55.00
910,7,URLLC,0.0000,390,0,5,0,0.00,87,0,55.00
910,8,URLLC,0.3120,390,390,5,5,0.00,87,0,55.00
910,9,URLLC,0.3120,390,390,5,5,0.00,87,0,55.00
910,10,URLLC,0.0000,390,0,5,0,0.00,5805,0,55.00
910,11,MTC,0.3072,384,384,3,3,0.00,137,0,13.33
910,12,MTC,0.3072,384,384,3,3,0.00,137,0,13.33
910,13,MTC,0.0000,384,0,3,0,0.00,137,0,13.33
910,14,MTC,0.3072,384,384,3,3,0.00,137,0,13.33
910,15,MTC,0.0000,384,0,3,0,0.00,9285,0,13.33
910,16,MTC,0.0000,384,0,3,0,0.00,137,0,13.33
910,17,MTC,0.0000,384,0,3,0,0.00,4516,0,13.33
910,18,MTC,0.0000,384,0,3,0,0.00,137,0,13.33
910,19,MTC,0.3072,384,384,3,3,0.00,137,0,13.33
910,20,MTC,0.3072,384,384,3,3,0.00,137,0,13.33
920,1,eMBB,14.6688,16808,18336,11,12,0.00,4601,0,31.66
920,2,eMBB,0.0000,16808,0,11,0,0.00,643181,0,31.66
920,3,eMBB,0.0000,16808,0,11,0,0.00,694412,0,31.66
920,4,eMBB,14.6688,16808,18336,11,12,0.00,39116,0,31.66
920,5,eMBB,0.0000,16808,0,11,0,0.00,698892,0,31.66
920,6,URLLC,0.3744,390,468,5,6,0.00,87,0,55.00
920,7,URLLC,1.8096,390,2262,5,29,0.00,87,0,55.00
920,8,URLLC,0.3744,390,468,5,6,0.00,87,0,55.00
920,9,URLLC,0.3744,390,468,5,6,0.00,87,0,55.00
920,10,URLLC,0.0000,390,0,5,0,0.00,6711,0,55.00
920,11,MTC,0.3072,256,384,2,3,0.00,137,0,13.33
920,12,MTC,0.3072,256,384,2,3,0.00,137,0,13.33
920,13,MTC,0.0000,256,0,2,0,0.00,39,0,13.33
920,14,MTC,0.1024,256,128,2,1,0.00,137,0,13.33
920,15,MTC,0.0000,256,0,2,0,0.00,9285,0,13.33
920,16,MTC,0.0000,256,0,2,0,0.00,137,0,13.33
920,17,MTC,0.0000,256,0,2,0,0.00,4483,0,13.33
920,18,MTC,0.0000,256,0,2,0,0.00,39,0,13.33
920,19,MTC,0.3072,256,384,2,3,0.00,137,0,13.33
920,20,MTC,0.3072,256,384,2,3,0.00,137,0,13.33
930,1,eMBB,15.8912,18336,19864,12,13,0.00,1537,0,31.66
930,2,eMBB,0.0000,18336,0,12,0,0.00,680479,0,31.66
930,3,eMBB,0.0000,18336,0,12,0,0.00,725042,0,31.66
930,4,eMBB,17.1136,18336,21392,12,14,0.00,33916,0,31.66
930,5,eMBB,0.0000,18336,0,12,0,0.00,698892,0,31.66
930,6,URLLC,0.3120,390,390,5,5,0.00,87,0,55.00
930,7,URLLC,0.3120,390,390,5,5,0.00,87,0,55.00
930,8,URLLC,0.3120,390,390,5,5,0.00,87,0,55.00
930,9,URLLC,0.3120,390,390,5,5,0.00,87,0,55.00
930,10,URLLC,0.0000,390,0,5,0,0.00,6711,0,55.00
930,11,MTC,0.2048,384,256,3,2,0.00,137,0,13.33
930,12,MTC,0.2048,384,256,3,2,0.00,137,0,13.33
930,13,MTC,0.0000,384,0,3,0,0.00,344,0,13.33
930,14,MTC,0.2048,384,256,3,2,0.00,153,0,13.33
930,15,MTC,0.0000,384,0,3,0,0.00,11690,0,13.33
930,16,MTC,0.0000,384,0,3,0,0.00,137,0,13.33
930,17,MTC,0.0000,384,0,3,0,0.00,4434,0,13.33
930,18,MTC,0.0000,384,0,3,0,0.00,56,0,13.33
930,19,MTC,0.2048,384,256,3,2,0.00,137,0,13.33
930,20,MTC,0.2048,384,256,3,2,0.00,137,0,13.33
940,1,eMBB,13.4464,18336,16808,12,11,0.00,1537,0,21.66
940,2,eMBB,0.0000,18336,0,12,0,0.00,698373,0,21.66
940,3,eMBB,0.0000,18336,0,12,0,0.00,750125,0,21.66
940,4,eMBB,13.4464,18336,16808,12,11,0.00,34941,0,21.66
940,5,eMBB,0.0000,18336,0,12,0,0.00,716786,0,21.66
940,6,URLLC,0.3120,390,390,5,5,0.00,87,0,25.00
940,7,URLLC,0.3120,390,390,5,5,0.00,87,0,25.00
940,8,URLLC,0.3120,390,390,5,5,0.00,87,0,25.00
940,9,URLLC,0.3120,390,390,5,5,0.00,87,0,25.00
940,10,URLLC,0.0000,390,0,5,0,0.00,6711,0,25.00
940,11,MTC,0.3072,256,384,2,3,0.00,137,0,53.34
940,12,MTC,0.3072,256,384,2,3,0.00,137,0,53.34
940,13,MTC,0.0000,256,0,2,0,0.00,137,0,53.34
940,14,MTC,0.4096,256,512,2,4,0.00,137,0,53.34
940,15,MTC,0.0000,256,0,2,0,0.00,11690,0,53.34
940,16,MTC,0.0000,256,0,2,0,0.00,1589,0,53.34
940,17,MTC,0.0000,256,0,2,0,0.00,4434,0,53.34
940,18,MTC,0.0000,256,0,2,0,0.00,137,0,53.34
940,19,MTC,0.3072,256,384,2,3,0.00,137,0,53.34
940,20,MTC,0.3072,256,384,2,3,0.00,137,0,53.34
950,1,eMBB,14.6688,16808,18336,11,12,0.00,1537,0,21.66
950,2,eMBB,0.0000,16808,0,11,0,0.00,698373,0,21.66
950,3,eMBB,0.0000,16808,0,11,0,0.00,752882,0,21.66
950,4,eMBB,13.4464,16808,16808,11,11,0.00,32953,0,21.66
950,5,eMBB,0.0000,16808,0,11,0,0.00,740968,0,21.66
950,6,URLLC,0.3120,390,390,5,5,0.00,87,0,25.00
950,7,URLLC,0.3120,390,390,5,5,0.00,87,0,25.00
950,8,URLLC,0.3120,390,390,5,5,0.00,87,0,25.00
950,9,URLLC,0.3120,390,390,5,5,0.00,87,0,25.00
950,10,URLLC,0.0000,390,0,5,0,0.00,6711,0,25.00
950,11,MTC,0.2048,384,256,3,2,0.00,137,0,53.34
950,12,MTC,0.2048,384,256,3,2,0.00,137,0,53.34
950,13,MTC,0.0000,384,0,3,0,0.00,269,0,53.34
950,14,MTC,0.0000,384,0,3,0,0.00,137,0,53.34
950,15,MTC,0.0000,384,0,3,0,0.00,11512,0,53.34
950,16,MTC,0.0000,384,0,3,0,0.00,1589,0,53.34
950,17,MTC,0.0000,384,0,3,0,0.00,4434,0,53.34
950,18,MTC,0.0000,384,0,3,0,0.00,137,0,53.34
950,19,MTC,0.2048,384,256,3,2,0.00,137,0,53.34
950,20,MTC,0.2048,384,256,3,2,0.00,137,0,53.34
960,1,eMBB,11.0016,18336,13752,12,9,0.00,3055,0,21.66
960,2,eMBB,0.0000,18336,0,12,0,0.00,722041,0,21.66
960,3,eMBB,0.0000,18336,0,12,0,0.00,772185,0,21.66
960,4,eMBB,20.7808,18336,25976,12,17,0.00,24200,0,21.66
960,5,eMBB,0.0000,18336,0,12,0,0.00,759939,0,21.66
960,6,URLLC,0.3120,390,390,5,5,0.00,87,0,25.00
960,7,URLLC,0.3120,390,390,5,5,0.00,87,0,25.00
960,8,URLLC,0.3120,390,390,5,5,0.00,87,0,25.00
960,9,URLLC,0.3120,390,390,5,5,0.00,87,0,25.00
960,10,URLLC,0.0000,390,0,5,0,0.00,7833,0,25.00
960,11,MTC,0.3072,256,384,2,3,0.00,137,0,53.34
960,12,MTC,0.3072,256,384,2,3,0.00,137,0,53.34
960,13,MTC,0.0000,256,0,2,0,0.00,269,0,53.34
960,14,MTC,0.3072,256,384,2,3,0.00,137,0,53.34
960,15,MTC,0.0000,256,0,2,0,0.00,11512,0,53.34
960,16,MTC,0.0000,256,0,2,0,0.00,1589,0,53.34
960,17,MTC,0.0000,256,0,2,0,0.00,4434,0,53.34
960,18,MTC,2.3552,256,2944,2,23,0.00,137,0,53.34
960,19,MTC,0.3072,256,384,2,3,0.00,137,0,53.34
960,20,MTC,0.3072,256,384,2,3,0.00,137,0,53.34
970,1,eMBB,15.8912,18336,19864,12,13,0.00,1537,0,16.66
970,2,eMBB,0.0000,18336,0,12,0,0.00,747523,0,16.66
970,3,eMBB,0.0000,18336,0,12,0,0.00,802189,0,16.66
970,4,eMBB,15.8912,18336,19864,12,13,0.00,24426,0,16.66
970,5,eMBB,0.0000,18336,0,12,0,0.00,782894,0,16.66
970,6,URLLC,0.2496,390,312,5,4,0.00,87,0,25.00
970,7,URLLC,0.2496,390,312,5,4,0.00,87,0,25.00
970,8,URLLC,0.2496,390,312,5,4,0.00,87,0,25.00
970,9,URLLC,0.2496,390,312,5,4,0.00,87,0,25.00
970,10,URLLC,0.0000,390,0,5,0,0.00,7833,0,25.00
970,11,MTC,0.2048,384,256,3,2,0.00,137,0,58.34
970,12,MTC,0.2048,384,256,3,2,0.00,137,0,58.34
970,13,MTC,0.0000,384,0,3,0,0.00,269,0,58.34
970,14,MTC,0.1024,384,128,3,1,0.00,137,0,58.34
970,15,MTC,0.0000,384,0,3,0,0.00,11512,0,58.34
970,16,MTC,0.0000,384,0,3,0,0.00,2296,0,58.34
970,17,MTC,0.0000,384,0,3,0,0.00,5524,0,58.34
970,18,MTC,0.2048,384,256,3,2,0.00,137,0,58.34
970,19,MTC,0.2048,384,256,3,2,0.00,137,0,58.34
970,20,MTC,0.2048,384,256,3,2,0.00,137,0,58.34
980,1,eMBB,14.6688,16808,18336,11,12,0.00,3699,0,21.66
980,2,eMBB,0.0000,16808,0,11,0,0.00,772292,0,21.66
980,3,eMBB,0.0000,16808,0,11,0,0.00,819356,0,21.66
980,4,eMBB,17.1136,16808,21392,11,14,0.00,23177,0,21.66
980,5,eMBB,0.0000,16808,0,11,0,0.00,788407,0,21.66
980,6,URLLC,0.3120,390,390,5,5,0.00,87,0,25.00
980,7,URLLC,0.3120,390,390,5,5,0.00,87,0,25.00
980,8,URLLC,0.3120,390,390,5,5,0.00,87,0,25.00
980,9,URLLC,0.3120,390,390,5,5,0.00,87,0,25.00
980,10,URLLC,0.0000,390,0,5,0,0.00,7833,0,25.00
980,11,MTC,0.2048,256,256,2,2,0.00,137,0,53.34
980,12,MTC,0.2048,256,256,2,2,0.00,137,0,53.34
980,13,MTC,0.0000,256,0,2,0,0.00,137,0,53.34
980,14,MTC,0.5120,256,640,2,5,0.00,137,0,53.34
980,15,MTC,0.0000,256,0,2,0,0.00,11512,0,53.34
980,16,MTC,0.0000,256,0,2,0,0.00,2175,0,53.34
980,17,MTC,0.0000,256,0,2,0,0.00,5524,0,53.34
980,18,MTC,0.3072,256,384,2,3,0.00,137,0,53.34
980,19,MTC,0.2048,256,256,2,2,0.00,137,0,53.34
980,20,MTC,0.2048,256,256,2,2,0.00,137,0,53.34
990,1,eMBB,14.6688,18336,18336,12,12,0.00,3069,0,21.66
990,2,eMBB,0.0000,18336,0,12,0,0.00,772292,0,21.66
990,3,eMBB,0.0000,18336,0,12,0,0.00,824393,0,21.66
990,4,eMBB,13.4464,18336,16808,12,11,0.00,23247,0,21.66
990,5,eMBB,0.0000,18336,0,12,0,0.00,818325,0,21.66
990,6,URLLC,0.3744,390,468,5,6,0.00,87,0,25.00
990,7,URLLC,0.3744,390,468,5,6,0.00,87,0,25.00
990,8,URLLC,0.3744,390,468,5,6,0.00,87,0,25.00
990,9,URLLC,0.3744,390,468,5,6,0.00,87,0,25.00
990,10,URLLC,0.0000,390,0,5,0,0.00,8921,0,25.00
990,11,MTC,0.3072,384,384,3,3,0.00,137,0,53.34
990,12,MTC,0.3072,384,384,3,3,0.00,137,0,53.34
990,13,MTC,0.0000,384,0,3,0,0.00,137,0,53.34
990,14,MTC,0.2048,384,256,3,2,0.00,137,0,53.34
990,15,MTC,0.0000,384,0,3,0,0.00,10439,0,53.34
990,16,MTC,0.0000,384,0,3,0,0.00,2175,0,53.34
990,17,MTC,0.0000,384,0,3,0,0.00,5524,0,53.34
990,18,MTC,0.2048,384,256,3,2,0.00,137,0,53.34
990,19,MTC,0.3072,384,384,3,3,0.00,137,0,53.34
990,20,MTC,0.3072,384,384,3,3,0.00,137,0,53.34
1000,1,eMBB,14.6688,18336,18336,12,12,0.00,862,0,16.66
1000,2,eMBB,0.0000,18336,0,12,0,0.00,802598,0,16.66
1000,3,eMBB,0.0000,18336,0,12,0,0.00,847758,0,16.66
1000,4,eMBB,15.8912,18336,19864,12,13,0.00,21466,0,16.66
1000,5,eMBB,0.0000,18336,0,12,0,0.00,818325,0,16.66
1000,6,URLLC,0.3120,390,390,5,5,0.00,87,0,25.00
1000,7,URLLC,0.3120,390,390,5,5,0.00,87,0,25.00
1000,8,URLLC,0.3120,390,390,5,5,0.00,87,0,25.00
1000,9,URLLC,0.3120,390,390,5,5,0.00,87,0,25.00
1000,10,URLLC,0.0000,390,0,5,0,0.00,8921,0,25.00
1000,11,MTC,0.3072,256,384,2,3,0.00,137,0,58.34
1000,12,MTC,0.3072,256,384,2,3,0.00,137,0,58.34
1000,13,MTC,2.1504,256,2688,2,21,0.00,137,0,58.34
1000,14,MTC,0.5120,256,640,2,5,0.00,137,0,58.34
1000,15,MTC,0.0000,256,0,2,0,0.00,10439,0,58.34
1000,16,MTC,0.0000,256,0,2,0,0.00,1280,0,58.34
1000,17,MTC,0.0000,256,0,2,0,0.00,5524,0,58.34
1000,18,MTC,0.3072,256,384,2,3,0.00,137,0,58.34
1000,19,MTC,0.3072,256,384,2,3,0.00,137,0,58.34
1000,20,MTC,0.3072,256,384,2,3,0.00,137,0,58.34
1010,1,eMBB,14.6688,16808,18336,11,12,0.00,1537,0,16.66
1010,2,eMBB,0.0000,16808,0,11,0,0.00,819191,0,16.66
1010,3,eMBB,0.0000,16808,0,11,0,0.00,865793,0,16.66
1010,4,eMBB,18.3360,16808,22920,11,15,0.00,16613,0,16.66
1010,5,eMBB,0.0000,16808,0,11,0,0.00,844039,0,16.66
1010,6,URLLC,0.3120,390,390,5,5,0.00,87,0,25.00
1010,7,URLLC,0.3120,390,390,5,5,0.00,87,0,25.00
1010,8,URLLC,0.3120,390,390,5,5,0.00,87,0,25.00
1010,9,URLLC,0.3120,390,390,5,5,0.00,87,0,25.00
1010,10,URLLC,0.0000,390,0,5,0,0.00,8921,0,25.00
1010,11,MTC,0.2048,384,256,3,2,0.00,137,0,58.34
1010,12,MTC,0.2048,384,256,3,2,0.00,137,0,58.34
1010,13,MTC,0.0000,384,0,3,0,0.00,665,0,58.34
1010,14,MTC,0.1024,384,128,3,1,0.00,137,0,58.34
1010,15,MTC,0.0000,384,0,3,0,0.00,9829,0,58.34
1010,16,MTC,0.0000,384,0,3,0,0.00,1142,0,58.34
1010,17,MTC,0.0000,384,0,3,0,0.00,5524,0,58.34
1010,18,MTC,0.3072,384,384,3,3,0.00,137,0,58.34
1010,19,MTC,0.2048,384,256,3,2,0.00,137,0,58.34
1010,20,MTC,0.2048,384,256,3,2,0.00,137,0,58.34
1020,1,eMBB,13.4464,18336,16808,12,11,0.00,1537,0,21.66
1020,2,eMBB,0.0000,18336,0,12,0,0.00,819191,0,21.66
1020,3,eMBB,0.0000,18336,0,12,0,0.00,879152,0,21.66
1020,4,eMBB,12.2240,18336,15280,12,10,0.00,16949,0,21.66
1020,5,eMBB,0.0000,18336,0,12,0,0.00,862182,0,21.66
1020,6,URLLC,0.3120,390,390,5,5,0.00,87,0,65.00
1020,7,URLLC,0.3120,390,390,5,5,0.00,87,0,65.00
1020,8,URLLC,0.3120,390,390,5,5,0.00,87,0,65.00
1020,9,URLLC,0.3120,390,390,5,5,0.00,87,0,65.00
1020,10,URLLC,0.0000,390,0,5,0,0.00,6759,0,65.00
1020,11,MTC,0.3072,256,384,2,3,0.00,137,0,13.33
1020,12,MTC,0.3072,256,384,2,3,0.00,137,0,13.33
1020,13,MTC,0.0000,256,0,2,0,0.00,56,0,13.33
1020,14,MTC,0.2048,256,256,2,2,0.00,137,0,13.33
1020,15,MTC,0.0000,256,0,2,0,0.00,9829,0,13.33
1020,16,MTC,0.0000,256,0,2,0,0.00,1142,0,13.33
1020,17,MTC,0.0000,256,0,2,0,0.00,5524,0,13.33
1020,18,MTC,0.2048,256,256,2,2,0.00,21,0,13.33
1020,19,MTC,0.3072,256,384,2,3,0.00,137,0,13.33
1020,20,MTC,0.3072,256,384,2,3,0.00,137,0,13.33
1030,1,eMBB,12.2240,18336,15280,12,10,0.00,1537,0,31.66
1030,2,eMBB,0.0000,18336,0,12,0,0.00,819191,0,31.66
1030,3,eMBB,0.0000,18336,0,12,0,0.00,896680,0,31.66
1030,4,eMBB,13.4464,18336,16808,12,11,0.00,17838,0,31.66
1030,5,eMBB,0.0000,18336,0,12,0,0.00,881242,0,31.66
1030,6,URLLC,0.3120,390,390,5,5,0.00,87,0,40.00
1030,7,URLLC,0.3120,390,390,5,5,0.00,87,0,40.00
1030,8,URLLC,0.3120,390,390,5,5,0.00,87,0,40.00
1030,9,URLLC,0.3120,390,390,5,5,0.00,87,0,40.00
1030,10,URLLC,0.0000,390,0,5,0,0.00,1667,0,40.00
1030,11,MTC,0.2048,384,256,3,2,0.00,137,0,28.34
1030,12,MTC,0.2048,384,256,3,2,0.00,137,0,28.34
1030,13,MTC,0.0000,384,0,3,0,0.00,137,0,28.34
1030,14,MTC,0.1024,384,128,3,1,0.00,137,0,28.34
1030,15,MTC,0.0000,384,0,3,0,0.00,10158,0,28.34
1030,16,MTC,0.0000,384,0,3,0,0.00,1142,0,28.34
1030,17,MTC,0.0000,384,0,3,0,0.00,2623,0,28.34
1030,18,MTC,0.1024,384,128,3,1,0.00,137,0,28.34
1030,19,MTC,0.2048,384,256,3,2,0.00,137,0,28.34
1030,20,MTC,0.2048,384,256,3,2,0.00,137,0,28.34
1040,1,eMBB,14.6688,16808,18336,11,12,0.00,1537,0,16.66
1040,2,eMBB,0.0000,16808,0,11,0,0.00,875616,0,16.66
1040,3,eMBB,0.0000,16808,0,11,0,0.00,916106,0,16.66
1040,4,eMBB,13.4464,16808,16808,11,11,0.00,20072,0,16.66
1040,5,eMBB,0.0000,16808,0,11,0,0.00,897495,0,16.66
1040,6,URLLC,0.2496,390,312,5,4,0.00,87,0,55.00
1040,7,URLLC,0.2496,390,312,5,4,0.00,87,0,55.00
1040,8,URLLC,0.2496,390,312,5,4,0.00,87,0,55.00
1040,9,URLLC,0.2496,390,312,5,4,0.00,87,0,55.00
1040,10,URLLC,0.0000,390,0,5,0,0.00,1691,0,55.00
1040,11,MTC,0.2048,256,256,2,2,0.00,137,0,28.34
1040,12,MTC,0.2048,256,256,2,2,0.00,137,0,28.34
1040,13,MTC,0.0000,256,0,2,0,0.00,137,0,28.34
1040,14,MTC,0.0000,256,0,2,0,0.00,137,0,28.34
1040,15,MTC,0.0000,256,0,2,0,0.00,10158,0,28.34
1040,16,MTC,0.0000,256,0,2,0,0.00,1142,0,28.34
1040,17,MTC,0.0000,256,0,2,0,0.00,508,0,28.34
1040,18,MTC,0.0000,256,0,2,0,0.00,137,0,28.34
1040,19,MTC,0.2048,256,256,2,2,0.00,137,0,28.34
1040,20,MTC,0.2048,256,256,2,2,0.00,137,0,28.34
1050,1,eMBB,14.6688,18336,18336,12,12,0.00,4601,0,66.67
1050,2,eMBB,0.0000,18336,0,12,0,0.00,893741,0,66.67
1050,3,eMBB,0.0000,18336,0,12,0,0.00,922192,0,66.67
1050,4,eMBB,20.7808,18336,25976,12,17,0.00,10738,0,66.67
1050,5,eMBB,0.0000,18336,0,12,0,0.00,897495,0,66.67
1050,6,URLLC,0.3120,390,390,5,5,0.00,87,0,20.00
1050,7,URLLC,0.3120,390,390,5,5,0.00,87,0,20.00
1050,8,URLLC,0.3120,390,390,5,5,0.00,87,0,20.00
1050,9,URLLC,0.3120,390,390,5,5,0.00,87,0,20.00
1050,10,URLLC,0.0000,390,0,5,0,0.00,1344,0,20.00
1050,11,MTC,0.3072,384,384,3,3,0.00,137,0,13.34
1050,12,MTC,0.3072,384,384,3,3,0.00,137,0,13.34
1050,13,MTC,0.0000,384,0,3,0,0.00,21,0,13.34
1050,14,MTC,0.3072,384,384,3,3,0.00,137,0,13.34
1050,15,MTC,0.0000,384,0,3,0,0.00,10158,0,13.34
1050,16,MTC,0.0000,384,0,3,0,0.00,1142,0,13.34
1050,17,MTC,0.0000,384,0,3,0,0.00,508,0,13.34
1050,18,MTC,0.4096,384,512,3,4,0.00,137,0,13.34
1050,19,MTC,0.3072,384,384,3,3,0.00,137,0,13.34
1050,20,MTC,0.3072,384,384,3,3,0.00,137,0,13.34
1060,1,eMBB,15.8912,18336,19864,12,13,0.00,3069,0,66.67
1060,2,eMBB,0.0000,18336,0,12,0,0.00,893741,0,66.67
1060,3,eMBB,0.0000,18336,0,12,0,0.00,949482,0,66.67
1060,4,eMBB,23.2256,18336,29032,12,19,0.00,3069,0,66.67
1060,5,eMBB,0.0000,18336,0,12,0,0.00,932819,0,66.67
1060,6,URLLC,0.3744,390,468,5,6,0.00,87,0,20.00
1060,7,URLLC,0.3744,390,468,5,6,0.00,87,0,20.00
1060,8,URLLC,0.3744,390,468,5,6,0.00,87,0,20.00
1060,9,URLLC,0.3744,390,468,5,6,0.00,87,0,20.00
1060,10,URLLC,0.0000,390,0,5,0,0.00,1344,0,20.00
1060,11,MTC,0.3072,256,384,2,3,0.00,137,0,13.34
1060,12,MTC,0.3072,256,384,2,3,0.00,137,0,13.34
1060,13,MTC,0.0000,256,0,2,0,0.00,21,0,13.34
1060,14,MTC,0.1024,256,128,2,1,0.00,137,0,13.34
1060,15,MTC,0.0000,256,0,2,0,0.00,10158,0,13.34
1060,16,MTC,0.0000,256,0,2,0,0.00,2321,0,13.34
1060,17,MTC,0.0000,256,0,2,0,0.00,508,0,13.34
1060,18,MTC,0.3072,256,384,2,3,0.00,137,0,13.34
1060,19,MTC,0.3072,256,384,2,3,0.00,137,0,13.34
1060,20,MTC,0.3072,256,384,2,3,0.00,137,0,13.34
1070,1,eMBB,14.6688,16808,18336,11,12,0.00,1537,0,66.67
1070,2,eMBB,0.0000,16808,0,11,0,0.00,916696,0,66.67
1070,3,eMBB,0.0000,16808,0,11,0,0.00,949482,0,66.67
1070,4,eMBB,14.6688,16808,18336,11,12,0.00,1537,0,66.67
1070,5,eMBB,0.0000,16808,0,11,0,0.00,932819,0,66.67
1070,6,URLLC,0.3120,390,390,5,5,0.00,87,0,20.00
1070,7,URLLC,0.3120,390,390,5,5,0.00,87,0,20.00
1070,8,URLLC,0.3120,390,390,5,5,0.00,87,0,20.00
1070,9,URLLC,0.3120,390,390,5,5,0.00,87,0,20.00
1070,10,URLLC,0.0000,390,0,5,0,0.00,1993,0,20.00
1070,11,MTC,0.2048,384,256,3,2,0.00,137,0,13.34
1070,12,MTC,0.2048,384,256,3,2,0.00,137,0,13.34
1070,13,MTC,0.0000,384,0,3,0,0.00,401,0,13.34
1070,14,MTC,0.6144,384,768,3,6,0.00,72,0,13.34
1070,15,MTC,0.0000,384,0,3,0,0.00,9104,0,13.34
1070,16,MTC,0.0000,384,0,3,0,0.00,2321,0,13.34
1070,17,MTC,0.0000,384,0,3,0,0.00,508,0,13.34
1070,18,MTC,0.5120,384,640,3,5,0.00,137,0,13.34
1070,19,MTC,0.2048,384,256,3,2,0.00,137,0,13.34
1070,20,MTC,0.2048,384,256,3,2,0.00,137,0,13.34
1080,1,eMBB,14.6688,18336,18336,12,12,0.00,1537,0,66.67
1080,2,eMBB,0.0000,18336,0,12,0,0.00,934037,0,66.67
1080,3,eMBB,0.0000,18336,0,12,0,0.00,949482,0,66.67
1080,4,eMBB,13.4464,18336,16808,12,11,0.00,346,0,66.67
1080,5,eMBB,0.0000,18336,0,12,0,0.00,970076,0,66.67
1080,6,URLLC,0.3120,390,390,5,5,0.00,87,0,20.00
1080,7,URLLC,0.3120,390,390,5,5,0.00,87,0,20.00
1080,8,URLLC,0.3120,390,390,5,5,0.00,87,0,20.00
1080,9,URLLC,0.3120,390,390,5,5,0.00,87,0,20.00
1080,10,URLLC,0.0000,390,0,5,0,0.00,513,0,20.00
1080,11,MTC,0.3072,256,384,2,3,0.00,137,0,13.34
1080,12,MTC,0.3072,256,384,2,3,0.00,137,0,13.34
1080,13,MTC,0.0000,256,0,2,0,0.00,401,0,13.34
1080,14,MTC,0.2048,256,256,2,2,0.00,39,0,13.34
1080,15,MTC,0.0000,256,0,2,0,0.00,9287,0,13.34
1080,16,MTC,0.0000,256,0,2,0,0.00,2883,0,13.34
1080,17,MTC,0.0000,256,0,2,0,0.00,1325,0,13.34
1080,18,MTC,0.0000,256,0,2,0,0.00,39,0,13.34
1080,19,MTC,0.3072,256,384,2,3,0.00,137,0,13.34
1080,20,MTC,0.3072,256,384,2,3,0.00,137,0,13.34
1090,1,eMBB,13.4464,18336,16808,12,11,0.00,1537,0,66.67
1090,2,eMBB,0.0000,18336,0,12,0,0.00,959037,0,66.67
1090,3,eMBB,0.0000,18336,0,12,0,0.00,991824,0,66.67
1090,4,eMBB,13.4464,18336,16808,12,11,0.00,2358,0,66.67
1090,5,eMBB,3.6672,18336,4584,12,3,0.00,981289,0,66.67
1090,6,URLLC,0.3120,390,390,5,5,0.00,87,0,20.00
1090,7,URLLC,0.3120,390,390,5,5,0.00,87,0,20.00
1090,8,URLLC,0.3120,390,390,5,5,0.00,87,0,20.00
1090,9,URLLC,0.3120,390,390,5,5,0.00,87,0,20.00
1090,10,URLLC,0.0000,390,0,5,0,0.00,513,0,20.00
1090,11,MTC,0.2048,384,256,3,2,0.00,137,0,13.34
1090,12,MTC,0.2048,384,256,3,2,0.00,137,0,13.34
1090,13,MTC,0.0000,384,0,3,0,0.00,137,0,13.34
1090,14,MTC,0.2048,384,256,3,2,0.00,21,0,13.34
1090,15,MTC,0.0000,384,0,3,0,0.00,9620,0,13.34
1090,16,MTC,0.0000,384,0,3,0,0.00,2883,0,13.34
1090,17,MTC,0.0000,384,0,3,0,0.00,1325,0,13.34
1090,18,MTC,0.3072,384,384,3,3,0.00,113,0,13.34
1090,19,MTC,0.2048,384,256,3,2,0.00,137,0,13.34
1090,20,MTC,0.2048,384,256,3,2,0.00,137,0,13.34
1100,1,eMBB,14.6688,16808,18336,11,12,0.00,1537,0,66.67
1100,2,eMBB,0.0000,16808,0,11,0,0.00,976092,0,66.67
1100,3,eMBB,0.0000,16808,0,11,0,0.00,991824,0,66.67
1100,4,eMBB,14.6688,16808,18336,11,12,0.00,1537,0,66.67
1100,5,eMBB,0.0000,16808,0,11,0,0.00,981289,0,66.67
1100,6,URLLC,0.3120,390,390,5,5,0.00,87,0,20.00
1100,7,URLLC,0.3120,390,390,5,5,0.00,87,0,20.00
1100,8,URLLC,0.3120,390,390,5,5,0.00,87,0,20.00
1100,9,URLLC,0.3120,390,390,5,5,0.00,87,0,20.00
1100,10,URLLC,0.0000,390,0,5,0,0.00,513,0,20.00
1100,11,MTC,0.3072,256,384,2,3,0.00,137,0,13.34
1100,12,MTC,0.3072,256,384,2,3,0.00,137,0,13.34
1100,13,MTC,2.5600,256,3200,2,25,0.00,401,0,13.34
1100,14,MTC,0.1024,256,128,2,1,0.00,137,0,13.34
1100,15,MTC,0.0000,256,0,2,0,0.00,9620,0,13.34
1100,16,MTC,0.0000,256,0,2,0,0.00,3163,0,13.34
1100,17,MTC,0.0000,256,0,2,0,0.00,2186,0,13.34
1100,18,MTC,0.1024,256,128,2,1,0.00,137,0,13.34
1100,19,MTC,0.3072,256,384,2,3,0.00,137,0,13.34
1100,20,MTC,0.3072,256,384,2,3,0.00,137,0,13.34
1110,1,eMBB,12.2240,18336,15280,12,10,0.00,1537,0,66.67
1110,2,eMBB,0.0000,18336,0,12,0,0.00,978331,0,66.67
1110,3,eMBB,0.0000,18336,0,12,0,0.00,1021492,0,66.67
1110,4,eMBB,13.4464,18336,16808,12,11,0.00,1119,0,66.67
1110,5,eMBB,0.0000,18336,0,12,0,0.00,1024745,0,66.67
1110,6,URLLC,0.2496,390,312,5,4,0.00,87,0,20.00
1110,7,URLLC,0.2496,390,312,5,4,0.00,87,0,20.00
1110,8,URLLC,0.2496,390,312,5,4,0.00,87,0,20.00
1110,9,URLLC,0.2496,390,312,5,4,0.00,87,0,20.00
1110,10,URLLC,0.0000,390,0,5,0,0.00,513,0,20.00
1110,11,MTC,0.2048,384,256,3,2,0.00,137,0,13.34
1110,12,MTC,0.2048,384,256,3,2,0.00,137,0,13.34
1110,13,MTC,0.0000,384,0,3,0,0.00,401,0,13.34
1110,14,MTC,0.3072,384,384,3,3,0.00,32,0,13.34
1110,15,MTC,0.0000,384,0,3,0,0.00,9620,0,13.34
1110,16,MTC,0.0000,384,0,3,0,0.00,3461,0,13.34
1110,17,MTC,0.0000,384,0,3,0,0.00,2186,0,13.34
1110,18,MTC,0.2048,384,256,3,2,0.00,137,0,13.34
1110,19,MTC,0.2048,384,256,3,2,0.00,137,0,13.34
1110,20,MTC,0.2048,384,256,3,2,0.00,137,0,13.34
1120,1,eMBB,14.6688,18336,18336,12,12,0.00,1537,0,66.67
1120,2,eMBB,0.0000,18336,0,12,0,0.00,1000194,0,66.67
1120,3,eMBB,0.0000,18336,0,12,0,0.00,1045098,0,66.67
1120,4,eMBB,14.6688,18336,18336,12,12,0.00,2870,0,66.67
1120,5,eMBB,0.0000,18336,0,12,0,0.00,1024745,0,66.67
1120,6,URLLC,0.3120,390,390,5,5,0.00,87,0,20.00
1120,7,URLLC,0.3120,390,390,5,5,0.00,87,0,20.00
1120,8,URLLC,0.3120,390,390,5,5,0.00,87,0,20.00
1120,9,URLLC,0.3120,390,390,5,5,0.00,87,0,20.00
1120,10,URLLC,0.0000,390,0,5,0,0.00,513,0,20.00
1120,11,MTC,0.2048,256,256,2,2,0.00,137,0,13.34
1120,12,MTC,0.2048,256,256,2,2,0.00,137,0,13.34
1120,13,MTC,0.0000,256,0,2,0,0.00,980,0,13.34
1120,14,MTC,0.2048,256,256,2,2,0.00,171,0,13.34
1120,15,MTC,0.0000,256,0,2,0,0.00,10363,0,13.34
1120,16,MTC,0.0000,256,0,2,0,0.00,3222,0,13.34
1120,17,MTC,0.0000,256,0,2,0,0.00,2186,0,13.34
1120,18,MTC,0.2048,256,256,2,2,0.00,39,0,13.34
1120,19,MTC,0.2048,256,256,2,2,0.00,137,0,13.34
1120,20,MTC,0.2048,256,256,2,2,0.00,137,0,13.34
1130,1,eMBB,14.6688,16808,18336,11,12,0.00,4601,0,66.67
1130,2,eMBB,0.0000,16808,0,11,0,0.00,1019826,0,66.67
1130,3,eMBB,0.0000,16808,0,11,0,0.00,1045098,0,66.67
1130,4,eMBB,14.6688,16808,18336,11,12,0.00,4601,0,66.67
1130,5,eMBB,0.0000,16808,0,11,0,0.00,1047700,0,66.67
1130,6,URLLC,0.3744,390,468,5,6,0.00,87,0,20.00
1130,7,URLLC,0.3744,390,468,5,6,0.00,87,0,20.00
1130,8,URLLC,0.3744,390,468,5,6,0.00,87,0,20.00
1130,9,URLLC,0.3744,390,468,5,6,0.00,87,0,20.00
1130,10,URLLC,0.0000,390,0,5,0,0.00,513,0,20.00
1130,11,MTC,0.3072,384,384,3,3,0.00,137,0,13.34
1130,12,MTC,0.3072,384,384,3,3,0.00,137,0,13.34
1130,13,MTC,0.0000,384,0,3,0,0.00,980,0,13.34
1130,14,MTC,0.3072,384,384,3,3,0.00,153,0,13.34
1130,15,MTC,0.0000,384,0,3,0,0.00,10363,0,13.34
1130,16,MTC,0.0000,384,0,3,0,0.00,3222,0,13.34
1130,17,MTC,0.0000,384,0,3,0,0.00,2186,0,13.34
1130,18,MTC,0.3072,384,384,3,3,0.00,39,0,13.34
1130,19,MTC,0.3072,384,384,3,3,0.00,137,0,13.34
1130,20,MTC,0.3072,384,384,3,3,0.00,137,0,13.34
1140,1,eMBB,15.8912,18336,19864,12,13,0.00,1537,0,66.67
1140,2,eMBB,0.0000,18336,0,12,0,0.00,1020315,0,66.67
1140,3,eMBB,0.0000,18336,0,12,0,0.00,1075024,0,66.67
1140,4,eMBB,15.8912,18336,19864,12,13,0.00,1537,0,66.67
1140,5,eMBB,0.0000,18336,0,12,0,0.00,1070902,0,66.67
1140,6,URLLC,0.3120,390,390,5,5,0.00,87,0,20.00
1140,7,URLLC,0.3120,390,390,5,5,0.00,87,0,20.00
1140,8,URLLC,0.3120,390,390,5,5,0.00,87,0,20.00
1140,9,URLLC,0.3120,390,390,5,5,0.00,87,0,20.00
1140,10,URLLC,0.0000,390,0,5,0,0.00,2603,0,20.00
1140,11,MTC,0.3072,256,384,2,3,0.00,137,0,13.34
1140,12,MTC,0.3072,256,384,2,3,0.00,137,0,13.34
1140,13,MTC,0.0000,256,0,2,0,0.00,980,0,13.34
1140,14,MTC,0.1024,256,128,2,1,0.00,319,0,13.34
1140,15,MTC,0.0000,256,0,2,0,0.00,10244,0,13.34
1140,16,MTC,0.0000,256,0,2,0,0.00,3222,0,13.34
1140,17,MTC,0.0000,256,0,2,0,0.00,2186,0,13.34
1140,18,MTC,0.2048,256,256,2,2,0.00,39,0,13.34
1140,19,MTC,0.3072,256,384,2,3,0.00,137,0,13.34
1140,20,MTC,0.3072,256,384,2,3,0.00,137,0,13.34
1150,1,eMBB,13.4464,18336,16808,12,11,0.00,1537,0,66.67
1150,2,eMBB,0.0000,18336,0,12,0,0.00,1040258,0,66.67
1150,3,eMBB,0.0000,18336,0,12,0,0.00,1086237,0,66.67
1150,4,eMBB,13.4464,18336,16808,12,11,0.00,1537,0,66.67
1150,5,eMBB,0.0000,18336,0,12,0,0.00,1070902,0,66.67
1150,6,URLLC,0.3120,390,390,5,5,0.00,87,0,20.00
1150,7,URLLC,0.3120,390,390,5,5,0.00,87,0,20.00
1150,8,URLLC,0.3120,390,390,5,5,0.00,87,0,20.00
1150,9,URLLC,0.3120,390,390,5,5,0.00,87,0,20.00
1150,10,URLLC,0.0000,390,0,5,0,0.00,2603,0,20.00
1150,11,MTC,0.2048,384,256,3,2,0.00,137,0,13.34
1150,12,MTC,0.2048,384,256,3,2,0.00,137,0,13.34
1150,13,MTC,0.0000,384,0,3,0,0.00,980,0,13.34
1150,14,MTC,0.3072,384,384,3,3,0.00,39,0,13.34
1150,15,MTC,0.0000,384,0,3,0,0.00,10244,0,13.34
1150,16,MTC,0.0000,384,0,3,0,0.00,3222,0,13.34
1150,17,MTC,0.0000,384,0,3,0,0.00,2186,0,13.34
1150,18,MTC,0.4096,384,512,3,4,0.00,39,0,13.34
1150,19,MTC,0.2048,384,256,3,2,0.00,137,0,13.34
1150,20,MTC,0.2048,384,256,3,2,0.00,137,0,13.34
1160,1,eMBB,14.6688,16808,18336,11,12,0.00,1537,0,66.67
1160,2,eMBB,0.0000,16808,0,11,0,0.00,1059283,0,66.67
1160,3,eMBB,0.0000,16808,0,11,0,0.00,1109706,0,66.67
1160,4,eMBB,13.4464,16808,16808,11,11,0.00,2547,0,66.67
1160,5,eMBB,0.0000,16808,0,11,0,0.00,1100499,0,66.67
1160,6,URLLC,0.3120,390,390,5,5,0.00,87,0,20.00
1160,7,URLLC,0.3120,390,390,5,5,0.00,87,0,20.00
1160,8,URLLC,0.3120,390,390,5,5,0.00,87,0,20.00
1160,9,URLLC,0.3120,390,390,5,5,0.00,87,0,20.00
1160,10,URLLC,0.0000,390,0,5,0,0.00,3135,0,20.00
1160,11,MTC,0.3072,256,384,2,3,0.00,137,0,13.34
1160,12,MTC,0.3072,256,384,2,3,0.00,137,0,13.34
1160,13,MTC,0.0000,256,0,2,0,0.00,1985,0,13.34
1160,14,MTC,0.1024,256,128,2,1,0.00,137,0,13.34
1160,15,MTC,0.0000,256,0,2,0,0.00,10244,0,13.34
1160,16,MTC,0.0000,256,0,2,0,0.00,4097,0,13.34
1160,17,MTC,0.0000,256,0,2,0,0.00,2186,0,13.34
1160,18,MTC,0.0000,256,0,2,0,0.00,137,0,13.34
1160,19,MTC,0.3072,256,384,2,3,0.00,137,0,13.34
1160,20,MTC,0.3072,256,384,2,3,0.00,137,0,13.34
1170,1,eMBB,11.0016,18336,13752,12,9,0.00,1537,0,26.66
1170,2,eMBB,0.0000,18336,0,12,0,0.00,1072028,0,26.66
1170,3,eMBB,0.0000,18336,0,12,0,0.00,1122228,0,26.66
1170,4,eMBB,9.7792,18336,12224,12,8,0.00,3113,0,26.66
1170,5,eMBB,0.0000,18336,0,12,0,0.00,1119639,0,26.66
1170,6,URLLC,0.3120,390,390,5,5,0.00,87,0,20.00
1170,7,URLLC,0.3120,390,390,5,5,0.00,87,0,20.00
1170,8,URLLC,0.3120,390,390,5,5,0.00,87,0,20.00
1170,9,URLLC,0.3120,390,390,5,5,0.00,87,0,20.00
1170,10,URLLC,0.0000,390,0,5,0,0.00,2597,0,20.00
1170,11,MTC,0.2048,384,256,3,2,0.00,137,0,53.34
1170,12,MTC,0.2048,384,256,3,2,0.00,137,0,53.34
1170,13,MTC,0.0000,384,0,3,0,0.00,2151,0,53.34
1170,14,MTC,0.3072,384,384,3,3,0.00,137,0,53.34
1170,15,MTC,0.0000,384,0,3,0,0.00,10401,0,53.34
1170,16,MTC,0.0000,384,0,3,0,0.00,4097,0,53.34
1170,17,MTC,0.0000,384,0,3,0,0.00,2186,0,53.34
1170,18,MTC,0.3072,384,384,3,3,0.00,137,0,53.34
1170,19,MTC,0.2048,384,256,3,2,0.00,137,0,53.34
1170,20,MTC,0.2048,384,256,3,2,0.00,137,0,53.34
1180,1,eMBB,15.8912,18336,19864,12,13,0.00,1752,0,31.66
1180,2,eMBB,0.0000,18336,0,12,0,0.00,1095417,0,31.66
1180,3,eMBB,0.0000,18336,0,12,0,0.00,1145676,0,31.66
1180,4,eMBB,17.1136,18336,21392,12,14,0.00,3684,0,31.66
1180,5,eMBB,0.0000,18336,0,12,0,0.00,1143857,0,31.66
1180,6,URLLC,0.2496,390,312,5,4,0.00,87,0,30.00
1180,7,URLLC,0.2496,390,312,5,4,0.00,87,0,30.00
1180,8,URLLC,0.2496,390,312,5,4,0.00,87,0,30.00
1180,9,URLLC,0.2496,390,312,5,4,0.00,87,0,30.00
1180,10,URLLC,0.0000,390,0,5,0,0.00,2229,0,30.00
1180,11,MTC,0.2048,256,256,2,2,0.00,137,0,38.33
1180,12,MTC,0.2048,256,256,2,2,0.00,137,0,38.33
1180,13,MTC,0.0000,256,0,2,0,0.00,2151,0,38.33
1180,14,MTC,0.3072,256,384,2,3,0.00,137,0,38.33
1180,15,MTC,0.0000,256,0,2,0,0.00,9284,0,38.33
1180,16,MTC,0.0000,256,0,2,0,0.00,4097,0,38.33
1180,17,MTC,0.0000,256,0,2,0,0.00,4309,0,38.33
1180,18,MTC,0.2048,256,256,2,2,0.00,107,0,38.33
1180,19,MTC,0.2048,256,256,2,2,0.00,137,0,38.33
1180,20,MTC,0.2048,256,256,2,2,0.00,137,0,38.33
1190,1,eMBB,14.6688,16808,18336,11,12,0.00,2700,0,31.66
1190,2,eMBB,0.0000,16808,0,11,0,0.00,1095417,0,31.66
1190,3,eMBB,0.0000,16808,0,11,0,0.00,1145676,0,31.66
1190,4,eMBB,15.8912,16808,19864,11,13,0.00,3778,0,31.66
1190,5,eMBB,1.2224,16808,1528,11,1,0.00,1143857,0,31.66
1190,6,URLLC,0.3120,390,390,5,5,0.00,87,0,30.00
1190,7,URLLC,0.3120,390,390,5,5,0.00,87,0,30.00
1190,8,URLLC,0.3120,390,390,5,5,0.00,87,0,30.00
1190,9,URLLC,0.3120,390,390,5,5,0.00,87,0,30.00
1190,10,URLLC,0.0000,390,0,5,0,0.00,2229,0,30.00
1190,11,MTC,0.3072,384,384,3,3,0.00,137,0,38.33
1190,12,MTC,0.3072,384,384,3,3,0.00,137,0,38.33
1190,13,MTC,0.0000,384,0,3,0,0.00,665,0,38.33
1190,14,MTC,0.1024,384,128,3,1,0.00,137,0,38.33
1190,15,MTC,0.0000,384,0,3,0,0.00,9253,0,38.33
1190,16,MTC,0.0000,384,0,3,0,0.00,4097,0,38.33
1190,17,MTC,0.0000,384,0,3,0,0.00,4184,0,38.33
1190,18,MTC,0.0000,384,0,3,0,0.00,107,0,38.33
1190,19,MTC,0.3072,384,384,3,3,0.00,137,0,38.33
1190,20,MTC,0.3072,384,384,3,3,0.00,137,0,38.33
1200,1,eMBB,14.6688,18336,18336,12,12,0.00,3069,0,26.66
1200,2,eMBB,0.0000,18336,0,12,0,0.00,1095417,0,26.66
1200,3,eMBB,0.0000,18336,0,12,0,0.00,1178121,0,26.66
1200,4,eMBB,13.4464,18336,16808,12,11,0.00,3916,0,26.66
1200,5,eMBB,0.0000,18336,0,12,0,0.00,1168003,0,26.66
1200,6,URLLC,0.3744,390,468,5,6,0.00,87,0,30.00
1200,7,URLLC,0.0000,390,0,5,0,0.00,87,0,30.00
1200,8,URLLC,0.3744,390,468,5,6,0.00,87,0,30.00
1200,9,URLLC,0.3744,390,468,5,6,0.00,87,0,30.00
1200,10,URLLC,0.0000,390,0,5,0,0.00,2229,0,30.00
1200,11,MTC,0.3072,256,384,2,3,0.00,137,0,43.34
1200,12,MTC,0.3072,256,384,2,3,0.00,137,0,43.34
1200,13,MTC,0.3072,256,384,2,3,0.00,401,0,43.34
1200,14,MTC,0.0000,256,0,2,0,0.00,137,0,43.34
1200,15,MTC,0.0000,256,0,2,0,0.00,7572,0,43.34
1200,16,MTC,0.0000,256,0,2,0,0.00,4097,0,43.34
1200,17,MTC,0.0000,256,0,2,0,0.00,3298,0,43.34
1200,18,MTC,0.3072,256,384,2,3,0.00,137,0,43.34
1200,19,MTC,0.3072,256,384,2,3,0.00,137,0,43.34
1200,20,MTC,0.3072,256,384,2,3,0.00,137,0,43.34
1210,1,eMBB,14.6688,18336,18336,12,12,0.00,2418,0,36.67
1210,2,eMBB,0.0000,18336,0,12,0,0.00,1139479,0,36.67
1210,3,eMBB,0.0000,18336,0,12,0,0.00,1196979,0,36.67
1210,4,eMBB,15.8912,18336,19864,12,13,0.00,3426,0,36.67
1210,5,eMBB,0.0000,18336,0,12,0,0.00,1193084,0,36.67
1210,6,URLLC,0.3120,390,390,5,5,0.00,87,0,50.00
1210,7,URLLC,0.0000,390,0,5,0,0.00,87,0,50.00
1210,8,URLLC,0.3120,390,390,5,5,0.00,87,0,50.00
1210,9,URLLC,0.3120,390,390,5,5,0.00,87,0,50.00
1210,10,URLLC,0.0000,390,0,5,0,0.00,1705,0,50.00
1210,11,MTC,0.2048,384,256,3,2,0.00,137,0,13.33
1210,12,MTC,0.2048,384,256,3,2,0.00,137,0,13.33
1210,13,MTC,0.0000,384,0,3,0,0.00,320,0,13.33
1210,14,MTC,0.5120,384,640,3,5,0.00,137,0,13.33
1210,15,MTC,0.0000,384,0,3,0,0.00,7572,0,13.33
1210,16,MTC,0.0000,384,0,3,0,0.00,4097,0,13.33
1210,17,MTC,0.0000,384,0,3,0,0.00,3284,0,13.33
1210,18,MTC,0.3072,384,384,3,3,0.00,137,0,13.33
1210,19,MTC,0.2048,384,256,3,2,0.00,137,0,13.33
1210,20,MTC,0.2048,384,256,3,2,0.00,137,0,13.33
1220,1,eMBB,14.6688,16808,18336,11,12,0.00,1537,0,51.67
1220,2,eMBB,0.0000,16808,0,11,0,0.00,1150267,0,51.67
1220,3,eMBB,0.0000,16808,0,11,0,0.00,1203774,0,51.67
1220,4,eMBB,13.4464,16808,16808,11,11,0.00,2299,0,51.67
1220,5,eMBB,0.0000,16808,0,11,0,0.00,1193084,0,51.67
1220,6,URLLC,0.3120,390,390,5,5,0.00,87,0,35.00
1220,7,URLLC,0.0000,390,0,5,0,0.00,87,0,35.00
1220,8,URLLC,0.3120,390,390,5,5,0.00,87,0,35.00
1220,9,URLLC,0.3120,390,390,5,5,0.00,87,0,35.00
1220,10,URLLC,0.0000,390,0,5,0,0.00,249,0,35.00
1220,11,MTC,0.3072,256,384,2,3,0.00,137,0,13.34
1220,12,MTC,0.3072,256,384,2,3,0.00,137,0,13.34
1220,13,MTC,0.0000,256,0,2,0,0.00,320,0,13.34
1220,14,MTC,0.7168,256,896,2,7,0.00,56,0,13.34
1220,15,MTC,0.0000,256,0,2,0,0.00,7572,0,13.34
1220,16,MTC,0.0000,256,0,2,0,0.00,4097,0,13.34
1220,17,MTC,0.0000,256,0,2,0,0.00,3717,0,13.34
1220,18,MTC,0.2048,256,256,2,2,0.00,56,0,13.34
1220,19,MTC,0.3072,256,384,2,3,0.00,137,0,13.34
1220,20,MTC,0.3072,256,384,2,3,0.00,137,0,13.34
1230,1,eMBB,14.6688,18336,18336,12,12,0.00,1537,0,41.66
1230,2,eMBB,0.0000,18336,0,12,0,0.00,1167394,0,41.66
1230,3,eMBB,0.0000,18336,0,12,0,0.00,1218795,0,41.66
1230,4,eMBB,14.6688,18336,18336,12,12,0.00,1537,0,41.66
1230,5,eMBB,0.0000,18336,0,12,0,0.00,1193084,0,41.66
1230,6,URLLC,0.3120,390,390,5,5,0.00,87,0,35.00
1230,7,URLLC,0.0000,390,0,5,0,0.00,87,0,35.00
1230,8,URLLC,0.3120,390,390,5,5,0.00,87,0,35.00
1230,9,URLLC,0.3120,390,390,5,5,0.00,87,0,35.00
1230,10,URLLC,0.0000,390,0,5,0,0.00,249,0,35.00
1230,11,MTC,0.2048,384,256,3,2,0.00,137,0,23.34
1230,12,MTC,0.2048,384,256,3,2,0.00,137,0,23.34
1230,13,MTC,0.0000,384,0,3,0,0.00,401,0,23.34
1230,14,MTC,0.0000,384,0,3,0,0.00,137,0,23.34
1230,15,MTC,0.0000,384,0,3,0,0.00,8089,0,23.34
1230,16,MTC,0.0000,384,0,3,0,0.00,5829,0,23.34
1230,17,MTC,0.0000,384,0,3,0,0.00,3883,0,23.34
1230,18,MTC,0.1024,384,128,3,1,0.00,137,0,23.34
1230,19,MTC,0.2048,384,256,3,2,0.00,137,0,23.34
1230,20,MTC,0.2048,384,256,3,2,0.00,137,0,23.34
1240,1,eMBB,12.2240,18336,15280,12,10,0.00,1537,0,41.66
1240,2,eMBB,0.0000,18336,0,12,0,0.00,1197692,0,41.66
1240,3,eMBB,0.0000,18336,0,12,0,0.00,1241923,0,41.66
1240,4,eMBB,12.2240,18336,15280,12,10,0.00,1537,0,41.66
1240,5,eMBB,0.0000,18336,0,12,0,0.00,1193084,0,41.66
1240,6,URLLC,0.3120,390,390,5,5,0.00,87,0,35.00
1240,7,URLLC,1.5600,390,1950,5,25,0.00,87,0,35.00
1240,8,URLLC,0.3120,390,390,5,5,0.00,87,0,35.00
1240,9,URLLC,0.3120,390,390,5,5,0.00,87,0,35.00
1240,10,URLLC,0.0000,390,0,5,0,0.00,657,0,35.00
1240,11,MTC,0.3072,256,384,2,3,0.00,137,0,23.34
1240,12,MTC,0.3072,256,384,2,3,0.00,137,0,23.34
1240,13,MTC,0.0000,256,0,2,0,0.00,533,0,23.34
1240,14,MTC,0.0000,256,0,2,0,0.00,137,0,23.34
1240,15,MTC,0.0000,256,0,2,0,0.00,6250,0,23.34
1240,16,MTC,0.0000,256,0,2,0,0.00,5829,0,23.34
1240,17,MTC,0.0000,256,0,2,0,0.00,3883,0,23.34
1240,18,MTC,0.2048,256,256,2,2,0.00,137,0,23.34
1240,19,MTC,0.3072,256,384,2,3,0.00,137,0,23.34
1240,20,MTC,0.3072,256,384,2,3,0.00,137,0,23.34
1250,1,eMBB,13.4464,16808,16808,11,11,0.00,2437,0,26.66
1250,2,eMBB,0.0000,16808,0,11,0,0.00,1197692,0,26.66
1250,3,eMBB,0.0000,16808,0,11,0,0.00,1241923,0,26.66
1250,4,eMBB,13.4464,16808,16808,11,11,0.00,5586,0,26.66
1250,5,eMBB,0.0000,16808,0,11,0,0.00,1266063,0,26.66
1250,6,URLLC,0.2496,390,312,5,4,0.00,87,0,40.00
1250,7,URLLC,0.3120,390,390,5,5,0.00,87,0,40.00
1250,8,URLLC,0.2496,390,312,5,4,0.00,87,0,40.00
1250,9,URLLC,0.2496,390,312,5,4,0.00,87,0,40.00
1250,10,URLLC,0.0000,390,0,5,0,0.00,415,0,40.00
1250,11,MTC,0.2048,384,256,3,2,0.00,137,0,33.34
1250,12,MTC,0.2048,384,256,3,2,0.00,137,0,33.34
1250,13,MTC,0.0000,384,0,3,0,0.00,137,0,33.34
1250,14,MTC,0.4096,384,512,3,4,0.00,137,0,33.34
1250,15,MTC,0.0000,384,0,3,0,0.00,6494,0,33.34
1250,16,MTC,0.0000,384,0,3,0,0.00,5298,0,33.34
1250,17,MTC,0.0000,384,0,3,0,0.00,3311,0,33.34
1250,18,MTC,0.3072,384,384,3,3,0.00,137,0,33.34
1250,19,MTC,0.2048,384,256,3,2,0.00,137,0,33.34
1250,20,MTC,0.2048,384,256,3,2,0.00,137,0,33.34
1260,1,eMBB,14.6688,18336,18336,12,12,0.00,2111,0,41.66
1260,2,eMBB,0.0000,18336,0,12,0,0.00,1197692,0,41.66
1260,3,eMBB,0.0000,18336,0,12,0,0.00,1284287,0,41.66
1260,4,eMBB,15.8912,18336,19864,12,13,0.00,3501,0,41.66
1260,5,eMBB,0.0000,18336,0,12,0,0.00,1276105,0,41.66
1260,6,URLLC,0.3120,390,390,5,5,0.00,87,0,35.00
1260,7,URLLC,0.3120,390,390,5,5,0.00,87,0,35.00
1260,8,URLLC,0.3120,390,390,5,5,0.00,87,0,35.00
1260,9,URLLC,0.3120,390,390,5,5,0.00,87,0,35.00
1260,10,URLLC,0.0000,390,0,5,0,0.00,87,0,35.00
1260,11,MTC,0.2048,256,256,2,2,0.00,137,0,23.34
1260,12,MTC,0.2048,256,256,2,2,0.00,137,0,23.34
1260,13,MTC,0.0000,256,0,2,0,0.00,137,0,23.34
1260,14,MTC,0.1024,256,128,2,1,0.00,137,0,23.34
1260,15,MTC,0.0000,256,0,2,0,0.00,6494,0,23.34
1260,16,MTC,0.0000,256,0,2,0,0.00,5298,0,23.34
1260,17,MTC,0.0000,256,0,2,0,0.00,2777,0,23.34
1260,18,MTC,0.3072,256,384,2,3,0.00,137,0,23.34
1260,19,MTC,0.2048,256,256,2,2,0.00,137,0,23.34
1260,20,MTC,0.2048,256,256,2,2,0.00,137,0,23.34
1270,1,eMBB,15.8912,18336,19864,12,13,0.00,3069,0,41.66
1270,2,eMBB,0.0000,18336,0,12,0,0.00,1245090,0,41.66
1270,3,eMBB,0.0000,18336,0,12,0,0.00,1284287,0,41.66
1270,4,eMBB,14.6688,18336,18336,12,12,0.00,3405,0,41.66
1270,5,eMBB,0.0000,18336,0,12,0,0.00,1276105,0,41.66
1270,6,URLLC,0.3744,390,468,5,6,0.00,87,0,35.00
1270,7,URLLC,0.3744,390,468,5,6,0.00,87,0,35.00
1270,8,URLLC,0.3744,390,468,5,6,0.00,87,0,35.00
1270,9,URLLC,0.3744,390,468,5,6,0.00,87,0,35.00
1270,10,URLLC,0.0000,390,0,5,0,0.00,333,0,35.00
1270,11,MTC,0.3072,384,384,3,3,0.00,137,0,23.34
1270,12,MTC,0.3072,384,384,3,3,0.00,137,0,23.34
1270,13,MTC,0.0000,384,0,3,0,0.00,401,0,23.34
1270,14,MTC,0.2048,384,256,3,2,0.00,137,0,23.34
1270,15,MTC,0.0000,384,0,3,0,0.00,6894,0,23.34
1270,16,MTC,0.0000,384,0,3,0,0.00,3980,0,23.34
1270,17,MTC,0.0000,384,0,3,0,0.00,2205,0,23.34
1270,18,MTC,0.1024,384,128,3,1,0.00,269,0,23.34
1270,19,MTC,0.3072,384,384,3,3,0.00,137,0,23.34
1270,20,MTC,0.3072,384,384,3,3,0.00,137,0,23.34
1280,1,eMBB,14.6688,16808,18336,11,12,0.00,1537,0,41.66
1280,2,eMBB,0.0000,16808,0,11,0,0.00,1245090,0,41.66
1280,3,eMBB,0.0000,16808,0,11,0,0.00,1284287,0,41.66
1280,4,eMBB,15.8912,16808,19864,11,13,0.00,1537,0,41.66
1280,5,eMBB,0.0000,16808,0,11,0,0.00,1276105,0,41.66
1280,6,URLLC,0.3120,390,390,5,5,0.00,87,0,35.00
1280,7,URLLC,0.3120,390,390,5,5,0.00,87,0,35.00
1280,8,URLLC,0.3120,390,390,5,5,0.00,87,0,35.00
1280,9,URLLC,0.3120,390,390,5,5,0.00,87,0,35.00
1280,10,URLLC,0.0000,390,0,5,0,0.00,333,0,35.00
1280,11,MTC,0.3072,256,384,2,3,0.00,137,0,23.34
1280,12,MTC,0.3072,256,384,2,3,0.00,137,0,23.34
1280,13,MTC,0.0000,256,0,2,0,0.00,639,0,23.34
1280,14,MTC,0.0000,256,0,2,0,0.00,137,0,23.34
1280,15,MTC,0.0000,256,0,2,0,0.00,6894,0,23.34
1280,16,MTC,0.0000,256,0,2,0,0.00,3980,0,23.34
1280,17,MTC,0.0000,256,0,2,0,0.00,2205,0,23.34
1280,18,MTC,0.2048,256,256,2,2,0.00,137,0,23.34
1280,19,MTC,0.3072,256,384,2,3,0.00,137,0,23.34
1280,20,MTC,0.3072,256,384,2,3,0.00,137,0,23.34
1290,1,eMBB,14.6688,18336,18336,12,12,0.00,4511,0,16.66
1290,2,eMBB,0.0000,18336,0,12,0,0.00,1280689,0,16.66
1290,3,eMBB,0.0000,18336,0,12,0,0.00,1284287,0,16.66
1290,4,eMBB,12.2240,18336,15280,12,10,0.00,2359,0,16.66
1290,5,eMBB,2.4448,18336,3056,12,2,0.00,1325087,0,16.66
1290,6,URLLC,0.3120,390,390,5,5,0.00,87,0,25.00
1290,7,URLLC,0.3120,390,390,5,5,0.00,87,0,25.00
1290,8,URLLC,0.3120,390,390,5,5,0.00,87,0,25.00
1290,9,URLLC,0.3120,390,390,5,5,0.00,87,0,25.00
1290,10,URLLC,0.0000,390,0,5,0,0.00,251,0,25.00
1290,11,MTC,0.2048,384,256,3,2,0.00,137,0,58.34
1290,12,MTC,0.2048,384,256,3,2,0.00,137,0,58.34
1290,13,MTC,0.0000,384,0,3,0,0.00,601,0,58.34
1290,14,MTC,0.5120,384,640,3,5,0.00,137,0,58.34
1290,15,MTC,0.0000,384,0,3,0,0.00,7374,0,58.34
1290,16,MTC,0.0000,384,0,3,0,0.00,3671,0,58.34
1290,17,MTC,0.0000,384,0,3,0,0.00,2205,0,58.34
1290,18,MTC,0.4096,384,512,3,4,0.00,137,0,58.34
1290,19,MTC,0.2048,384,256,3,2,0.00,137,0,58.34
1290,20,MTC,0.2048,384,256,3,2,0.00,137,0,58.34
1300,1,eMBB,12.2240,18336,15280,12,10,0.00,3048,0,26.66
1300,2,eMBB,0.0000,18336,0,12,0,0.00,1298528,0,26.66
1300,3,eMBB,0.0000,18336,0,12,0,0.00,1351203,0,26.66
1300,4,eMBB,12.2240,18336,15280,12,10,0.00,2502,0,26.66
1300,5,eMBB,1.2224,18336,1528,12,1,0.00,1348998,0,26.66
1300,6,URLLC,0.3120,390,390,5,5,0.00,87,0,45.00
1300,7,URLLC,0.3120,390,390,5,5,0.00,87,0,45.00
1300,8,URLLC,0.3120,390,390,5,5,0.00,87,0,45.00
1300,9,URLLC,0.3120,390,390,5,5,0.00,87,0,45.00
1300,10,URLLC,0.0000,390,0,5,0,0.00,337,0,45.00
1300,11,MTC,0.3072,256,384,2,3,0.00,137,0,28.34
1300,12,MTC,0.3072,256,384,2,3,0.00,137,0,28.34
1300,13,MTC,0.0000,256,0,2,0,0.00,601,0,28.34
1300,14,MTC,0.1024,256,128,2,1,0.00,137,0,28.34
1300,15,MTC,0.0000,256,0,2,0,0.00,7374,0,28.34
1300,16,MTC,0.0000,256,0,2,0,0.00,3611,0,28.34
1300,17,MTC,0.0000,256,0,2,0,0.00,2867,0,28.34
1300,18,MTC,0.2048,256,256,2,2,0.00,81,0,28.34
1300,19,MTC,0.3072,256,384,2,3,0.00,137,0,28.34
1300,20,MTC,0.3072,256,384,2,3,0.00,137,0,28.34
1310,1,eMBB,15.8912,16808,19864,11,13,0.00,1537,0,36.67
1310,2,eMBB,0.0000,16808,0,11,0,0.00,1317559,0,36.67
1310,3,eMBB,0.0000,16808,0,11,0,0.00,1351203,0,36.67
1310,4,eMBB,15.8912,16808,19864,11,13,0.00,1537,0,36.67
1310,5,eMBB,0.0000,16808,0,11,0,0.00,1351776,0,36.67
1310,6,URLLC,0.3120,390,390,5,5,0.00,87,0,30.00
1310,7,URLLC,0.3120,390,390,5,5,0.00,87,0,30.00
1310,8,URLLC,0.3120,390,390,5,5,0.00,87,0,30.00
1310,9,URLLC,0.3120,390,390,5,5,0.00,87,0,30.00
1310,10,URLLC,0.0000,390,0,5,0,0.00,251,0,30.00
1310,11,MTC,0.2048,384,256,3,2,0.00,137,0,33.34
1310,12,MTC,0.2048,384,256,3,2,0.00,137,0,33.34
1310,13,MTC,0.0000,384,0,3,0,0.00,665,0,33.34
1310,14,MTC,0.4096,384,512,3,4,0.00,137,0,33.34
1310,15,MTC,0.0000,384,0,3,0,0.00,7374,0,33.34
1310,16,MTC,0.0000,384,0,3,0,0.00,3611,0,33.34
1310,17,MTC,0.0000,384,0,3,0,0.00,2697,0,33.34
1310,18,MTC,0.2048,384,256,3,2,0.00,137,0,33.34
1310,19,MTC,0.2048,384,256,3,2,0.00,137,0,33.34
1310,20,MTC,0.2048,384,256,3,2,0.00,137,0,33.34
1320,1,eMBB,12.2240,18336,15280,12,10,0.00,70,0,36.67
1320,2,eMBB,0.0000,18336,0,12,0,0.00,1326501,0,36.67
1320,3,eMBB,0.0000,18336,0,12,0,0.00,1389191,0,36.67
1320,4,eMBB,14.6688,18336,18336,12,12,0.00,2658,0,36.67
1320,5,eMBB,0.0000,18336,0,12,0,0.00,1380711,0,36.67
1320,6,URLLC,0.2496,390,312,5,4,0.00,87,0,30.00
1320,7,URLLC,0.2496,390,312,5,4,0.00,87,0,30.00
1320,8,URLLC,0.2496,390,312,5,4,0.00,87,0,30.00
1320,9,URLLC,0.2496,390,312,5,4,0.00,87,0,30.00
1320,10,URLLC,0.0000,390,0,5,0,0.00,251,0,30.00
1320,11,MTC,0.2048,256,256,2,2,0.00,137,0,33.34
1320,12,MTC,0.2048,256,256,2,2,0.00,137,0,33.34
1320,13,MTC,0.0000,256,0,2,0,0.00,665,0,33.34
1320,14,MTC,0.0000,256,0,2,0,0.00,137,0,33.34
1320,15,MTC,0.0000,256,0,2,0,0.00,6397,0,33.34
1320,16,MTC,0.0000,256,0,2,0,0.00,3611,0,33.34
1320,17,MTC,0.0000,256,0,2,0,0.00,2297,0,33.34
1320,18,MTC,0.2048,256,256,2,2,0.00,137,0,33.34
1320,19,MTC,0.2048,256,256,2,2,0.00,137,0,33.34
1320,20,MTC,0.2048,256,256,2,2,0.00,137,0,33.34
1330,1,eMBB,14.6688,18336,18336,12,12,0.00,2381,0,36.67
1330,2,eMBB,0.0000,18336,0,12,0,0.00,1346674,0,36.67
1330,3,eMBB,0.0000,18336,0,12,0,0.00,1398328,0,36.67
1330,4,eMBB,14.6688,18336,18336,12,12,0.00,3659,0,36.67
1330,5,eMBB,0.0000,18336,0,12,0,0.00,1384139,0,36.67
1330,6,URLLC,0.3120,390,390,5,5,0.00,87,0,30.00
1330,7,URLLC,0.3120,390,390,5,5,0.00,87,0,30.00
1330,8,URLLC,0.3120,390,390,5,5,0.00,87,0,30.00
1330,9,URLLC,0.3120,390,390,5,5,0.00,87,0,30.00
1330,10,URLLC,0.0000,390,0,5,0,0.00,251,0,30.00
1330,11,MTC,0.3072,384,384,3,3,0.00,137,0,33.34
1330,12,MTC,0.3072,384,384,3,3,0.00,137,0,33.34
1330,13,MTC,0.0000,384,0,3,0,0.00,929,0,33.34
1330,14,MTC,0.5120,384,640,3,5,0.00,137,0,33.34
1330,15,MTC,0.0000,384,0,3,0,0.00,6397,0,33.34
1330,16,MTC,0.0000,384,0,3,0,0.00,3611,0,33.34
1330,17,MTC,0.0000,384,0,3,0,0.00,2297,0,33.34
1330,18,MTC,0.5120,384,640,3,5,0.00,137,0,33.34
1330,19,MTC,0.3072,384,384,3,3,0.00,137,0,33.34
1330,20,MTC,0.3072,384,384,3,3,0.00,137,0,33.34
1340,1,eMBB,14.6688,16808,18336,11,12,0.00,4601,0,46.66
1340,2,eMBB,0.0000,16808,0,11,0,0.00,1357966,0,46.66
1340,3,eMBB,0.0000,16808,0,11,0,0.00,1421813,0,46.66
1340,4,eMBB,14.6688,16808,18336,11,12,0.00,4601,0,46.66
1340,5,eMBB,0.0000,16808,0,11,0,0.00,1415892,0,46.66
1340,6,URLLC,0.3744,390,468,5,6,0.00,87,0,25.00
1340,7,URLLC,0.3744,390,468,5,6,0.00,87,0,25.00
1340,8,URLLC,0.3744,390,468,5,6,0.00,87,0,25.00
1340,9,URLLC,0.3744,390,468,5,6,0.00,87,0,25.00
1340,10,URLLC,0.0000,390,0,5,0,0.00,1317,0,25.00
1340,11,MTC,0.3072,256,384,2,3,0.00,137,0,28.34
1340,12,MTC,0.3072,256,384,2,3,0.00,137,0,28.34
1340,13,MTC,2.1504,256,2688,2,21,0.00,929,0,28.34
1340,14,MTC,0.2048,256,256,2,2,0.00,137,0,28.34
1340,15,MTC,0.0000,256,0,2,0,0.00,6851,0,28.34
1340,16,MTC,0.0000,256,0,2,0,0.00,3611,0,28.34
1340,17,MTC,0.0000,256,0,2,0,0.00,2297,0,28.34
1340,18,MTC,0.0000,256,0,2,0,0.00,137,0,28.34
1340,19,MTC,0.3072,256,384,2,3,0.00,137,0,28.34
1340,20,MTC,0.3072,256,384,2,3,0.00,137,0,28.34
1350,1,eMBB,15.8912,18336,19864,12,13,0.00,1537,0,46.66
1350,2,eMBB,0.0000,18336,0,12,0,0.00,1371405,0,46.66
1350,3,eMBB,0.0000,18336,0,12,0,0.00,1433525,0,46.66
1350,4,eMBB,15.8912,18336,19864,12,13,0.00,2321,0,46.66
1350,5,eMBB,0.0000,18336,0,12,0,0.00,1428129,0,46.66
1350,6,URLLC,0.3120,390,390,5,5,0.00,87,0,25.00
1350,7,URLLC,0.3120,390,390,5,5,0.00,87,0,25.00
1350,8,URLLC,0.3120,390,390,5,5,0.00,87,0,25.00
1350,9,URLLC,0.3120,390,390,5,5,0.00,87,0,25.00
1350,10,URLLC,0.0000,390,0,5,0,0.00,1317,0,25.00
1350,11,MTC,0.2048,384,256,3,2,0.00,137,0,28.34
1350,12,MTC,0.2048,384,256,3,2,0.00,137,0,28.34
1350,13,MTC,0.0000,384,0,3,0,0.00,1216,0,28.34
1350,14,MTC,0.3072,384,384,3,3,0.00,137,0,28.34
1350,15,MTC,0.0000,384,0,3,0,0.00,6851,0,28.34
1350,16,MTC,0.0000,384,0,3,0,0.00,5025,0,28.34
1350,17,MTC,0.0000,384,0,3,0,0.00,2297,0,28.34
1350,18,MTC,0.4096,384,512,3,4,0.00,137,0,28.34
1350,19,MTC,0.2048,384,256,3,2,0.00,137,0,28.34
1350,20,MTC,0.2048,384,256,3,2,0.00,137,0,28.34
1360,1,eMBB,13.4464,18336,16808,12,11,0.00,1537,0,46.66
1360,2,eMBB,0.0000,18336,0,12,0,0.00,1375651,0,46.66
1360,3,eMBB,0.0000,18336,0,12,0,0.00,1433525,0,46.66
1360,4,eMBB,13.4464,18336,16808,12,11,0.00,1537,0,46.66
1360,5,eMBB,0.0000,18336,0,12,0,0.00,1437390,0,46.66
1360,6,URLLC,0.3120,390,390,5,5,0.00,87,0,25.00
1360,7,URLLC,0.3120,390,390,5,5,0.00,87,0,25.00
1360,8,URLLC,0.3120,390,390,5,5,0.00,87,0,25.00
1360,9,URLLC,0.3120,390,390,5,5,0.00,87,0,25.00
1360,10,URLLC,0.0000,390,0,5,0,0.00,1906,0,25.00
1360,11,MTC,0.3072,256,384,2,3,0.00,137,0,28.34
1360,12,MTC,0.3072,256,384,2,3,0.00,137,0,28.34
1360,13,MTC,0.0000,256,0,2,0,0.00,1441,0,28.34
1360,14,MTC,0.2048,256,256,2,2,0.00,137,0,28.34
1360,15,MTC,0.0000,256,0,2,0,0.00,6851,0,28.34
1360,16,MTC,0.0000,256,0,2,0,0.00,5232,0,28.34
1360,17,MTC,0.0000,256,0,2,0,0.00,2297,0,28.34
1360,18,MTC,0.1024,256,128,2,1,0.00,137,0,28.34
1360,19,MTC,0.3072,256,384,2,3,0.00,137,0,28.34
1360,20,MTC,0.3072,256,384,2,3,0.00,137,0,28.34
1370,1,eMBB,14.6688,16808,18336,11,12,0.00,1537,0,46.66
1370,2,eMBB,0.0000,16808,0,11,0,0.00,1401030,0,46.66
1370,3,eMBB,0.0000,16808,0,11,0,0.00,1457315,0,46.66
1370,4,eMBB,12.2240,16808,15280,11,10,0.00,985,0,46.66
1370,5,eMBB,0.0000,16808,0,11,0,0.00,1453958,0,46.66
1370,6,URLLC,0.3120,390,390,5,5,0.00,87,0,25.00
1370,7,URLLC,0.3120,390,390,5,5,0.00,87,0,25.00
1370,8,URLLC,0.3120,390,390,5,5,0.00,87,0,25.00
1370,9,URLLC,0.3120,390,390,5,5,0.00,87,0,25.00
1370,10,URLLC,0.0000,390,0,5,0,0.00,2256,0,25.00
1370,11,MTC,0.2048,384,256,3,2,0.00,137,0,28.34
1370,12,MTC,0.2048,384,256,3,2,0.00,137,0,28.34
1370,13,MTC,0.0000,384,0,3,0,0.00,1441,0,28.34
1370,14,MTC,0.2048,384,256,3,2,0.00,269,0,28.34
1370,15,MTC,0.0000,384,0,3,0,0.00,6851,0,28.34
1370,16,MTC,0.0000,384,0,3,0,0.00,5009,0,28.34
1370,17,MTC,0.0000,384,0,3,0,0.00,2297,0,28.34
1370,18,MTC,0.4096,384,512,3,4,0.00,137,0,28.34
1370,19,MTC,0.2048,384,256,3,2,0.00,137,0,28.34
1370,20,MTC,0.2048,384,256,3,2,0.00,137,0,28.34
1380,1,eMBB,12.2240,18336,15280,12,10,0.00,1696,0,46.66
1380,2,eMBB,0.0000,18336,0,12,0,0.00,1419588,0,46.66
1380,3,eMBB,0.0000,18336,0,12,0,0.00,1457315,0,46.66
1380,4,eMBB,13.4464,18336,16808,12,11,0.00,1528,0,46.66
1380,5,eMBB,0.0000,18336,0,12,0,0.00,1476140,0,46.66
1380,6,URLLC,0.3120,390,390,5,5,0.00,87,0,25.00
1380,7,URLLC,0.3120,390,390,5,5,0.00,87,0,25.00
1380,8,URLLC,0.3120,390,390,5,5,0.00,87,0,25.00
1380,9,URLLC,0.3120,390,390,5,5,0.00,87,0,25.00
1380,10,URLLC,0.0000,390,0,5,0,0.00,1310,0,25.00
1380,11,MTC,0.3072,256,384,2,3,0.00,137,0,28.34
1380,12,MTC,0.3072,256,384,2,3,0.00,137,0,28.34
1380,13,MTC,0.0000,256,0,2,0,0.00,1441,0,28.34
1380,14,MTC,0.1024,256,128,2,1,0.00,269,0,28.34
1380,15,MTC,0.0000,256,0,2,0,0.00,7395,0,28.34
1380,16,MTC,0.0000,256,0,2,0,0.00,3891,0,28.34
1380,17,MTC,0.0000,256,0,2,0,0.00,2297,0,28.34
1380,18,MTC,0.3072,256,384,2,3,0.00,46,0,28.34
1380,19,MTC,0.3072,256,384,2,3,0.00,137,0,28.34
1380,20,MTC,0.3072,256,384,2,3,0.00,137,0,28.34
1390,1,eMBB,14.6688,18336,18336,12,12,0.00,1537,0,46.66
1390,2,eMBB,0.0000,18336,0,12,0,0.00,1437250,0,46.66
1390,3,eMBB,0.0000,18336,0,12,0,0.00,1457315,0,46.66
1390,4,eMBB,14.6688,18336,18336,12,12,0.00,2032,0,46.66
1390,5,eMBB,2.4448,18336,3056,12,2,0.00,1491995,0,46.66
1390,6,URLLC,0.2496,390,312,5,4,0.00,87,0,25.00
1390,7,URLLC,0.2496,390,312,5,4,0.00,87,0,25.00
1390,8,URLLC,0.2496,390,312,5,4,0.00,87,0,25.00
1390,9,URLLC,0.2496,390,312,5,4,0.00,87,0,25.00
1390,10,URLLC,0.0000,390,0,5,0,0.00,398,0,25.00
1390,11,MTC,0.2048,384,256,3,2,0.00,137,0,28.34
1390,12,MTC,0.2048,384,256,3,2,0.00,137,0,28.34
1390,13,MTC,0.0000,384,0,3,0,0.00,1441,0,28.34
1390,14,MTC,0.2048,384,256,3,2,0.00,137,0,28.34
1390,15,MTC,0.0000,384,0,3,0,0.00,7355,0,28.34
1390,16,MTC,0.0000,384,0,3,0,0.00,3891,0,28.34
1390,17,MTC,0.0000,384,0,3,0,0.00,2297,0,28.34
1390,18,MTC,0.0000,384,0,3,0,0.00,46,0,28.34
1390,19,MTC,0.2048,384,256,3,2,0.00,137,0,28.34
1390,20,MTC,0.2048,384,256,3,2,0.00,137,0,28.34
1400,1,eMBB,14.6688,16808,18336,11,12,0.00,1792,0,46.66
1400,2,eMBB,0.0000,16808,0,11,0,0.00,1437250,0,46.66
1400,3,eMBB,0.0000,16808,0,11,0,0.00,1514506,0,46.66
1400,4,eMBB,15.8912,16808,19864,11,13,0.00,3382,0,46.66
1400,5,eMBB,0.0000,16808,0,11,0,0.00,1503615,0,46.66
1400,6,URLLC,0.3120,390,390,5,5,0.00,87,0,25.00
1400,7,URLLC,0.3120,390,390,5,5,0.00,87,0,25.00
1400,8,URLLC,0.3120,390,390,5,5,0.00,87,0,25.00
1400,9,URLLC,0.3120,390,390,5,5,0.00,87,0,25.00
1400,10,URLLC,0.0000,390,0,5,0,0.00,217,0,25.00
1400,11,MTC,0.2048,256,256,2,2,0.00,137,0,28.34
1400,12,MTC,0.2048,256,256,2,2,0.00,137,0,28.34
1400,13,MTC,0.0000,256,0,2,0,0.00,1441,0,28.34
1400,14,MTC,0.1024,256,128,2,1,0.00,137,0,28.34
1400,15,MTC,0.0000,256,0,2,0,0.00,4078,0,28.34
1400,16,MTC,0.0000,256,0,2,0,0.00,3891,0,28.34
1400,17,MTC,0.0000,256,0,2,0,0.00,4273,0,28.34
1400,18,MTC,0.3072,256,384,2,3,0.00,15,0,28.34
1400,19,MTC,0.2048,256,256,2,2,0.00,137,0,28.34
1400,20,MTC,0.2048,256,256,2,2,0.00,137,0,28.34
1410,1,eMBB,14.6688,18336,18336,12,12,0.00,3069,0,46.66
1410,2,eMBB,0.0000,18336,0,12,0,0.00,1461126,0,46.66
1410,3,eMBB,0.0000,18336,0,12,0,0.00,1514506,0,46.66
1410,4,eMBB,14.6688,18336,18336,12,12,0.00,3069,0,46.66
1410,5,eMBB,0.0000,18336,0,12,0,0.00,1503615,0,46.66
1410,6,URLLC,0.3744,390,468,5,6,0.00,87,0,25.00
1410,7,URLLC,0.3744,390,468,5,6,0.00,87,0,25.00
1410,8,URLLC,0.3744,390,468,5,6,0.00,87,0,25.00
1410,9,URLLC,0.3744,390,468,5,6,0.00,87,0,25.00
1410,10,URLLC,0.0000,390,0,5,0,0.00,169,0,25.00
1410,11,MTC,0.3072,384,384,3,3,0.00,137,0,28.34
1410,12,MTC,0.3072,384,384,3,3,0.00,137,0,28.34
1410,13,MTC,0.0000,384,0,3,0,0.00,1441,0,28.34
1410,14,MTC,0.4096,384,512,3,4,0.00,269,0,28.34
1410,15,MTC,0.0000,384,0,3,0,0.00,1267,0,28.34
1410,16,MTC,0.0000,384,0,3,0,0.00,4609,0,28.34
1410,17,MTC,0.0000,384,0,3,0,0.00,3998,0,28.34
1410,18,MTC,0.3072,384,384,3,3,0.00,137,0,28.34
1410,19,MTC,0.3072,384,384,3,3,0.00,137,0,28.34
1410,20,MTC,0.3072,384,384,3,3,0.00,137,0,28.34
1420,1,eMBB,14.6688,18336,18336,12,12,0.00,1537,0,46.66
1420,2,eMBB,0.0000,18336,0,12,0,0.00,1461126,0,46.66
1420,3,eMBB,0.0000,18336,0,12,0,0.00,1548168,0,46.66
1420,4,eMBB,14.6688,18336,18336,12,12,0.00,113,0,46.66
1420,5,eMBB,0.0000,18336,0,12,0,0.00,1503615,0,46.66
1420,6,URLLC,0.3120,390,390,5,5,0.00,87,0,25.00
1420,7,URLLC,0.3120,390,390,5,5,0.00,87,0,25.00
1420,8,URLLC,0.3120,390,390,5,5,0.00,87,0,25.00
1420,9,URLLC,0.3120,390,390,5,5,0.00,87,0,25.00
1420,10,URLLC,0.0000,390,0,5,0,0.00,415,0,25.00
1420,11,MTC,0.3072,256,384,2,3,0.00,137,0,28.34
1420,12,MTC,0.3072,256,384,2,3,0.00,137,0,28.34
1420,13,MTC,0.3072,256,384,2,3,0.00,2579,0,28.34
1420,14,MTC,0.3072,256,384,2,3,0.00,137,0,28.34
1420,15,MTC,0.0000,256,0,2,0,0.00,645,0,28.34
1420,16,MTC,0.0000,256,0,2,0,0.00,4609,0,28.34
1420,17,MTC,0.0000,256,0,2,0,0.00,3924,0,28.34
1420,18,MTC,0.2048,256,256,2,2,0.00,137,0,28.34
1420,19,MTC,0.3072,256,384,2,3,0.00,137,0,28.34
1420,20,MTC,0.3072,256,384,2,3,0.00,137,0,28.34
1430,1,eMBB,14.6688,16808,18336,11,12,0.00,1537,0,46.66
1430,2,eMBB,0.0000,16808,0,11,0,0.00,1498704,0,46.66
1430,3,eMBB,0.0000,16808,0,11,0,0.00,1548168,0,46.66
1430,4,eMBB,13.4464,16808,16808,11,11,0.00,2135,0,46.66
1430,5,eMBB,0.0000,16808,0,11,0,0.00,1503615,0,46.66
1430,6,URLLC,0.3120,390,390,5,5,0.00,87,0,25.00
1430,7,URLLC,0.3120,390,390,5,5,0.00,87,0,25.00
1430,8,URLLC,0.3120,390,390,5,5,0.00,87,0,25.00
1430,9,URLLC,0.3120,390,390,5,5,0.00,87,0,25.00
1430,10,URLLC,0.0000,390,0,5,0,0.00,316,0,25.00
1430,11,MTC,0.2048,384,256,3,2,0.00,137,0,28.34
1430,12,MTC,0.2048,384,256,3,2,0.00,137,0,28.34
1430,13,MTC,0.0000,384,0,3,0,0.00,2079,0,28.34
1430,14,MTC,0.0000,384,0,3,0,0.00,137,0,28.34
1430,15,MTC,0.0000,384,0,3,0,0.00,645,0,28.34
1430,16,MTC,0.0000,384,0,3,0,0.00,4609,0,28.34
1430,17,MTC,0.0000,384,0,3,0,0.00,3721,0,28.34
1430,18,MTC,0.2048,384,256,3,2,0.00,137,0,28.34
1430,19,MTC,0.2048,384,256,3,2,0.00,137,0,28.34
1430,20,MTC,0.2048,384,256,3,2,0.00,137,0,28.34
1440,1,eMBB,14.6688,18336,18336,12,12,0.00,1537,0,46.66
1440,2,eMBB,0.0000,18336,0,12,0,0.00,1522244,0,46.66
1440,3,eMBB,0.0000,18336,0,12,0,0.00,1548168,0,46.66
1440,4,eMBB,14.6688,18336,18336,12,12,0.00,1537,0,46.66
1440,5,eMBB,0.0000,18336,0,12,0,0.00,1577961,0,46.66
1440,6,URLLC,0.3120,390,390,5,5,0.00,87,0,25.00
1440,7,URLLC,0.3120,390,390,5,5,0.00,87,0,25.00
1440,8,URLLC,0.3120,390,390,5,5,0.00,87,0,25.00
1440,9,URLLC,0.3120,390,390,5,5,0.00,87,0,25.00
1440,10,URLLC,0.0000,390,0,5,0,0.00,169,0,25.00
1440,11,MTC,0.3072,256,384,2,3,0.00,137,0,28.34
1440,12,MTC,0.3072,256,384,2,3,0.00,137,0,28.34
1440,13,MTC,0.7168,256,896,2,7,0.00,943,0,28.34
1440,14,MTC,0.4096,256,512,2,4,0.00,137,0,28.34
1440,15,MTC,0.0000,256,0,2,0,0.00,445,0,28.34
1440,16,MTC,0.0000,256,0,2,0,0.00,4647,0,28.34
1440,17,MTC,0.0000,256,0,2,0,0.00,3721,0,28.34
1440,18,MTC,0.1024,256,128,2,1,0.00,49,0,28.34
1440,19,MTC,0.3072,256,384,2,3,0.00,137,0,28.34
1440,20,MTC,0.3072,256,384,2,3,0.00,137,0,28.34
1450,1,eMBB,12.2240,18336,15280,12,10,0.00,1537,0,46.66
1450,2,eMBB,0.0000,18336,0,12,0,0.00,1522244,0,46.66
1450,3,eMBB,0.0000,18336,0,12,0,0.00,1609955,0,46.66
1450,4,eMBB,12.2240,18336,15280,12,10,0.00,1537,0,46.66
1450,5,eMBB,0.0000,18336,0,12,0,0.00,1577961,0,46.66
1450,6,URLLC,0.3120,390,390,5,5,0.00,87,0,25.00
1450,7,URLLC,0.3120,390,390,5,5,0.00,87,0,25.00
1450,8,URLLC,0.3120,390,390,5,5,0.00,87,0,25.00
1450,9,URLLC,0.3120,390,390,5,5,0.00,87,0,25.00
1450,10,URLLC,0.0000,390,0,5,0,0.00,192,0,25.00
1450,11,MTC,0.2048,384,256,3,2,0.00,137,0,28.34
1450,12,MTC,0.2048,384,256,3,2,0.00,137,0,28.34
1450,13,MTC,0.0000,384,0,3,0,0.00,757,0,28.34
1450,14,MTC,0.0000,384,0,3,0,0.00,137,0,28.34
1450,15,MTC,0.0000,384,0,3,0,0.00,269,0,28.34
1450,16,MTC,0.0000,384,0,3,0,0.00,4647,0,28.34
1450,17,MTC,0.0000,384,0,3,0,0.00,3721,0,28.34
1450,18,MTC,0.2048,384,256,3,2,0.00,401,0,28.34
1450,19,MTC,0.2048,384,256,3,2,0.00,137,0,28.34
1450,20,MTC,0.2048,384,256,3,2,0.00,137,0,28.34
1460,1,eMBB,13.4464,16808,16808,11,11,0.00,3980,0,16.66
1460,2,eMBB,0.0000,16808,0,11,0,0.00,1547744,0,16.66
1460,3,eMBB,0.0000,16808,0,11,0,0.00,1609955,0,16.66
1460,4,eMBB,14.6688,16808,18336,11,12,0.00,5206,0,16.66
1460,5,eMBB,0.0000,16808,0,11,0,0.00,1601929,0,16.66
1460,6,URLLC,0.2496,390,312,5,4,0.00,87,0,45.00
1460,7,URLLC,0.2496,390,312,5,4,0.00,87,0,45.00
1460,8,URLLC,0.2496,390,312,5,4,0.00,87,0,45.00
1460,9,URLLC,0.2496,390,312,5,4,0.00,87,0,45.00
1460,10,URLLC,0.0000,390,0,5,0,0.00,87,0,45.00
1460,11,MTC,0.2048,256,256,2,2,0.00,137,0,38.33
1460,12,MTC,0.2048,256,256,2,2,0.00,137,0,38.33
1460,13,MTC,0.0000,256,0,2,0,0.00,401,0,38.33
1460,14,MTC,0.5120,256,640,2,5,0.00,269,0,38.33
1460,15,MTC,0.0000,256,0,2,0,0.00,269,0,38.33
1460,16,MTC,0.0000,256,0,2,0,0.00,4986,0,38.33
1460,17,MTC,0.0000,256,0,2,0,0.00,4023,0,38.33
1460,18,MTC,0.3072,256,384,2,3,0.00,137,0,38.33
1460,19,MTC,0.2048,256,256,2,2,0.00,137,0,38.33
1460,20,MTC,0.2048,256,256,2,2,0.00,137,0,38.33
1470,1,eMBB,14.6688,18336,18336,12,12,0.00,660,0,46.66
1470,2,eMBB,0.0000,18336,0,12,0,0.00,1576827,0,46.66
1470,3,eMBB,0.0000,18336,0,12,0,0.00,1647533,0,46.66
1470,4,eMBB,14.6688,18336,18336,12,12,0.00,2910,0,46.66
1470,5,eMBB,0.0000,18336,0,12,0,0.00,1621604,0,46.66
1470,6,URLLC,0.3120,390,390,5,5,0.00,87,0,25.00
1470,7,URLLC,0.3120,390,390,5,5,0.00,87,0,25.00
1470,8,URLLC,0.3120,390,390,5,5,0.00,87,0,25.00
1470,9,URLLC,0.3120,390,390,5,5,0.00,87,0,25.00
1470,10,URLLC,0.0000,390,0,5,0,0.00,87,0,25.00
1470,11,MTC,0.3072,384,384,3,3,0.00,137,0,28.34
1470,12,MTC,0.3072,384,384,3,3,0.00,137,0,28.34
1470,13,MTC,0.0000,384,0,3,0,0.00,269,0,28.34
1470,14,MTC,0.2048,384,256,3,2,0.00,381,0,28.34
1470,15,MTC,0.0000,384,0,3,0,0.00,665,0,28.34
1470,16,MTC,0.0000,384,0,3,0,0.00,4986,0,28.34
1470,17,MTC,0.0000,384,0,3,0,0.00,3860,0,28.34
1470,18,MTC,0.1024,384,128,3,1,0.00,137,0,28.34
1470,19,MTC,0.3072,384,384,3,3,0.00,137,0,28.34
1470,20,MTC,0.3072,384,384,3,3,0.00,137,0,28.34
1480,1,eMBB,14.6688,18336,18336,12,12,0.00,3775,0,16.66
1480,2,eMBB,0.0000,18336,0,12,0,0.00,1582411,0,16.66
1480,3,eMBB,0.0000,18336,0,12,0,0.00,1647533,0,16.66
1480,4,eMBB,13.4464,18336,16808,12,11,0.00,4734,0,16.66
1480,5,eMBB,0.0000,18336,0,12,0,0.00,1621604,0,16.66
1480,6,URLLC,0.3744,390,468,5,6,0.00,87,0,45.00
1480,7,URLLC,0.3744,390,468,5,6,0.00,87,0,45.00
1480,8,URLLC,0.3744,390,468,5,6,0.00,87,0,45.00
1480,9,URLLC,0.3744,390,468,5,6,0.00,87,0,45.00
1480,10,URLLC,0.0000,390,0,5,0,0.00,169,0,45.00
1480,11,MTC,0.3072,256,384,2,3,0.00,137,0,38.33
1480,12,MTC,0.3072,256,384,2,3,0.00,137,0,38.33
1480,13,MTC,0.0000,256,0,2,0,0.00,137,0,38.33
1480,14,MTC,0.2048,256,256,2,2,0.00,137,0,38.33
1480,15,MTC,0.0000,256,0,2,0,0.00,665,0,38.33
1480,16,MTC,0.0000,256,0,2,0,0.00,5007,0,38.33
1480,17,MTC,0.0000,256,0,2,0,0.00,3972,0,38.33
1480,18,MTC,0.5120,256,640,2,5,0.00,137,0,38.33
1480,19,MTC,0.3072,256,384,2,3,0.00,137,0,38.33
1480,20,MTC,0.3072,256,384,2,3,0.00,137,0,38.33
1490,1,eMBB,15.8912,16808,19864,11,13,0.00,1537,0,61.67
1490,2,eMBB,0.0000,16808,0,11,0,0.00,1608172,0,61.67
1490,3,eMBB,0.0000,16808,0,11,0,0.00,1647533,0,61.67
1490,4,eMBB,17.1136,16808,21392,11,14,0.00,1537,0,61.67
1490,5,eMBB,0.0000,16808,0,11,0,0.00,1621604,0,61.67
1490,6,URLLC,0.3120,390,390,5,5,0.00,87,0,20.00
1490,7,URLLC,0.3120,390,390,5,5,0.00,87,0,20.00
1490,8,URLLC,0.3120,390,390,5,5,0.00,87,0,20.00
1490,9,URLLC,0.3120,390,390,5,5,0.00,87,0,20.00
1490,10,URLLC,0.0000,390,0,5,0,0.00,169,0,20.00
1490,11,MTC,0.2048,384,256,3,2,0.00,137,0,18.34
1490,12,MTC,0.2048,384,256,3,2,0.00,137,0,18.34
1490,13,MTC,1.1264,384,1408,3,11,0.00,533,0,18.34
1490,14,MTC,0.1024,384,128,3,1,0.00,137,0,18.34
1490,15,MTC,0.0000,384,0,3,0,0.00,1305,0,18.34
1490,16,MTC,0.0000,384,0,3,0,0.00,5007,0,18.34
1490,17,MTC,0.0000,384,0,3,0,0.00,3444,0,18.34
1490,18,MTC,0.2048,384,256,3,2,0.00,21,0,18.34
1490,19,MTC,0.2048,384,256,3,2,0.00,137,0,18.34
1490,20,MTC,0.2048,384,256,3,2,0.00,137,0,18.34
1500,1,eMBB,14.6688,18336,18336,12,12,0.00,3512,0,16.66
1500,2,eMBB,0.0000,18336,0,12,0,0.00,1620555,0,16.66
1500,3,eMBB,0.0000,18336,0,12,0,0.00,1689885,0,16.66
1500,4,eMBB,12.2240,18336,15280,12,10,0.00,2383,0,16.66
1500,5,eMBB,0.0000,18336,0,12,0,0.00,1669071,0,16.66
1500,6,URLLC,0.3120,390,390,5,5,0.00,87,0,45.00
1500,7,URLLC,0.3120,390,390,5,5,0.00,87,0,45.00
1500,8,URLLC,0.3120,390,390,5,5,0.00,87,0,45.00
1500,9,URLLC,0.3120,390,390,5,5,0.00,87,0,45.00
1500,10,URLLC,0.0000,390,0,5,0,0.00,324,0,45.00
1500,11,MTC,0.3072,256,384,2,3,0.00,137,0,38.33
1500,12,MTC,0.3072,256,384,2,3,0.00,137,0,38.33
1500,13,MTC,0.0000,256,0,2,0,0.00,137,0,38.33
1500,14,MTC,0.3072,256,384,2,3,0.00,137,0,38.33
1500,15,MTC,0.0000,256,0,2,0,0.00,1305,0,38.33
1500,16,MTC,0.0000,256,0,2,0,0.00,5007,0,38.33
1500,17,MTC,0.0000,256,0,2,0,0.00,3167,0,38.33
1500,18,MTC,0.0000,256,0,2,0,0.00,137,0,38.33
1500,19,MTC,0.3072,256,384,2,3,0.00,137,0,38.33
1500,20,MTC,0.3072,256,384,2,3,0.00,137,0,38.33
1510,1,eMBB,13.4464,18336,16808,12,11,0.00,1537,0,16.66
1510,2,eMBB,0.0000,18336,0,12,0,0.00,1641507,0,16.66
1510,3,eMBB,0.0000,18336,0,12,0,0.00,1689885,0,16.66
1510,4,eMBB,11.0016,18336,13752,12,9,0.00,3773,0,16.66
1510,5,eMBB,0.0000,18336,0,12,0,0.00,1694874,0,16.66
1510,6,URLLC,0.3120,390,390,5,5,0.00,87,0,55.00
1510,7,URLLC,0.3120,390,390,5,5,0.00,87,0,55.00
1510,8,URLLC,0.3120,390,390,5,5,0.00,87,0,55.00
1510,9,URLLC,0.3120,390,390,5,5,0.00,87,0,55.00
1510,10,URLLC,0.0000,390,0,5,0,0.00,324,0,55.00
1510,11,MTC,0.2048,384,256,3,2,0.00,137,0,28.34
1510,12,MTC,0.2048,384,256,3,2,0.00,137,0,28.34
1510,13,MTC,0.0000,384,0,3,0,0.00,269,0,28.34
1510,14,MTC,0.3072,384,384,3,3,0.00,137,0,28.34
1510,15,MTC,0.0000,384,0,3,0,0.00,1293,0,28.34
1510,16,MTC,0.0000,384,0,3,0,0.00,3550,0,28.34
1510,17,MTC,0.0000,384,0,3,0,0.00,3136,0,28.34
1510,18,MTC,0.4096,384,512,3,4,0.00,137,0,28.34
1510,19,MTC,0.2048,384,256,3,2,0.00,137,0,28.34
1510,20,MTC,0.2048,384,256,3,2,0.00,137,0,28.34
