timestamp,ueImsi,sliceId,dTxBytes,dRxBytes,plr,resourceSharePct,dLostPackets,throughputMbps,bufferBytes
560,1,0,24448,1528,93.75,34.12,15,1.2224,133489
560,2,0,24448,1528,93.75,34.12,15,1.2224,133498
560,3,0,24448,1528,93.75,34.12,15,1.2224,133500
560,4,0,24448,1528,93.75,34.12,15,1.2224,133401
560,5,0,24448,1528,93.75,34.12,15,1.2224,133503
560,6,1,390,312,20.00,35.68,1,0.2496,169
560,7,1,390,312,20.00,35.68,1,0.2496,169
560,8,1,390,312,20.00,35.68,1,0.2496,169
560,9,1,390,312,20.00,35.68,1,0.2496,169
560,10,1,390,312,20.00,35.68,1,0.2496,169
560,11,2,16000,896,94.40,30.20,118,0.7168,90591
560,12,2,16000,896,94.40,30.20,118,0.7168,90578
560,13,2,16000,768,95.20,30.20,119,0.6144,90502
560,14,2,16000,896,94.40,30.20,118,0.7168,90500
560,15,2,16000,768,95.20,30.20,119,0.6144,90569
560,16,2,16000,768,95.20,30.20,119,0.6144,90569
560,17,2,16000,896,94.40,30.20,118,0.7168,90567
560,18,2,16000,768,95.20,30.20,119,0.6144,90540
560,19,2,16000,768,95.20,30.20,119,0.6144,90566
560,20,2,16000,768,95.20,30.20,119,0.6144,90566
