timestamp,ueImsi,sliceId,dTxBytes,dRxBytes,plr,resourceSharePct,dLostPackets,throughputMbps,bufferBytes
1510,1,0,35144,27504,21.74,25.68,5,22.0032,751208
1510,2,0,35144,32088,8.70,25.68,2,25.6704,264179
1510,3,1,1014,702,30.77,52.49,4,0.5616,333
1510,4,1,1014,702,30.77,52.49,4,0.5616,333
1510,5,2,256,256,0.00,21.83,0,0.2048,62
1510,6,2,256,256,0.00,21.83,0,0.2048,54
1510,7,2,256,256,0.00,21.83,0,0.2048,62
1510,8,2,256,0,100.00,21.83,2,0.0000,137
1510,9,2,256,256,0.00,21.83,0,0.2048,54
1510,10,2,256,256,0.00,21.83,0,0.2048,54
