timestamp,sliceId,dedicatedPRB,minPRB,maxPRB
510,0,34.191919235406395,34.191919235406395,100.0
510,1,30.80798988012125,30.80798988012125,100.0
510,2,35.00009088447236,35.00009088447236,100.0
520,0,25.44366603358106,25.44366603358106,100.0
520,1,37.463766392631484,37.463766392631484,100.0
520,2,37.09256757378746,37.09256757378746,100.0
530,0,32.51585119706957,32.51585119706957,100.0
530,1,33.73681226520632,33.73681226520632,100.0
530,2,33.747336537724124,33.747336537724124,100.0
540,0,51.015189555764664,51.015189555764664,100.0
540,1,30.05375130384617,30.05375130384617,100.0
540,2,18.931059140389166,18.931059140389166,100.0
550,0,43.67958163579064,43.67958163579064,100.0
550,1,34.49108115274546,34.49108115274546,100.0
550,2,21.82933721146391,21.82933721146391,100.0
