timestamp,sliceId,dedicatedPRB,minPRB,maxPRB
510,0,34.97278496144101,34.97278496144101,100.0
510,1,25.83830707830071,25.83830707830071,100.0
510,2,39.18890796025829,39.18890796025829,100.0
520,0,41.56866036702655,41.56866036702655,100.0
520,1,38.89343093831007,38.89343093831007,100.0
520,2,19.53790869466338,19.53790869466338,100.0
530,0,32.661396252855965,32.661396252855965,100.0
530,1,30.593953344839758,30.593953344839758,100.0
530,2,36.74465040230428,36.74465040230428,100.0
540,0,39.873005478334925,39.873005478334925,100.0
540,1,43.31266506469908,43.31266506469908,100.0
540,2,16.814329456965996,16.814329456965996,100.0
550,0,28.52022163359512,28.52022163359512,100.0
550,1,29.453886674507135,29.453886674507135,100.0
550,2,42.02589169189774,42.02589169189774,100.0
560,0,40.63895056102158,40.63895056102158,100.0
560,1,24.621068371916977,24.621068371916977,100.0
560,2,34.739981067061436,34.739981067061436,100.0
570,0,32.35813213377609,32.35813213377609,100.0
570,1,43.20724224193418,43.20724224193418,100.0
570,2,24.43462562428973,24.43462562428973,100.0
580,0,29.010167082877054,29.010167082877054,100.0
580,1,48.63176527721019,48.63176527721019,100.0
580,2,22.35806763991276,22.35806763991276,100.0
590,0,40.556666645315275,40.556666645315275,100.0
590,1,33.93879497172405,33.93879497172405,100.0
590,2,25.504538382960668,25.504538382960668,100.0
600,0,30.788049638922626,30.788049638922626,100.0
600,1,37.25147545239261,37.25147545239261,100.0
600,2,31.960474908684766,31.960474908684766,100.0
610,0,28.6336243635996,28.6336243635996,100.0
610,1,35.05293419618106,35.05293419618106,100.0
610,2,36.31344144021934,36.31344144021934,100.0
620,0,41.689086041982314,41.689086041982314,100.0
620,1,24.740407970685325,24.740407970685325,100.0
620,2,33.57050598733237,33.57050598733237,100.0
630,0,37.88722416763452,37.88722416763452,100.0
630,1,41.28570268562701,41.28570268562701,100.0
630,2,20.827073146738478,20.827073146738478,100.0
640,0,43.68222783951622,43.68222783951622,100.0
640,1,27.853337045237136,27.853337045237136,100.0
640,2,28.46443511524665,28.46443511524665,100.0
650,0,27.72973472043454,27.72973472043454,100.0
650,1,36.577740915562,36.577740915562,100.0
650,2,35.692524364003454,35.692524364003454,100.0
660,0,31.454964204029164,31.454964204029164,100.0
660,1,41.69574682509904,41.69574682509904,100.0
660,2,26.849288970871797,26.849288970871797,100.0
670,0,32.87496287581039,32.87496287581039,100.0
670,1,32.23159054463228,32.23159054463228,100.0
670,2,34.89344657955733,34.89344657955733,100.0
680,0,23.73624912754286,23.73624912754286,100.0
680,1,52.74308866112087,52.74308866112087,100.0
680,2,23.520662211336262,23.520662211336262,100.0
690,0,28.516866363028093,28.516866363028093,100.0
690,1,42.82836941266247,42.82836941266247,100.0
690,2,28.65476422430944,28.65476422430944,100.0
700,0,37.427814376215125,37.427814376215125,100.0
700,1,41.68856146133958,41.68856146133958,100.0
700,2,20.883624162445297,20.883624162445297,100.0
710,0,45.31587010594973,45.31587010594973,100.0
710,1,34.06180691353923,34.06180691353923,100.0
710,2,20.622322980511036,20.622322980511036,100.0
720,0,26.648662881067466,26.648662881067466,100.0
720,1,34.405805615689204,34.405805615689204,100.0
720,2,38.94553150324334,38.94553150324334,100.0
730,0,32.17755753585595,32.17755753585595,100.0
730,1,26.625897141798603,26.625897141798603,100.0
730,2,41.196545322345465,41.196545322345465,100.0
740,0,25.906972834162072,25.906972834162072,100.0
740,1,50.54398665411162,50.54398665411162,100.0
740,2,23.54904051172631,23.54904051172631,100.0
750,0,31.64793883713707,31.64793883713707,100.0
750,1,37.75036790621047,37.75036790621047,100.0
750,2,30.601693256652464,30.601693256652464,100.0
760,0,53.28059700236666,53.28059700236666,100.0
760,1,26.740116297673943,26.740116297673943,100.0
760,2,19.97928669995941,19.97928669995941,100.0
770,0,36.92464856837485,36.92464856837485,100.0
770,1,44.835530493300396,44.835530493300396,100.0
770,2,18.23982093832475,18.23982093832475,100.0
780,0,45.37153197830809,45.37153197830809,100.0
780,1,35.280318154224005,35.280318154224005,100.0
780,2,19.348149867467907,19.348149867467907,100.0
790,0,44.635630369890535,44.635630369890535,100.0
790,1,30.69461649602035,30.69461649602035,100.0
790,2,24.669753134089124,24.669753134089124,100.0
800,0,38.369095552983914,38.369095552983914,100.0
800,1,25.95773774395055,25.95773774395055,100.0
800,2,35.67316670306555,35.67316670306555,100.0
810,0,38.588671875681555,38.588671875681555,100.0
810,1,30.593138272688304,30.593138272688304,100.0
810,2,30.818189851630144,30.818189851630144,100.0
820,0,30.73665080945835,30.73665080945835,100.0
820,1,30.58202273885154,30.58202273885154,100.0
820,2,38.68132645169011,38.68132645169011,100.0
830,0,38.040299102159345,38.040299102159345,100.0
830,1,34.2129737455234,34.2129737455234,100.0
830,2,27.746727152317252,27.746727152317252,100.0
840,0,36.348799276128794,36.348799276128794,100.0
840,1,31.907157138649055,31.907157138649055,100.0
840,2,31.744043585222148,31.744043585222148,100.0
850,0,40.67872810684126,40.67872810684126,100.0
850,1,25.344569666229944,25.344569666229944,100.0
850,2,33.97670222692881,33.97670222692881,100.0
860,0,30.193605569529357,30.193605569529357,100.0
860,1,42.25201536074469,42.25201536074469,100.0
860,2,27.554379069725954,27.554379069725954,100.0
870,0,27.524425605022156,27.524425605022156,100.0
870,1,28.342333806851688,28.342333806851688,100.0
870,2,44.13324058812616,44.13324058812616,100.0
880,0,25.761858386365738,25.761858386365738,100.0
880,1,34.257142456078086,34.257142456078086,100.0
880,2,39.980999157556184,39.980999157556184,100.0
890,0,34.97860324212382,34.97860324212382,100.0
890,1,29.45506491177108,29.45506491177108,100.0
890,2,35.56633184610511,35.56633184610511,100.0
900,0,31.655800588487182,31.655800588487182,100.0
900,1,37.92801846189762,37.92801846189762,100.0
900,2,30.416180949615196,30.416180949615196,100.0
910,0,35.57900505126862,35.57900505126862,100.0
910,1,32.87204001102832,32.87204001102832,100.0
910,2,31.548954937703073,31.548954937703073,100.0
920,0,41.884858574502324,41.884858574502324,100.0
920,1,37.4875249385328,37.4875249385328,100.0
920,2,20.62761648696488,20.62761648696488,100.0
930,0,37.66903894294885,37.66903894294885,100.0
930,1,33.21430508826175,33.21430508826175,100.0
930,2,29.116655968789406,29.116655968789406,100.0
940,0,27.068331504114973,27.068331504114973,100.0
940,1,33.646336078213146,33.646336078213146,100.0
940,2,39.28533241767188,39.28533241767188,100.0
950,0,35.22545794062663,35.22545794062663,100.0
950,1,37.16476677055108,37.16476677055108,100.0
950,2,27.609775288822284,27.609775288822284,100.0
960,0,32.44762208997938,32.44762208997938,100.0
960,1,30.01905370780807,30.01905370780807,100.0
960,2,37.53332420221255,37.53332420221255,100.0
970,0,28.142444768355627,28.142444768355627,100.0
970,1,26.9720593735447,26.9720593735447,100.0
970,2,44.88549585809967,44.88549585809967,100.0
980,0,29.512159173892794,29.512159173892794,100.0
980,1,45.42566712532618,45.42566712532618,100.0
980,2,25.062173700781027,25.062173700781027,100.0
990,0,32.645966520041206,32.645966520041206,100.0
990,1,31.443170914492697,31.443170914492697,100.0
990,2,35.9108625654661,35.9108625654661,100.0
1000,0,33.217425638762585,33.217425638762585,100.0
1000,1,35.273705037712986,35.273705037712986,100.0
1000,2,31.508869323524426,31.508869323524426,100.0
1010,0,45.820278004029,45.820278004029,100.0
1010,1,28.813733016509712,28.813733016509712,100.0
1010,2,25.365988979461285,25.365988979461285,100.0
1020,0,44.082087553977914,44.082087553977914,100.0
1020,1,32.54462407098882,32.54462407098882,100.0
1020,2,23.373288375033276,23.373288375033276,100.0
1030,0,32.65662216050597,32.65662216050597,100.0
1030,1,36.07560897844928,36.07560897844928,100.0
1030,2,31.267768861044758,31.267768861044758,100.0
1040,0,27.803169027456438,27.803169027456438,100.0
1040,1,39.98431622020499,39.98431622020499,100.0
1040,2,32.21251475233858,32.21251475233858,100.0
1050,0,39.98989852237429,39.98989852237429,100.0
1050,1,24.78256966638833,24.78256966638833,100.0
1050,2,35.22753181123737,35.22753181123737,100.0
1060,0,47.38280800836049,47.38280800836049,100.0
1060,1,33.7552931568961,33.7552931568961,100.0
1060,2,18.86189883474341,18.86189883474341,100.0
1070,0,27.212079044302108,27.212079044302108,100.0
1070,1,35.313150184304476,35.313150184304476,100.0
1070,2,37.474770771393416,37.474770771393416,100.0
1080,0,50.31015627345029,50.31015627345029,100.0
1080,1,29.843394425521808,29.843394425521808,100.0
1080,2,19.846449301027903,19.846449301027903,100.0
1090,0,39.45264083794648,39.45264083794648,100.0
1090,1,24.076021246710276,24.076021246710276,100.0
1090,2,36.47133791534324,36.47133791534324,100.0
1100,0,31.516442897248048,31.516442897248048,100.0
1100,1,28.116094276753813,28.116094276753813,100.0
1100,2,40.367462825998146,40.367462825998146,100.0
1110,0,27.77185342195497,27.77185342195497,100.0
1110,1,29.65670271592468,29.65670271592468,100.0
1110,2,42.57144386212035,42.57144386212035,100.0
1120,0,38.274940853060286,38.274940853060286,100.0
1120,1,40.611068547246,40.611068547246,100.0
1120,2,21.11399059969372,21.11399059969372,100.0
1130,0,39.51241442423166,39.51241442423166,100.0
1130,1,25.71426722501017,25.71426722501017,100.0
1130,2,34.773318350758174,34.773318350758174,100.0
1140,0,25.67869393805599,25.67869393805599,100.0
1140,1,35.98879697486916,35.98879697486916,100.0
1140,2,38.332509087074854,38.332509087074854,100.0
1150,0,38.875253960844574,38.875253960844574,100.0
1150,1,29.748601580820242,29.748601580820242,100.0
1150,2,31.37614445833518,31.37614445833518,100.0
1160,0,39.17730564236473,39.17730564236473,100.0
1160,1,26.583733311053674,26.583733311053674,100.0
1160,2,34.2389610465816,34.2389610465816,100.0
1170,0,27.812759043352553,27.812759043352553,100.0
1170,1,29.651742219622857,29.651742219622857,100.0
1170,2,42.53549873702459,42.53549873702459,100.0
1180,0,48.52632163585703,48.52632163585703,100.0
1180,1,27.30387968623546,27.30387968623546,100.0
1180,2,24.16979867790751,24.16979867790751,100.0
1190,0,29.69671687867901,29.69671687867901,100.0
1190,1,32.05991608521296,32.05991608521296,100.0
1190,2,38.24336703610803,38.24336703610803,100.0
1200,0,49.71725196987286,49.71725196987286,100.0
1200,1,27.87709571641211,27.87709571641211,100.0
1200,2,22.405652313715034,22.405652313715034,100.0
1210,0,47.16502422374781,47.16502422374781,100.0
1210,1,25.674885430988954,25.674885430988954,100.0
1210,2,27.16009034526324,27.16009034526324,100.0
1220,0,42.8584189675426,42.8584189675426,100.0
1220,1,27.48139545742761,27.48139545742761,100.0
1220,2,29.6601855750298,29.6601855750298,100.0
1230,0,35.71435437079773,35.71435437079773,100.0
1230,1,29.779851435390466,29.779851435390466,100.0
1230,2,34.50579419381181,34.50579419381181,100.0
1240,0,45.45960807694363,45.45960807694363,100.0
1240,1,26.06851374452851,26.06851374452851,100.0
1240,2,28.47187817852787,28.47187817852787,100.0
1250,0,35.26041244960807,35.26041244960807,100.0
1250,1,31.829236287827683,31.829236287827683,100.0
1250,2,32.91035126256425,32.91035126256425,100.0
1260,0,49.28126357655395,49.28126357655395,100.0
1260,1,26.18547274143993,26.18547274143993,100.0
1260,2,24.53326368200612,24.53326368200612,100.0
1270,0,24.967138157326175,24.967138157326175,100.0
1270,1,45.891504677553264,45.891504677553264,100.0
1270,2,29.141357165120564,29.141357165120564,100.0
1280,0,30.087785548284003,30.087785548284003,100.0
1280,1,36.4168249455779,36.4168249455779,100.0
1280,2,33.4953895061381,33.4953895061381,100.0
1290,0,34.942945619135635,34.942945619135635,100.0
1290,1,41.333584724363995,41.333584724363995,100.0
1290,2,23.723469656500367,23.723469656500367,100.0
1300,0,39.887873090572306,39.887873090572306,100.0
1300,1,31.53453004707855,31.53453004707855,100.0
1300,2,28.577596862349143,28.577596862349143,100.0
1310,0,36.36097283610164,36.36097283610164,100.0
1310,1,34.05573256027075,34.05573256027075,100.0
1310,2,29.583294603627618,29.583294603627618,100.0
1320,0,40.4599407761687,40.4599407761687,100.0
1320,1,29.3107151999705,29.3107151999705,100.0
1320,2,30.229344023860804,30.229344023860804,100.0
1330,0,41.417504386008744,41.417504386008744,100.0
1330,1,29.878820430885476,29.878820430885476,100.0
1330,2,28.70367518310577,28.70367518310577,100.0
1340,0,32.426785380475366,32.426785380475366,100.0
1340,1,26.962309219263304,26.962309219263304,100.0
1340,2,40.61090540026133,40.61090540026133,100.0
1350,0,40.45894973914704,40.45894973914704,100.0
1350,1,27.49942286529206,27.49942286529206,100.0
1350,2,32.04162739556091,32.04162739556091,100.0
1360,0,28.246699162187205,28.246699162187205,100.0
1360,1,27.043343098123117,27.043343098123117,100.0
1360,2,44.70995773968968,44.70995773968968,100.0
1370,0,41.13187148078301,41.13187148078301,100.0
1370,1,29.239051835155593,29.239051835155593,100.0
1370,2,29.62907668406139,29.62907668406139,100.0
1380,0,37.72410310298018,37.72410310298018,100.0
1380,1,25.950247509403056,25.950247509403056,100.0
1380,2,36.32564938761676,36.32564938761676,100.0
1390,0,33.83529046882317,33.83529046882317,100.0
1390,1,38.52308725157878,38.52308725157878,100.0
1390,2,27.64162227959805,27.64162227959805,100.0
1400,0,35.32588318395192,35.32588318395192,100.0
1400,1,36.846993997127676,36.846993997127676,100.0
1400,2,27.8271228189204,27.8271228189204,100.0
1410,0,30.978889439562018,30.978889439562018,100.0
1410,1,41.089312682780864,41.089312682780864,100.0
1410,2,27.931797877657118,27.931797877657118,100.0
1420,0,22.99439351958594,22.99439351958594,100.0
1420,1,55.590091443530845,55.590091443530845,100.0
1420,2,21.41551503688321,21.41551503688321,100.0
1430,0,33.47976089643073,33.47976089643073,100.0
1430,1,37.36738800357914,37.36738800357914,100.0
1430,2,29.15285109999013,29.15285109999013,100.0
1440,0,49.44519936086385,49.44519936086385,100.0
1440,1,29.208123377937167,29.208123377937167,100.0
1440,2,21.34667726119897,21.34667726119897,100.0
1450,0,44.129569595786535,44.129569595786535,100.0
1450,1,24.569799216011685,24.569799216011685,100.0
1450,2,31.300631188201784,31.300631188201784,100.0
1460,0,43.61399371640603,43.61399371640603,100.0
1460,1,27.976159841946856,27.976159841946856,100.0
1460,2,28.40984644164711,28.40984644164711,100.0
1470,0,48.93476236588141,48.93476236588141,100.0
1470,1,32.09102234438326,32.09102234438326,100.0
1470,2,18.974215289735326,18.974215289735326,100.0
1480,0,48.76677290933053,48.76677290933053,100.0
1480,1,26.53708796515183,26.53708796515183,100.0
1480,2,24.69613912551764,24.69613912551764,100.0
1490,0,46.68122495396814,46.68122495396814,100.0
1490,1,32.02201229477952,32.02201229477952,100.0
1490,2,21.296762751252334,21.296762751252334,100.0
1500,0,29.977829712645633,29.977829712645633,100.0
1500,1,45.98790760254362,45.98790760254362,100.0
1500,2,24.03426268481075,24.03426268481075,100.0
