timestamp,ueImsi,sliceId,dTxBytes,dRxBytes,plr,resourceSharePct,dLostPackets,throughputMbps,bufferBytes
560,1,0,24448,3056,87.50,22.10,14,2.4448,125455
560,2,0,24448,3056,87.50,22.10,14,2.4448,125461
560,3,0,24448,3056,87.50,22.10,14,2.4448,125468
560,4,0,24448,3056,87.50,22.10,14,2.4448,125369
560,5,0,24448,3056,87.50,22.10,14,2.4448,125365
560,6,1,390,390,0.00,52.45,0,0.3120,87
560,7,1,390,390,0.00,52.45,0,0.3120,87
560,8,1,390,390,0.00,52.45,0,0.3120,87
560,9,1,390,390,0.00,52.45,0,0.3120,87
560,10,1,390,390,0.00,52.45,0,0.3120,87
560,11,2,16000,1664,89.60,25.45,112,1.3312,86223
560,12,2,16000,1664,89.60,25.45,112,1.3312,86204
560,13,2,16000,1664,89.60,25.45,112,1.3312,86232
560,14,2,16000,1664,89.60,25.45,112,1.3312,86178
560,15,2,16000,1664,89.60,25.45,112,1.3312,86179
560,16,2,16000,1536,90.40,25.45,113,1.2288,86186
560,17,2,16000,1536,90.40,25.45,113,1.2288,86175
560,18,2,16000,1664,89.60,25.45,112,1.3312,86237
560,19,2,16000,1536,90.40,25.45,113,1.2288,86171
560,20,2,16000,1536,90.40,25.45,113,1.2288,86164
