timestamp,ueImsi,sliceId,dTxBytes,dRxBytes,plr,resourceSharePct,dLostPackets,throughputMbps,bufferBytes
600,1,0,18336,4584,75.00,33.69,9,3.6672,142456
600,2,0,18336,4584,75.00,33.69,9,3.6672,142472
600,3,0,18336,4584,75.00,33.69,9,3.6672,142510
600,4,0,18336,4584,75.00,33.69,9,3.6672,142491
600,5,0,18336,4584,75.00,33.69,9,3.6672,142399
600,6,1,390,390,0.00,39.09,0,0.3120,87
600,7,1,390,390,0.00,39.09,0,0.3120,87
600,8,1,390,390,0.00,39.09,0,0.3120,87
600,9,1,390,390,0.00,39.09,0,0.3120,87
600,10,1,390,390,0.00,39.09,0,0.3120,87
600,11,2,256,384,0.00,27.23,0,0.3072,89
600,12,2,256,384,0.00,27.23,0,0.3072,89
600,13,2,256,384,0.00,27.23,0,0.3072,137
600,14,2,256,384,0.00,27.23,0,0.3072,89
600,15,2,256,384,0.00,27.23,0,0.3072,47
600,16,2,256,384,0.00,27.23,0,0.3072,89
600,17,2,256,384,0.00,27.23,0,0.3072,179
600,18,2,256,384,0.00,27.23,0,0.3072,89
600,19,2,256,384,0.00,27.23,0,0.3072,137
600,20,2,256,384,0.00,27.23,0,0.3072,137
