timestamp,ueImsi,sliceId,dTxBytes,dRxBytes,plr,resourceSharePct,dLostPackets,throughputMbps,bufferBytes
610,1,0,25976,3056,88.24,32.31,15,2.4448,226715
610,2,0,25976,3056,88.24,32.31,15,2.4448,226612
610,3,0,25976,3056,88.24,32.31,15,2.4448,226620
610,4,0,25976,3056,88.24,32.31,15,2.4448,226627
610,5,0,25976,3056,88.24,32.31,15,2.4448,226609
610,6,1,390,390,0.00,36.75,0,0.3120,87
610,7,1,390,390,0.00,36.75,0,0.3120,87
610,8,1,390,390,0.00,36.75,0,0.3120,87
610,9,1,390,390,0.00,36.75,0,0.3120,87
610,10,1,390,390,0.00,36.75,0,0.3120,87
610,11,2,16000,2176,86.40,30.94,108,1.7408,162436
610,12,2,16000,2176,86.40,30.94,108,1.7408,162528
610,13,2,16000,2176,86.40,30.94,108,1.7408,162428
610,14,2,16000,2048,87.20,30.94,109,1.6384,162475
610,15,2,16000,2048,87.20,30.94,109,1.6384,162490
610,16,2,16000,2048,87.20,30.94,109,1.6384,162468
610,17,2,16000,2176,86.40,30.94,108,1.7408,162450
610,18,2,16000,2176,86.40,30.94,108,1.7408,162426
610,19,2,16000,2176,86.40,30.94,108,1.7408,162434
610,20,2,16000,2048,87.20,30.94,109,1.6384,162463
