timestamp,sliceId,dedicatedPRB,minPRB,maxPRB
510,0,53.450663670416986,53.450663670416986,100.0
510,1,27.283011011059628,27.283011011059628,100.0
510,2,19.266325318523386,19.266325318523386,100.0
520,0,37.39284993689836,37.39284993689836,100.0
520,1,37.131250369934776,37.131250369934776,100.0
520,2,25.47589969316687,25.47589969316687,100.0
530,0,29.28757088219526,29.28757088219526,100.0
530,1,35.760691324949136,35.760691324949136,100.0
530,2,34.95173779285561,34.95173779285561,100.0
540,0,27.665884451358753,27.665884451358753,100.0
540,1,37.40505133210637,37.40505133210637,100.0
540,2,34.929064216534876,34.929064216534876,100.0
550,0,33.60388806668876,33.60388806668876,100.0
550,1,31.93154639997208,31.93154639997208,100.0
550,2,34.46456553333916,34.46456553333916,100.0
560,0,27.942425255430198,27.942425255430198,100.0
560,1,47.64865809337399,47.64865809337399,100.0
560,2,24.40891665119581,24.40891665119581,100.0
570,0,30.041829816750475,30.041829816750475,100.0
570,1,51.05011816478342,51.05011816478342,100.0
570,2,18.908052018466105,18.908052018466105,100.0
580,0,49.90349409349872,49.90349409349872,100.0
580,1,28.584345779841158,28.584345779841158,100.0
580,2,21.512160126660117,21.512160126660117,100.0
590,0,35.07207248680572,35.07207248680572,100.0
590,1,42.23361638290369,42.23361638290369,100.0
590,2,22.694311130290597,22.694311130290597,100.0
600,0,22.51327249997174,22.51327249997174,100.0
600,1,45.97152229486078,45.97152229486078,100.0
600,2,31.515205205167472,31.515205205167472,100.0
610,0,25.894780878534107,25.894780878534107,100.0
610,1,52.5591975523214,52.5591975523214,100.0
610,2,21.546021569144486,21.546021569144486,100.0
620,0,35.449729822097694,35.449729822097694,100.0
620,1,34.67104400088725,34.67104400088725,100.0
620,2,29.879226177015063,29.879226177015063,100.0
630,0,35.60104413294993,35.60104413294993,100.0
630,1,27.72358477798261,27.72358477798261,100.0
630,2,36.67537108906747,36.67537108906747,100.0
640,0,21.86520057969958,21.86520057969958,100.0
640,1,53.202677896846225,53.202677896846225,100.0
640,2,24.932121523454196,24.932121523454196,100.0
650,0,30.333324567700494,30.333324567700494,100.0
650,1,29.63936812642547,29.63936812642547,100.0
650,2,40.02730730587404,40.02730730587404,100.0
660,0,36.171482401741514,36.171482401741514,100.0
660,1,34.02292112014338,34.02292112014338,100.0
660,2,29.80559647811511,29.80559647811511,100.0
670,0,42.26670958404319,42.26670958404319,100.0
670,1,28.497272618318025,28.497272618318025,100.0
670,2,29.236017797638787,29.236017797638787,100.0
680,0,37.15971452355645,37.15971452355645,100.0
680,1,31.10127172230712,31.10127172230712,100.0
680,2,31.739013754136426,31.739013754136426,100.0
690,0,30.53255012332342,30.53255012332342,100.0
690,1,41.709211071719935,41.709211071719935,100.0
690,2,27.75823880495664,27.75823880495664,100.0
700,0,23.846532811262616,23.846532811262616,100.0
700,1,35.067710764012425,35.067710764012425,100.0
700,2,41.08575642472496,41.08575642472496,100.0
710,0,33.17923068858882,33.17923068858882,100.0
710,1,31.565493680808466,31.565493680808466,100.0
710,2,35.255275630602725,35.255275630602725,100.0
720,0,23.92631668116666,23.92631668116666,100.0
720,1,54.08691816362876,54.08691816362876,100.0
720,2,21.986765155204587,21.986765155204587,100.0
730,0,45.7656130259637,45.7656130259637,100.0
730,1,31.717230558878473,31.717230558878473,100.0
730,2,22.517156415157825,22.517156415157825,100.0
740,0,39.80815031197893,39.80815031197893,100.0
740,1,41.903308366584014,41.903308366584014,100.0
740,2,18.28854132143705,18.28854132143705,100.0
750,0,28.95647655194177,28.95647655194177,100.0
750,1,30.81507469781445,30.81507469781445,100.0
750,2,40.228448750243786,40.228448750243786,100.0
760,0,35.7753261100185,35.7753261100185,100.0
760,1,28.133175847547555,28.133175847547555,100.0
760,2,36.09149804243396,36.09149804243396,100.0
770,0,27.4987503254005,27.4987503254005,100.0
770,1,53.024174689127435,53.024174689127435,100.0
770,2,19.477074985472058,19.477074985472058,100.0
780,0,22.37978059085857,22.37978059085857,100.0
780,1,38.25099759778049,38.25099759778049,100.0
780,2,39.369221811360944,39.369221811360944,100.0
790,0,22.69580999755915,22.69580999755915,100.0
790,1,36.45870130655691,36.45870130655691,100.0
790,2,40.84548869588394,40.84548869588394,100.0
800,0,45.655509877275776,45.655509877275776,100.0
800,1,32.19845414526223,32.19845414526223,100.0
800,2,22.146035977462,22.146035977462,100.0
810,0,25.3407383712701,25.3407383712701,100.0
810,1,32.68899200594247,32.68899200594247,100.0
810,2,41.970269622787434,41.970269622787434,100.0
820,0,23.498095261048036,23.498095261048036,100.0
820,1,56.32829955316036,56.32829955316036,100.0
820,2,20.173605185791597,20.173605185791597,100.0
830,0,26.14670250574383,26.14670250574383,100.0
830,1,30.167797308437233,30.167797308437233,100.0
830,2,43.68550018581894,43.68550018581894,100.0
840,0,30.432429888803604,30.432429888803604,100.0
840,1,47.55023791048051,47.55023791048051,100.0
840,2,22.017332200715884,22.017332200715884,100.0
850,0,26.44948928533088,26.44948928533088,100.0
850,1,44.225595611333524,44.225595611333524,100.0
850,2,29.32491510333559,29.32491510333559,100.0
860,0,44.72357599075292,44.72357599075292,100.0
860,1,34.04602424856347,34.04602424856347,100.0
860,2,21.23039976068361,21.23039976068361,100.0
870,0,31.651746955863103,31.651746955863103,100.0
870,1,33.40478551031376,33.40478551031376,100.0
870,2,34.94346753382314,34.94346753382314,100.0
880,0,28.931714260279858,28.931714260279858,100.0
880,1,45.232416569564805,45.232416569564805,100.0
880,2,25.83586917015534,25.83586917015534,100.0
890,0,26.170846043290986,26.170846043290986,100.0
890,1,53.158708853438256,53.158708853438256,100.0
890,2,20.67044510327076,20.67044510327076,100.0
900,0,33.125595380701405,33.125595380701405,100.0
900,1,42.566172514253545,42.566172514253545,100.0
900,2,24.30823210504505,24.30823210504505,100.0
910,0,25.06560956981036,25.06560956981036,100.0
910,1,43.38751263469708,43.38751263469708,100.0
910,2,31.546877795492556,31.546877795492556,100.0
920,0,35.582272536032306,35.582272536032306,100.0
920,1,46.36594636054115,46.36594636054115,100.0
920,2,18.051781103426546,18.051781103426546,100.0
930,0,29.387263389023655,29.387263389023655,100.0
930,1,51.10195702410457,51.10195702410457,100.0
930,2,19.510779586871767,19.510779586871767,100.0
940,0,26.782516685992753,26.782516685992753,100.0
940,1,51.07271662564107,51.07271662564107,100.0
940,2,22.14476668836618,22.14476668836618,100.0
950,0,23.877611445482582,23.877611445482582,100.0
950,1,28.828888086696924,28.828888086696924,100.0
950,2,47.29350046782049,47.29350046782049,100.0
960,0,39.18996978761453,39.18996978761453,100.0
960,1,32.762918158050184,32.762918158050184,100.0
960,2,28.047112054335294,28.047112054335294,100.0
970,0,28.95553026954899,28.95553026954899,100.0
970,1,40.94255307078781,40.94255307078781,100.0
970,2,30.101916659663207,30.101916659663207,100.0
980,0,39.82469374049874,39.82469374049874,100.0
980,1,27.162543019100692,27.162543019100692,100.0
980,2,33.01276324040057,33.01276324040057,100.0
990,0,37.365358827470146,37.365358827470146,100.0
990,1,44.20923772142563,44.20923772142563,100.0
990,2,18.425403451104227,18.425403451104227,100.0
1000,0,31.91219193961072,31.91219193961072,100.0
1000,1,39.52302248705389,39.52302248705389,100.0
1000,2,28.56478557333538,28.56478557333538,100.0
1010,0,33.6394636718188,33.6394636718188,100.0
1010,1,35.02643718290641,35.02643718290641,100.0
1010,2,31.334099145274784,31.334099145274784,100.0
1020,0,35.62602081631992,35.62602081631992,100.0
1020,1,36.008176473052416,36.008176473052416,100.0
1020,2,28.365802710627662,28.365802710627662,100.0
1030,0,45.59343629163051,45.59343629163051,100.0
1030,1,30.50670285056406,30.50670285056406,100.0
1030,2,23.89986085780543,23.89986085780543,100.0
