timestamp,sliceId,dedicatedPRB,minPRB,maxPRB
510,0,46.39403106529772,46.39403106529772,100.0
510,1,34.40683616046859,34.40683616046859,100.0
510,2,19.1991327742337,19.1991327742337,100.0
520,0,23.80185107862271,23.80185107862271,100.0
520,1,27.390954576085335,27.390954576085335,100.0
520,2,48.80719434529196,48.80719434529196,100.0
530,0,37.71221620323809,37.71221620323809,100.0
530,1,28.036984098068995,28.036984098068995,100.0
530,2,34.250799698692916,34.250799698692916,100.0
540,0,38.53723106625423,38.53723106625423,100.0
540,1,26.642605643196116,26.642605643196116,100.0
540,2,34.82016329054966,34.82016329054966,100.0
550,0,23.19421118387393,23.19421118387393,100.0
550,1,41.93048763528735,41.93048763528735,100.0
550,2,34.875301180838726,34.875301180838726,100.0
560,0,24.12205900661098,24.12205900661098,100.0
560,1,46.53545987596557,46.53545987596557,100.0
560,2,29.342481117423453,29.342481117423453,100.0
570,0,33.36340714931595,33.36340714931595,100.0
570,1,41.011703493539784,41.011703493539784,100.0
570,2,25.62488935714427,25.62488935714427,100.0
580,0,36.13527603205609,36.13527603205609,100.0
580,1,35.750685967138494,35.750685967138494,100.0
580,2,28.114038000805426,28.114038000805426,100.0
590,0,31.478524790933438,31.478524790933438,100.0
590,1,30.87940454303122,30.87940454303122,100.0
590,2,37.642070666035345,37.642070666035345,100.0
600,0,40.459653455370656,40.459653455370656,100.0
600,1,32.91047885323628,32.91047885323628,100.0
600,2,26.629867691393073,26.629867691393073,100.0
610,0,23.131749150616322,23.131749150616322,100.0
610,1,38.561660795829255,38.561660795829255,100.0
610,2,38.30659005355442,38.30659005355442,100.0
620,0,31.5378633710651,31.5378633710651,100.0
620,1,47.35156848232329,47.35156848232329,100.0
620,2,21.110568146611612,21.110568146611612,100.0
630,0,44.387531794838154,44.387531794838154,100.0
630,1,28.62352131975433,28.62352131975433,100.0
630,2,26.988946885407515,26.988946885407515,100.0
640,0,46.71232906744608,46.71232906744608,100.0
640,1,30.116923810946695,30.116923810946695,100.0
640,2,23.170747121607228,23.170747121607228,100.0
650,0,28.792229453183882,28.792229453183882,100.0
650,1,26.771881086317606,26.771881086317606,100.0
650,2,44.435889460498515,44.435889460498515,100.0
660,0,32.497182339238904,32.497182339238904,100.0
660,1,31.93362174886304,31.93362174886304,100.0
660,2,35.56919591189806,35.56919591189806,100.0
670,0,23.32178098363461,23.32178098363461,100.0
670,1,49.44430402013067,49.44430402013067,100.0
670,2,27.23391499623472,27.23391499623472,100.0
680,0,23.2286477573492,23.2286477573492,100.0
680,1,41.176444344836106,41.176444344836106,100.0
680,2,35.5949078978147,35.5949078978147,100.0
690,0,31.955718425124836,31.955718425124836,100.0
690,1,36.740267362549176,36.740267362549176,100.0
690,2,31.304014212325992,31.304014212325992,100.0
700,0,43.794551285576375,43.794551285576375,100.0
700,1,31.02984881063739,31.02984881063739,100.0
700,2,25.17559990378624,25.17559990378624,100.0
710,0,38.680975914400626,38.680975914400626,100.0
710,1,33.41240553846756,33.41240553846756,100.0
710,2,27.906618547131806,27.906618547131806,100.0
720,0,34.72508253857649,34.72508253857649,100.0
720,1,29.32920983174292,29.32920983174292,100.0
720,2,35.94570762968059,35.94570762968059,100.0
730,0,49.23291372903491,49.23291372903491,100.0
730,1,30.40184143013495,30.40184143013495,100.0
730,2,20.365244840830144,20.365244840830144,100.0
740,0,27.85866630502826,27.85866630502826,100.0
740,1,37.49832754037931,37.49832754037931,100.0
740,2,34.643006154592435,34.643006154592435,100.0
750,0,35.63081018101264,35.63081018101264,100.0
750,1,41.94731682440921,41.94731682440921,100.0
750,2,22.421872994578152,22.421872994578152,100.0
760,0,32.03581525920538,32.03581525920538,100.0
760,1,31.831348754339384,31.831348754339384,100.0
760,2,36.132835986455234,36.132835986455234,100.0
770,0,35.763273994271245,35.763273994271245,100.0
770,1,31.447221205553305,31.447221205553305,100.0
770,2,32.78950480017544,32.78950480017544,100.0
780,0,39.69063222508423,39.69063222508423,100.0
780,1,27.34354689682956,27.34354689682956,100.0
780,2,32.9658208780862,32.9658208780862,100.0
790,0,38.686103852087,38.686103852087,100.0
790,1,30.457732186953596,30.457732186953596,100.0
790,2,30.856163960959403,30.856163960959403,100.0
800,0,32.36647532853982,32.36647532853982,100.0
800,1,25.99255359349353,25.99255359349353,100.0
800,2,41.64097107796665,41.64097107796665,100.0
810,0,33.14754795345732,33.14754795345732,100.0
810,1,28.223660409712593,28.223660409712593,100.0
810,2,38.628791636830094,38.628791636830094,100.0
820,0,30.809786970490617,30.809786970490617,100.0
820,1,25.83113476655835,25.83113476655835,100.0
820,2,43.359078262951044,43.359078262951044,100.0
830,0,41.49821435381107,41.49821435381107,100.0
830,1,25.28613619607349,25.28613619607349,100.0
830,2,33.215649450115436,33.215649450115436,100.0
840,0,29.661019458360244,29.661019458360244,100.0
840,1,32.19842302432607,32.19842302432607,100.0
840,2,38.140557517313695,38.140557517313695,100.0
850,0,49.65829439689391,49.65829439689391,100.0
850,1,26.630589529989816,26.630589529989816,100.0
850,2,23.711116073116262,23.711116073116262,100.0
860,0,37.014517776371235,37.014517776371235,100.0
860,1,31.38542590645074,31.38542590645074,100.0
860,2,31.600056317178026,31.600056317178026,100.0
870,0,37.99860149243113,37.99860149243113,100.0
870,1,29.957692408747494,29.957692408747494,100.0
870,2,32.04370609882138,32.04370609882138,100.0
880,0,30.908460727716136,30.908460727716136,100.0
880,1,39.37156702467333,39.37156702467333,100.0
880,2,29.71997224761053,29.71997224761053,100.0
890,0,27.407177057528862,27.407177057528862,100.0
890,1,36.16247069613843,36.16247069613843,100.0
890,2,36.43035224633271,36.43035224633271,100.0
900,0,28.804869542445864,28.804869542445864,100.0
900,1,28.37167687772758,28.37167687772758,100.0
900,2,42.823453579826555,42.823453579826555,100.0
910,0,23.7865821023981,23.7865821023981,100.0
910,1,41.42760679032326,41.42760679032326,100.0
910,2,34.78581110727865,34.78581110727865,100.0
920,0,43.370707501721185,43.370707501721185,100.0
920,1,32.478790534739744,32.478790534739744,100.0
920,2,24.15050196353907,24.15050196353907,100.0
930,0,23.682115254191093,23.682115254191093,100.0
930,1,43.46242977072458,43.46242977072458,100.0
930,2,32.85545497508433,32.85545497508433,100.0
940,0,27.554868116484904,27.554868116484904,100.0
940,1,39.59476209007826,39.59476209007826,100.0
940,2,32.850369793436826,32.850369793436826,100.0
950,0,29.462188799307555,29.462188799307555,100.0
950,1,42.48647547238769,42.48647547238769,100.0
950,2,28.05133572830476,28.05133572830476,100.0
960,0,32.6398769378253,32.6398769378253,100.0
960,1,44.62297677496604,44.62297677496604,100.0
960,2,22.737146287208667,22.737146287208667,100.0
970,0,36.75011888442241,36.75011888442241,100.0
970,1,24.757159317430624,24.757159317430624,100.0
970,2,38.49272179814697,38.49272179814697,100.0
980,0,41.13820875026738,41.13820875026738,100.0
980,1,34.164901170415355,34.164901170415355,100.0
980,2,24.69689007931727,24.69689007931727,100.0
990,0,41.594348269489444,41.594348269489444,100.0
990,1,26.355361912730725,26.355361912730725,100.0
990,2,32.050289817779834,32.050289817779834,100.0
1000,0,23.623000558081948,23.623000558081948,100.0
1000,1,39.2737970335036,39.2737970335036,100.0
1000,2,37.10320240841445,37.10320240841445,100.0
1010,0,35.446019653229364,35.446019653229364,100.0
1010,1,38.288852214093986,38.288852214093986,100.0
1010,2,26.265128132676647,26.265128132676647,100.0
1020,0,41.02521457637349,41.02521457637349,100.0
1020,1,25.432269125260405,25.432269125260405,100.0
1020,2,33.5425162983661,33.5425162983661,100.0
1030,0,48.43880972140195,48.43880972140195,100.0
1030,1,27.36638318434238,27.36638318434238,100.0
1030,2,24.194807094255662,24.194807094255662,100.0
1040,0,34.201135581728195,34.201135581728195,100.0
1040,1,35.71941776695565,35.71941776695565,100.0
1040,2,30.079446651316168,30.079446651316168,100.0
1050,0,38.74233100750225,38.74233100750225,100.0
1050,1,40.96175623967735,40.96175623967735,100.0
1050,2,20.2959127528204,20.2959127528204,100.0
1060,0,36.76948010716025,36.76948010716025,100.0
1060,1,27.86558000278174,27.86558000278174,100.0
1060,2,35.364939890058025,35.364939890058025,100.0
1070,0,40.58969267604231,40.58969267604231,100.0
1070,1,27.16383128794539,27.16383128794539,100.0
1070,2,32.246476036012304,32.246476036012304,100.0
1080,0,37.75979801366177,37.75979801366177,100.0
1080,1,42.34689949929075,42.34689949929075,100.0
1080,2,19.89330248704749,19.89330248704749,100.0
1090,0,37.62230702024047,37.62230702024047,100.0
1090,1,34.81285939162136,34.81285939162136,100.0
1090,2,27.56483358813817,27.56483358813817,100.0
1100,0,39.072746644918425,39.072746644918425,100.0
1100,1,32.134043918018406,32.134043918018406,100.0
1100,2,28.793209437063176,28.793209437063176,100.0
1110,0,37.99459493939908,37.99459493939908,100.0
1110,1,33.02047202261217,33.02047202261217,100.0
1110,2,28.984933037988753,28.984933037988753,100.0
1120,0,32.5595995525105,32.5595995525105,100.0
1120,1,34.15412213107821,34.15412213107821,100.0
1120,2,33.28627831641129,33.28627831641129,100.0
1130,0,42.37313060200903,42.37313060200903,100.0
1130,1,24.450774841513947,24.450774841513947,100.0
1130,2,33.176094556477025,33.176094556477025,100.0
1140,0,44.941727187817825,44.941727187817825,100.0
1140,1,26.20238677539808,26.20238677539808,100.0
1140,2,28.855886036784096,28.855886036784096,100.0
1150,0,24.318546226264342,24.318546226264342,100.0
1150,1,33.19771332028283,33.19771332028283,100.0
1150,2,42.483740453452825,42.483740453452825,100.0
1160,0,43.90076283413339,43.90076283413339,100.0
1160,1,24.91146362418467,24.91146362418467,100.0
1160,2,31.187773541681942,31.187773541681942,100.0
1170,0,30.752797985988924,30.752797985988924,100.0
1170,1,37.33557834504864,37.33557834504864,100.0
1170,2,31.911623668962434,31.911623668962434,100.0
1180,0,42.85468913941646,42.85468913941646,100.0
1180,1,24.229120117647547,24.229120117647547,100.0
1180,2,32.916190742935996,32.916190742935996,100.0
1190,0,41.895585178042204,41.895585178042204,100.0
1190,1,25.607096606150705,25.607096606150705,100.0
1190,2,32.49731821580709,32.49731821580709,100.0
1200,0,46.236963001958486,46.236963001958486,100.0
1200,1,30.02408474520508,30.02408474520508,100.0
1200,2,23.73895225283643,23.73895225283643,100.0
1210,0,28.97025447055418,28.97025447055418,100.0
1210,1,25.596519200040685,25.596519200040685,100.0
1210,2,45.433226329405144,45.433226329405144,100.0
1220,0,30.71846076644406,30.71846076644406,100.0
1220,1,41.15631725951341,41.15631725951341,100.0
1220,2,28.125221974042525,28.125221974042525,100.0
1230,0,36.480616069689034,36.480616069689034,100.0
1230,1,36.88471456784795,36.88471456784795,100.0
1230,2,26.634669362463026,26.634669362463026,100.0
1240,0,35.852259097961664,35.852259097961664,100.0
1240,1,31.12865503982131,31.12865503982131,100.0
1240,2,33.01908586221703,33.01908586221703,100.0
1250,0,49.019965149890396,49.019965149890396,100.0
1250,1,29.373222048866854,29.373222048866854,100.0
1250,2,21.606812801242747,21.606812801242747,100.0
1260,0,34.68542422603288,34.68542422603288,100.0
1260,1,29.039133604725144,29.039133604725144,100.0
1260,2,36.275442169241984,36.275442169241984,100.0
1270,0,30.309624819522785,30.309624819522785,100.0
1270,1,35.5361644641076,35.5361644641076,100.0
1270,2,34.15421071636962,34.15421071636962,100.0
1280,0,31.44633798461613,31.44633798461613,100.0
1280,1,29.6241489824161,29.6241489824161,100.0
1280,2,38.92951303296778,38.92951303296778,100.0
1290,0,36.83202135245496,36.83202135245496,100.0
1290,1,36.83511754321788,36.83511754321788,100.0
1290,2,26.33286110432716,26.33286110432716,100.0
1300,0,46.13049916389733,46.13049916389733,100.0
1300,1,28.15623771813826,28.15623771813826,100.0
1300,2,25.713263117964402,25.713263117964402,100.0
1310,0,40.91586413243696,40.91586413243696,100.0
1310,1,40.06792333802874,40.06792333802874,100.0
1310,2,19.0162125295343,19.0162125295343,100.0
1320,0,26.93602387361218,26.93602387361218,100.0
1320,1,47.477770058759866,47.477770058759866,100.0
1320,2,25.586206067627952,25.586206067627952,100.0
1330,0,43.65571346076073,43.65571346076073,100.0
1330,1,29.50811166380385,29.50811166380385,100.0
1330,2,26.836174875435432,26.836174875435432,100.0
1340,0,26.377327816472157,26.377327816472157,100.0
1340,1,29.929255186573773,29.929255186573773,100.0
1340,2,43.69341699695407,43.69341699695407,100.0
1350,0,45.62358510737274,45.62358510737274,100.0
1350,1,27.19079841401802,27.19079841401802,100.0
1350,2,27.185616478609248,27.185616478609248,100.0
1360,0,25.868039741504635,25.868039741504635,100.0
1360,1,38.92198814193116,38.92198814193116,100.0
1360,2,35.20997211656422,35.20997211656422,100.0
1370,0,35.86369205721782,35.86369205721782,100.0
1370,1,35.899027537702125,35.899027537702125,100.0
1370,2,28.237280405080057,28.237280405080057,100.0
1380,0,40.429942652572706,40.429942652572706,100.0
1380,1,27.77273870978204,27.77273870978204,100.0
1380,2,31.797318637645255,31.797318637645255,100.0
1390,0,32.22416406367806,32.22416406367806,100.0
1390,1,34.03815578001649,34.03815578001649,100.0
1390,2,33.73768015630545,33.73768015630545,100.0
1400,0,36.55848199205048,36.55848199205048,100.0
1400,1,33.50558295737962,33.50558295737962,100.0
1400,2,29.935935050569896,29.935935050569896,100.0
1410,0,38.79260378947432,38.79260378947432,100.0
1410,1,26.071682489004143,26.071682489004143,100.0
1410,2,35.13571372152153,35.13571372152153,100.0
1420,0,47.370579107415445,47.370579107415445,100.0
1420,1,32.191360434138375,32.191360434138375,100.0
1420,2,20.438060458446177,20.438060458446177,100.0
1430,0,33.98386745267164,33.98386745267164,100.0
1430,1,30.12537797449628,30.12537797449628,100.0
1430,2,35.89075457283208,35.89075457283208,100.0
1440,0,38.046345824970714,38.046345824970714,100.0
1440,1,36.010594682101896,36.010594682101896,100.0
1440,2,25.94305949292739,25.94305949292739,100.0
1450,0,33.34267153153519,33.34267153153519,100.0
1450,1,28.00557239521161,28.00557239521161,100.0
1450,2,38.65175607325321,38.65175607325321,100.0
1460,0,44.3186643689879,44.3186643689879,100.0
1460,1,29.150793107170074,29.150793107170074,100.0
1460,2,26.530542523842016,26.530542523842016,100.0
1470,0,48.49377964198229,48.49377964198229,100.0
1470,1,31.580838851712645,31.580838851712645,100.0
1470,2,19.925381506305058,19.925381506305058,100.0
1480,0,39.3236419114982,39.3236419114982,100.0
1480,1,27.079672176342527,27.079672176342527,100.0
1480,2,33.596685912159266,33.596685912159266,100.0
1490,0,38.940270548970204,38.940270548970204,100.0
1490,1,38.643295543596935,38.643295543596935,100.0
1490,2,22.41643390743287,22.41643390743287,100.0
1500,0,22.373242272965637,22.373242272965637,100.0
1500,1,42.770014155430424,42.770014155430424,100.0
1500,2,34.85674357160394,34.85674357160394,100.0
