timestamp,ueImsi,sliceId,dTxBytes,dRxBytes,plr,resourceSharePct,dLostPackets,throughputMbps,bufferBytes
560,1,0,24448,1528,93.75,24.99,15,1.2224,131828
560,2,0,24448,1528,93.75,24.99,15,1.2224,131890
560,3,0,24448,1528,93.75,24.99,15,1.2224,131897
560,4,0,24448,1528,93.75,24.99,15,1.2224,131894
560,5,0,24448,1528,93.75,24.99,15,1.2224,131909
560,6,1,780,702,10.00,37.68,1,0.5616,87
560,7,1,780,702,10.00,37.68,1,0.5616,87
560,8,1,780,702,10.00,37.68,1,0.5616,87
560,9,1,780,702,10.00,37.68,1,0.5616,87
560,10,1,780,702,10.00,37.68,1,0.5616,87
560,11,2,16000,1536,90.40,37.32,113,1.2288,87901
560,12,2,16000,1536,90.40,37.32,113,1.2288,87854
560,13,2,16000,1536,90.40,37.32,113,1.2288,87810
560,14,2,16000,1536,90.40,37.32,113,1.2288,87810
560,15,2,16000,1664,89.60,37.32,112,1.3312,87804
560,16,2,16000,1664,89.60,37.32,112,1.3312,87801
560,17,2,16000,1664,89.60,37.32,112,1.3312,87830
560,18,2,16000,1664,89.60,37.32,112,1.3312,87814
560,19,2,16000,1664,89.60,37.32,112,1.3312,87822
560,20,2,16000,1664,89.60,37.32,112,1.3312,87822
