timestamp,ueImsi,sliceId,dTxBytes,dRxBytes,plr,resourceSharePct,dLostPackets,throughputMbps,bufferBytes
9990,1,0,0,1528,0.00,19.90,0,1.2224,667
9990,2,0,0,1528,0.00,19.90,0,1.2224,667
9990,3,0,0,1528,0.00,19.90,0,1.2224,667
9990,4,0,0,1528,0.00,19.90,0,1.2224,583
9990,5,0,0,1528,0.00,19.90,0,1.2224,583
9990,6,1,390,390,0.00,65.37,0,0.3120,87
9990,7,1,390,390,0.00,65.37,0,0.3120,87
9990,8,1,390,390,0.00,65.37,0,0.3120,87
9990,9,1,390,390,0.00,65.37,0,0.3120,87
9990,10,1,390,390,0.00,65.37,0,0.3120,87
9990,11,2,384,384,0.00,14.73,0,0.3072,54
9990,12,2,384,384,0.00,14.73,0,0.3072,54
9990,13,2,384,384,0.00,14.73,0,0.3072,54
9990,14,2,384,384,0.00,14.73,0,0.3072,54
9990,15,2,384,384,0.00,14.73,0,0.3072,54
9990,16,2,384,384,0.00,14.73,0,0.3072,54
9990,17,2,384,384,0.00,14.73,0,0.3072,54
9990,18,2,384,384,0.00,14.73,0,0.3072,54
9990,19,2,384,384,0.00,14.73,0,0.3072,54
9990,20,2,384,384,0.00,14.73,0,0.3072,54
