timestamp,ueImsi,sliceId,dTxBytes,dRxBytes,plr,resourceSharePct,dLostPackets,throughputMbps,bufferBytes
780,1,0,25976,1528,94.12,30.87,16,1.2224,642695
780,2,0,25976,1528,94.12,30.87,16,1.2224,642661
780,3,0,25976,1528,94.12,30.87,16,1.2224,642771
780,4,0,25976,1528,94.12,30.87,16,1.2224,642606
780,5,0,25976,1528,94.12,30.87,16,1.2224,642777
780,6,1,390,468,0.00,34.01,0,0.3744,87
780,7,1,390,468,0.00,34.01,0,0.3744,87
780,8,1,390,468,0.00,34.01,0,0.3744,87
780,9,1,390,468,0.00,34.01,0,0.3744,87
780,10,1,390,468,0.00,34.01,0,0.3744,87
780,11,2,16000,896,94.40,35.12,118,0.7168,430233
780,12,2,16000,896,94.40,35.12,118,0.7168,430225
780,13,2,16000,896,94.40,35.12,118,0.7168,430251
780,14,2,16000,896,94.40,35.12,118,0.7168,430263
780,15,2,16000,896,94.40,35.12,118,0.7168,430238
780,16,2,16000,896,94.40,35.12,118,0.7168,430149
780,17,2,16000,1280,92.00,35.12,115,1.0240,430164
780,18,2,16000,896,94.40,35.12,118,0.7168,430251
780,19,2,16000,768,95.20,35.12,119,0.6144,430231
780,20,2,16000,896,94.40,35.12,118,0.7168,430236
