timestamp,sliceId,dedicatedPRB,minPRB,maxPRB
510,0,40.99524611503354,40.99524611503354,100.0
510,1,29.6231987456339,29.6231987456339,100.0
510,2,29.381555139332576,29.381555139332576,100.0
520,0,33.15794674605348,33.15794674605348,100.0
520,1,37.07559065027761,37.07559065027761,100.0
520,2,29.76646260366891,29.76646260366891,100.0
530,0,28.559987229425705,28.559987229425705,100.0
530,1,48.24428545288187,48.24428545288187,100.0
530,2,23.195727317692427,23.195727317692427,100.0
540,0,22.621805798339683,22.621805798339683,100.0
540,1,53.47097706551611,53.47097706551611,100.0
540,2,23.90721713614421,23.90721713614421,100.0
550,0,24.172828860829544,24.172828860829544,100.0
550,1,56.335047685260854,56.335047685260854,100.0
550,2,19.492123453909606,19.492123453909606,100.0
560,0,25.82915179162038,25.82915179162038,100.0
560,1,38.54552385267942,38.54552385267942,100.0
560,2,35.62532435570021,35.62532435570021,100.0
570,0,21.22102160113518,21.22102160113518,100.0
570,1,42.58815541482247,42.58815541482247,100.0
570,2,36.190822984042356,36.190822984042356,100.0
580,0,21.561165683912346,21.561165683912346,100.0
580,1,51.205104035114104,51.205104035114104,100.0
580,2,27.233730280973557,27.233730280973557,100.0
590,0,24.086513292434436,24.086513292434436,100.0
590,1,55.49778035870243,55.49778035870243,100.0
590,2,20.415706348863143,20.415706348863143,100.0
600,0,22.252222018806954,22.252222018806954,100.0
600,1,52.958763056598116,52.958763056598116,100.0
600,2,24.789014924594937,24.789014924594937,100.0
610,0,22.103249526539713,22.103249526539713,100.0
610,1,55.824105846365335,55.824105846365335,100.0
610,2,22.072644627094963,22.072644627094963,100.0
620,0,20.84291325424686,20.84291325424686,100.0
620,1,49.35785478630822,49.35785478630822,100.0
620,2,29.799231959444917,29.799231959444917,100.0
630,0,22.862257790310462,22.862257790310462,100.0
630,1,55.23238849673208,55.23238849673208,100.0
630,2,21.905353712957464,21.905353712957464,100.0
