timestamp,ueImsi,sliceId,dTxBytes,dRxBytes,plr,resourceSharePct,dLostPackets,throughputMbps,bufferBytes
1510,1,0,18336,0,100.00,16.67,12,0.0000,1694358
1510,2,0,18336,3056,83.33,16.67,10,2.4448,1473286
1510,3,0,18336,4584,75.00,16.67,9,3.6672,1150786
1510,4,0,18336,0,100.00,16.67,12,0.0000,1266698
1510,5,0,18336,0,100.00,16.67,12,0.0000,1715721
1510,6,1,390,390,0.00,35.00,0,0.3120,87
1510,7,1,390,0,100.00,35.00,5,0.0000,87
1510,8,1,390,390,0.00,35.00,0,0.3120,87
1510,9,1,390,468,0.00,35.00,0,0.3744,169
1510,10,1,390,0,100.00,35.00,5,0.0000,558
1510,11,2,384,256,33.33,48.34,1,0.2048,137
1510,12,2,384,256,33.33,48.34,1,0.2048,137
1510,13,2,384,256,33.33,48.34,1,0.2048,137
1510,14,2,384,256,33.33,48.34,1,0.2048,137
1510,15,2,384,256,33.33,48.34,1,0.2048,15
1510,16,2,384,0,100.00,48.34,3,0.0000,1056
1510,17,2,384,256,33.33,48.34,1,0.2048,137
1510,18,2,384,0,100.00,48.34,3,0.0000,401
1510,19,2,384,256,33.33,48.34,1,0.2048,137
1510,20,2,384,256,33.33,48.34,1,0.2048,137
