timestamp,sliceId,dedicatedPRB,minPRB,maxPRB
510,0,41.103322481172185,41.103322481172185,100.0
510,1,33.47307338183005,33.47307338183005,100.0
510,2,25.423604136997767,25.423604136997767,100.0
520,0,44.673082417021405,44.673082417021405,100.0
520,1,24.655823119617335,24.655823119617335,100.0
520,2,30.67109446336126,30.67109446336126,100.0
530,0,29.41477750653251,29.41477750653251,100.0
530,1,26.553495927028585,26.553495927028585,100.0
530,2,44.03172656643891,44.03172656643891,100.0
540,0,44.35582664221709,44.35582664221709,100.0
540,1,28.979504575928278,28.979504575928278,100.0
540,2,26.664668781854633,26.664668781854633,100.0
550,0,36.39088715466466,36.39088715466466,100.0
550,1,29.15772402281046,29.15772402281046,100.0
550,2,34.451388822524876,34.451388822524876,100.0
560,0,24.08796652250132,24.08796652250132,100.0
560,1,53.20680274255104,53.20680274255104,100.0
560,2,22.70523073494764,22.70523073494764,100.0
570,0,52.2898410378839,52.2898410378839,100.0
570,1,25.77067311488489,25.77067311488489,100.0
570,2,21.939485847231214,21.939485847231214,100.0
580,0,20.656657037558272,20.656657037558272,100.0
580,1,42.94070908246768,42.94070908246768,100.0
580,2,36.40263387997405,36.40263387997405,100.0
590,0,25.673269305034154,25.673269305034154,100.0
590,1,28.53237297137422,28.53237297137422,100.0
590,2,45.79435772359163,45.79435772359163,100.0
600,0,30.009540757043318,30.009540757043318,100.0
600,1,36.15266636859839,36.15266636859839,100.0
600,2,33.8377928743583,33.8377928743583,100.0
610,0,30.88197878539569,30.88197878539569,100.0
610,1,28.25535103533432,28.25535103533432,100.0
610,2,40.86267017926999,40.86267017926999,100.0
620,0,28.256509910169882,28.256509910169882,100.0
620,1,31.842634349640864,31.842634349640864,100.0
620,2,39.90085574018926,39.90085574018926,100.0
630,0,45.41428695236122,45.41428695236122,100.0
630,1,33.13681613459063,33.13681613459063,100.0
630,2,21.448896913048145,21.448896913048145,100.0
640,0,31.07214739351683,31.07214739351683,100.0
640,1,40.538327405497725,40.538327405497725,100.0
640,2,28.38952520098545,28.38952520098545,100.0
650,0,40.595087982194116,40.595087982194116,100.0
650,1,41.194264856287816,41.194264856287816,100.0
650,2,18.210647161518068,18.210647161518068,100.0
660,0,33.79322812714624,33.79322812714624,100.0
660,1,35.29277035310606,35.29277035310606,100.0
660,2,30.914001519747703,30.914001519747703,100.0
670,0,32.436113718021694,32.436113718021694,100.0
670,1,39.864832092538116,39.864832092538116,100.0
670,2,27.699054189440186,27.699054189440186,100.0
680,0,38.16172922697152,38.16172922697152,100.0
680,1,31.233868301588068,31.233868301588068,100.0
680,2,30.604402471440412,30.604402471440412,100.0
690,0,27.953545692346086,27.953545692346086,100.0
690,1,48.45217446758078,48.45217446758078,100.0
690,2,23.59427984007313,23.59427984007313,100.0
700,0,24.69387315379596,24.69387315379596,100.0
700,1,51.91785397175681,51.91785397175681,100.0
700,2,23.388272874447225,23.388272874447225,100.0
710,0,28.93106404574598,28.93106404574598,100.0
710,1,26.542181581701364,26.542181581701364,100.0
710,2,44.52675437255266,44.52675437255266,100.0
720,0,34.76922401753364,34.76922401753364,100.0
720,1,39.37663798371717,39.37663798371717,100.0
720,2,25.854137998749195,25.854137998749195,100.0
730,0,38.43049501834859,38.43049501834859,100.0
730,1,26.301269547194305,26.301269547194305,100.0
730,2,35.26823543445711,35.26823543445711,100.0
740,0,31.69427991136503,31.69427991136503,100.0
740,1,41.8654178690394,41.8654178690394,100.0
740,2,26.44030221959557,26.44030221959557,100.0
750,0,23.143963371170965,23.143963371170965,100.0
750,1,57.08613108097399,57.08613108097399,100.0
750,2,19.769905547855046,19.769905547855046,100.0
760,0,30.30369961749645,30.30369961749645,100.0
760,1,36.59507468728421,36.59507468728421,100.0
760,2,33.10122569521934,33.10122569521934,100.0
770,0,35.92217430439395,35.92217430439395,100.0
770,1,33.67256432920546,33.67256432920546,100.0
770,2,30.405261366400595,30.405261366400595,100.0
780,0,28.976389816098212,28.976389816098212,100.0
780,1,48.5653349459451,48.5653349459451,100.0
780,2,22.458275237956688,22.458275237956688,100.0
790,0,46.95773100920426,46.95773100920426,100.0
790,1,26.179401297258607,26.179401297258607,100.0
790,2,26.862867693537133,26.862867693537133,100.0
800,0,36.53979558444578,36.53979558444578,100.0
800,1,35.46100364787787,35.46100364787787,100.0
800,2,27.999200767676353,27.999200767676353,100.0
810,0,49.237937844027925,49.237937844027925,100.0
810,1,24.580068543463668,24.580068543463668,100.0
810,2,26.181993612508407,26.181993612508407,100.0
820,0,27.630490741364532,27.630490741364532,100.0
820,1,39.5065590752342,39.5065590752342,100.0
820,2,32.86295018340128,32.86295018340128,100.0
830,0,26.503150195727365,26.503150195727365,100.0
830,1,36.004256547296784,36.004256547296784,100.0
830,2,37.49259325697585,37.49259325697585,100.0
840,0,45.54822118884388,45.54822118884388,100.0
840,1,29.905191373255214,29.905191373255214,100.0
840,2,24.546587437900907,24.546587437900907,100.0
850,0,31.525897957731985,31.525897957731985,100.0
850,1,39.74108924303492,39.74108924303492,100.0
850,2,28.733012799233094,28.733012799233094,100.0
860,0,38.3945388497829,38.3945388497829,100.0
860,1,33.392410639985535,33.392410639985535,100.0
860,2,28.213050510231575,28.213050510231575,100.0
870,0,36.7569983336956,36.7569983336956,100.0
870,1,30.847205760451217,30.847205760451217,100.0
870,2,32.395795905853184,32.395795905853184,100.0
880,0,38.13414113982007,38.13414113982007,100.0
880,1,27.51187370781808,27.51187370781808,100.0
880,2,34.35398515236186,34.35398515236186,100.0
890,0,45.57600475959242,45.57600475959242,100.0
890,1,29.710526640420937,29.710526640420937,100.0
890,2,24.71346859998664,24.71346859998664,100.0
900,0,27.992627599226655,27.992627599226655,100.0
900,1,29.28522058694163,29.28522058694163,100.0
900,2,42.72215181383172,42.72215181383172,100.0
910,0,35.54626541484994,35.54626541484994,100.0
910,1,33.15012497460922,33.15012497460922,100.0
910,2,31.303609610540846,31.303609610540846,100.0
920,0,43.96919977916045,43.96919977916045,100.0
920,1,30.550545234626668,30.550545234626668,100.0
920,2,25.48025498621288,25.48025498621288,100.0
930,0,44.74898782054263,44.74898782054263,100.0
930,1,33.019303264956804,33.019303264956804,100.0
930,2,22.23170891450057,22.23170891450057,100.0
940,0,52.396502867832,52.396502867832,100.0
940,1,26.427770509920435,26.427770509920435,100.0
940,2,21.17572662224757,21.17572662224757,100.0
950,0,37.38223441767974,37.38223441767974,100.0
950,1,35.580100463141974,35.580100463141974,100.0
950,2,27.03766511917829,27.03766511917829,100.0
960,0,38.814442871791876,38.814442871791876,100.0
960,1,33.517721671077425,33.517721671077425,100.0
960,2,27.667835457130707,27.667835457130707,100.0
970,0,29.97229953075965,29.97229953075965,100.0
970,1,32.00309164552429,32.00309164552429,100.0
970,2,38.02460882371607,38.02460882371607,100.0
980,0,25.901442988556493,25.901442988556493,100.0
980,1,35.74319561025305,35.74319561025305,100.0
980,2,38.35536140119045,38.35536140119045,100.0
990,0,28.77675665000957,28.77675665000957,100.0
990,1,29.149931630048204,29.149931630048204,100.0
990,2,42.07331171994223,42.07331171994223,100.0
1000,0,27.674669524047985,27.674669524047985,100.0
1000,1,49.447520732025765,49.447520732025765,100.0
1000,2,22.877809743926246,22.877809743926246,100.0
1010,0,34.41795874094814,34.41795874094814,100.0
1010,1,37.42415501953691,37.42415501953691,100.0
1010,2,28.15788623951495,28.15788623951495,100.0
1020,0,31.913776918951992,31.913776918951992,100.0
1020,1,33.540064917959036,33.540064917959036,100.0
1020,2,34.54615816308898,34.54615816308898,100.0
1030,0,49.39480932082043,49.39480932082043,100.0
1030,1,29.02856396118415,29.02856396118415,100.0
1030,2,21.576626717995417,21.576626717995417,100.0
1040,0,34.53974870065335,34.53974870065335,100.0
1040,1,36.38281244790579,36.38281244790579,100.0
1040,2,29.077438851440863,29.077438851440863,100.0
1050,0,36.92492187191847,36.92492187191847,100.0
1050,1,28.10508291165796,28.10508291165796,100.0
1050,2,34.96999521642358,34.96999521642358,100.0
1060,0,44.18113159888763,44.18113159888763,100.0
1060,1,24.679645025290604,24.679645025290604,100.0
1060,2,31.13922337582176,31.13922337582176,100.0
1070,0,41.63567689014136,41.63567689014136,100.0
1070,1,26.069798912128086,26.069798912128086,100.0
1070,2,32.29452419773055,32.29452419773055,100.0
1080,0,24.516956580307532,24.516956580307532,100.0
1080,1,54.44900975273579,54.44900975273579,100.0
1080,2,21.03403366695668,21.03403366695668,100.0
1090,0,42.436808210670726,42.436808210670726,100.0
1090,1,32.54996689245788,32.54996689245788,100.0
1090,2,25.013224896871396,25.013224896871396,100.0
1100,0,35.43907118570484,35.43907118570484,100.0
1100,1,30.525808094343038,30.525808094343038,100.0
1100,2,34.035120719952126,34.035120719952126,100.0
1110,0,34.95973186999247,34.95973186999247,100.0
1110,1,33.29099381248138,33.29099381248138,100.0
1110,2,31.74927431752615,31.74927431752615,100.0
1120,0,36.192924529550844,36.192924529550844,100.0
1120,1,39.051276322502396,39.051276322502396,100.0
1120,2,24.75579914794677,24.75579914794677,100.0
1130,0,40.87814128496567,40.87814128496567,100.0
1130,1,27.575643135244633,27.575643135244633,100.0
1130,2,31.546215579789695,31.546215579789695,100.0
1140,0,39.40976091106289,39.40976091106289,100.0
1140,1,35.653723868087994,35.653723868087994,100.0
1140,2,24.93651522084912,24.93651522084912,100.0
1150,0,35.22241899810292,35.22241899810292,100.0
1150,1,40.71260960031595,40.71260960031595,100.0
1150,2,24.06497140158114,24.06497140158114,100.0
1160,0,32.546958291701266,32.546958291701266,100.0
1160,1,38.23473155931357,38.23473155931357,100.0
1160,2,29.21831014898516,29.21831014898516,100.0
1170,0,49.38577187753938,49.38577187753938,100.0
1170,1,28.30215131789536,28.30215131789536,100.0
1170,2,22.312076804565265,22.312076804565265,100.0
1180,0,26.125986372067967,26.125986372067967,100.0
1180,1,29.233090967996826,29.233090967996826,100.0
1180,2,44.6409226599352,44.6409226599352,100.0
1190,0,34.76717052949803,34.76717052949803,100.0
1190,1,37.57667905013805,37.57667905013805,100.0
1190,2,27.65615042036393,27.65615042036393,100.0
1200,0,43.67460881139226,43.67460881139226,100.0
1200,1,27.339976516525468,27.339976516525468,100.0
1200,2,28.985414672082282,28.985414672082282,100.0
1210,0,41.35759967554079,41.35759967554079,100.0
1210,1,28.69205003932524,28.69205003932524,100.0
1210,2,29.950350285133975,29.950350285133975,100.0
1220,0,41.948072794030864,41.948072794030864,100.0
1220,1,29.9015137924859,29.9015137924859,100.0
1220,2,28.150413413483243,28.150413413483243,100.0
1230,0,26.409678266397098,26.409678266397098,100.0
1230,1,31.782492129978962,31.782492129978962,100.0
1230,2,41.807829603623944,41.807829603623944,100.0
1240,0,37.79543955927931,37.79543955927931,100.0
1240,1,30.25863914539376,30.25863914539376,100.0
1240,2,31.94592129532693,31.94592129532693,100.0
1250,0,44.10098824202448,44.10098824202448,100.0
1250,1,25.16309288098963,25.16309288098963,100.0
1250,2,30.735918876985902,30.735918876985902,100.0
1260,0,32.32201967600543,32.32201967600543,100.0
1260,1,31.737884694241725,31.737884694241725,100.0
1260,2,35.94009562975285,35.94009562975285,100.0
1270,0,38.48465961812397,38.48465961812397,100.0
1270,1,26.626384916364653,26.626384916364653,100.0
1270,2,34.88895546551137,34.88895546551137,100.0
1280,0,40.56275688109617,40.56275688109617,100.0
1280,1,23.759778549240995,23.759778549240995,100.0
1280,2,35.677464569662824,35.677464569662824,100.0
1290,0,45.366954931323086,45.366954931323086,100.0
1290,1,25.921860621862574,25.921860621862574,100.0
1290,2,28.711184446814336,28.711184446814336,100.0
1300,0,39.940713806909265,39.940713806909265,100.0
1300,1,24.212226717601546,24.212226717601546,100.0
1300,2,35.847059475489196,35.847059475489196,100.0
1310,0,50.694634555682185,50.694634555682185,100.0
1310,1,28.443393606368435,28.443393606368435,100.0
1310,2,20.86197183794938,20.86197183794938,100.0
1320,0,43.67624712890203,43.67624712890203,100.0
1320,1,35.48017246407636,35.48017246407636,100.0
1320,2,20.843580407021616,20.843580407021616,100.0
1330,0,33.04180545803586,33.04180545803586,100.0
1330,1,39.97057179333024,39.97057179333024,100.0
1330,2,26.987622748633893,26.987622748633893,100.0
1340,0,24.79031568474882,24.79031568474882,100.0
1340,1,45.50848770219501,45.50848770219501,100.0
1340,2,29.70119661305617,29.70119661305617,100.0
1350,0,32.778205316879685,32.778205316879685,100.0
1350,1,30.348325941970657,30.348325941970657,100.0
1350,2,36.873468741149665,36.873468741149665,100.0
1360,0,28.263268795196506,28.263268795196506,100.0
1360,1,33.14062089312839,33.14062089312839,100.0
1360,2,38.596110311675105,38.596110311675105,100.0
1370,0,39.433207832918335,39.433207832918335,100.0
1370,1,29.309365432293056,29.309365432293056,100.0
1370,2,31.257426734788606,31.257426734788606,100.0
1380,0,37.738038270749726,37.738038270749726,100.0
1380,1,27.909748675466094,27.909748675466094,100.0
1380,2,34.35221305378419,34.35221305378419,100.0
1390,0,27.462226482946072,27.462226482946072,100.0
1390,1,45.4204395100705,45.4204395100705,100.0
1390,2,27.11733400698343,27.11733400698343,100.0
1400,0,29.316614637184994,29.316614637184994,100.0
1400,1,38.25185822801455,38.25185822801455,100.0
1400,2,32.43152713480046,32.43152713480046,100.0
1410,0,42.4128686322517,42.4128686322517,100.0
1410,1,28.54118991083973,28.54118991083973,100.0
1410,2,29.045941456908576,29.045941456908576,100.0
1420,0,28.504903156494322,28.504903156494322,100.0
1420,1,36.280172958270875,36.280172958270875,100.0
1420,2,35.2149238852348,35.2149238852348,100.0
1430,0,32.85341601139373,32.85341601139373,100.0
1430,1,29.670648786393205,29.670648786393205,100.0
1430,2,37.475935202213066,37.475935202213066,100.0
1440,0,29.149808858889557,29.149808858889557,100.0
1440,1,27.871204857098274,27.871204857098274,100.0
1440,2,42.978986284012166,42.978986284012166,100.0
1450,0,35.61934510974025,35.61934510974025,100.0
1450,1,36.257333280509975,36.257333280509975,100.0
1450,2,28.123321609749773,28.123321609749773,100.0
1460,0,28.768595941053654,28.768595941053654,100.0
1460,1,42.75135639872857,42.75135639872857,100.0
1460,2,28.480047660217778,28.480047660217778,100.0
1470,0,31.556166468618617,31.556166468618617,100.0
1470,1,42.933724163745346,42.933724163745346,100.0
1470,2,25.510109367636037,25.510109367636037,100.0
1480,0,23.19911637627174,23.19911637627174,100.0
1480,1,44.43344980354577,44.43344980354577,100.0
1480,2,32.367433820182484,32.367433820182484,100.0
1490,0,32.800581691852074,32.800581691852074,100.0
1490,1,43.985127342256426,43.985127342256426,100.0
1490,2,23.2142909658915,23.2142909658915,100.0
1500,0,24.256154839097043,24.256154839097043,100.0
1500,1,26.959264840289848,26.959264840289848,100.0
1500,2,48.78458032061312,48.78458032061312,100.0
