timestamp,sliceId,dedicatedPRB,minPRB,maxPRB
510,0,32.72614365901265,32.72614365901265,100.0
510,1,46.5337500621213,46.5337500621213,100.0
510,2,20.74010627886605,20.74010627886605,100.0
520,0,23.067817397674546,23.067817397674546,100.0
520,1,52.31399911326666,52.31399911326666,100.0
520,2,24.618183489058797,24.618183489058797,100.0
530,0,32.9059020010458,32.9059020010458,100.0
530,1,48.93286406618797,48.93286406618797,100.0
530,2,18.16123393276623,18.16123393276623,100.0
540,0,38.07741098794737,38.07741098794737,100.0
540,1,39.827746485423766,39.827746485423766,100.0
540,2,22.09484252662887,22.09484252662887,100.0
550,0,23.843576752333483,23.843576752333483,100.0
550,1,54.55771503805708,54.55771503805708,100.0
550,2,21.598708209609423,21.598708209609423,100.0
560,0,23.848325277191446,23.848325277191446,100.0
560,1,32.594706481376534,32.594706481376534,100.0
560,2,43.556968241432024,43.556968241432024,100.0
570,0,35.27932267917,35.27932267917,100.0
570,1,47.52169400816843,47.52169400816843,100.0
570,2,17.198983312661575,17.198983312661575,100.0
580,0,22.350917333731125,22.350917333731125,100.0
580,1,35.91223808838073,35.91223808838073,100.0
580,2,41.73684457788814,41.73684457788814,100.0
590,0,24.48268882582683,24.48268882582683,100.0
590,1,42.08589681810315,42.08589681810315,100.0
590,2,33.43141435607002,33.43141435607002,100.0
600,0,25.759139650392054,25.759139650392054,100.0
600,1,47.47734584435045,47.47734584435045,100.0
600,2,26.7635145052575,26.7635145052575,100.0
610,0,36.411344355219704,36.411344355219704,100.0
610,1,33.36500233036444,33.36500233036444,100.0
610,2,30.223653314415856,30.223653314415856,100.0
620,0,21.013490126750067,21.013490126750067,100.0
620,1,45.16855598275553,45.16855598275553,100.0
620,2,33.817953890494415,33.817953890494415,100.0
630,0,33.23978531032801,33.23978531032801,100.0
630,1,38.879836260057075,38.879836260057075,100.0
630,2,27.880378429614915,27.880378429614915,100.0
640,0,24.26872047336287,24.26872047336287,100.0
640,1,56.008824466117055,56.008824466117055,100.0
640,2,19.722455060520083,19.722455060520083,100.0
650,0,48.53324674165428,48.53324674165428,100.0
650,1,29.816990750515355,29.816990750515355,100.0
650,2,21.649762507830367,21.649762507830367,100.0
660,0,48.883877214736174,48.883877214736174,100.0
660,1,28.4908745403752,28.4908745403752,100.0
660,2,22.625248244888635,22.625248244888635,100.0
