timestamp,sliceId,dedicatedPRB,minPRB,maxPRB
510,0,37.19454142927322,37.19454142927322,100.0
510,1,37.22754436264502,37.22754436264502,100.0
510,2,25.577914208081754,25.577914208081754,100.0
520,0,33.71317062772326,33.71317062772326,100.0
520,1,41.96473783123215,41.96473783123215,100.0
520,2,24.32209154104461,24.32209154104461,100.0
530,0,38.52556416389352,38.52556416389352,100.0
530,1,28.186533289159115,28.186533289159115,100.0
530,2,33.28790254694737,33.28790254694737,100.0
540,0,36.77114895079568,36.77114895079568,100.0
540,1,25.151437176592097,25.151437176592097,100.0
540,2,38.07741387261224,38.07741387261224,100.0
550,0,29.037979342139586,29.037979342139586,100.0
550,1,29.645615174386176,29.645615174386176,100.0
550,2,41.31640548347424,41.31640548347424,100.0
560,0,33.84023187296905,33.84023187296905,100.0
560,1,43.39826580672649,43.39826580672649,100.0
560,2,22.761502320304462,22.761502320304462,100.0
570,0,40.29447459920828,40.29447459920828,100.0
570,1,36.497377074279036,36.497377074279036,100.0
570,2,23.20814832651269,23.20814832651269,100.0
580,0,37.87838938795853,37.87838938795853,100.0
580,1,29.67807388771888,29.67807388771888,100.0
580,2,32.443536724322605,32.443536724322605,100.0
590,0,23.265727995754272,23.265727995754272,100.0
590,1,48.964248471190515,48.964248471190515,100.0
590,2,27.770023533055205,27.770023533055205,100.0
600,0,39.40982489032896,39.40982489032896,100.0
600,1,34.90789825244304,34.90789825244304,100.0
600,2,25.682276857228004,25.682276857228004,100.0
610,0,34.38370992393656,34.38370992393656,100.0
610,1,37.9738625938325,37.9738625938325,100.0
610,2,27.642427482230946,27.642427482230946,100.0
620,0,40.63244755167797,40.63244755167797,100.0
620,1,38.457392153447444,38.457392153447444,100.0
620,2,20.910160294874583,20.910160294874583,100.0
630,0,27.73587056934218,27.73587056934218,100.0
630,1,53.51299599552024,53.51299599552024,100.0
630,2,18.751133435137575,18.751133435137575,100.0
640,0,23.581344588476906,23.581344588476906,100.0
640,1,52.06276488246158,52.06276488246158,100.0
640,2,24.35589052906152,24.35589052906152,100.0
650,0,26.60024237815284,26.60024237815284,100.0
650,1,26.610890667381,26.610890667381,100.0
650,2,46.78886695446616,46.78886695446616,100.0
660,0,52.2832994328342,52.2832994328342,100.0
660,1,27.488242356222482,27.488242356222482,100.0
660,2,20.228458210943316,20.228458210943316,100.0
670,0,23.926310025613393,23.926310025613393,100.0
670,1,30.821725628111942,30.821725628111942,100.0
670,2,45.25196434627466,45.25196434627466,100.0
680,0,22.162340882791106,22.162340882791106,100.0
680,1,32.323191612983166,32.323191612983166,100.0
680,2,45.514467504225735,45.514467504225735,100.0
690,0,32.88897261869989,32.88897261869989,100.0
690,1,40.535325912996754,40.535325912996754,100.0
690,2,26.575701468303354,26.575701468303354,100.0
700,0,34.712038688935834,34.712038688935834,100.0
700,1,27.39109117356573,27.39109117356573,100.0
700,2,37.89687013749845,37.89687013749845,100.0
710,0,36.40197066741501,36.40197066741501,100.0
710,1,34.5069219935224,34.5069219935224,100.0
710,2,29.091107339062596,29.091107339062596,100.0
720,0,28.795475353603955,28.795475353603955,100.0
720,1,37.94858212654309,37.94858212654309,100.0
720,2,33.25594251985295,33.25594251985295,100.0
730,0,23.841355146073333,23.841355146073333,100.0
730,1,36.00756160562952,36.00756160562952,100.0
730,2,40.15108324829715,40.15108324829715,100.0
740,0,28.811117461481338,28.811117461481338,100.0
740,1,48.385145363474635,48.385145363474635,100.0
740,2,22.80373717504403,22.80373717504403,100.0
750,0,22.710855679700124,22.710855679700124,100.0
750,1,32.77811286664582,32.77811286664582,100.0
750,2,44.51103145365406,44.51103145365406,100.0
760,0,23.78784939740935,23.78784939740935,100.0
760,1,51.421868115135304,51.421868115135304,100.0
760,2,24.790282487455347,24.790282487455347,100.0
770,0,26.406351684917567,26.406351684917567,100.0
770,1,46.76471703221503,46.76471703221503,100.0
770,2,26.8289312828674,26.8289312828674,100.0
780,0,46.45751305234867,46.45751305234867,100.0
780,1,33.45907925520224,33.45907925520224,100.0
780,2,20.083407692449086,20.083407692449086,100.0
790,0,28.638019467767567,28.638019467767567,100.0
790,1,45.162713513887105,45.162713513887105,100.0
790,2,26.199267018345328,26.199267018345328,100.0
800,0,33.65188389316142,33.65188389316142,100.0
800,1,34.44341865353581,34.44341865353581,100.0
800,2,31.904697453302777,31.904697453302777,100.0
810,0,25.473050728628817,25.473050728628817,100.0
810,1,28.611362523944845,28.611362523944845,100.0
810,2,45.91558674742634,45.91558674742634,100.0
820,0,27.26892085566648,27.26892085566648,100.0
820,1,43.717125329403245,43.717125329403245,100.0
820,2,29.013953814930275,29.013953814930275,100.0
830,0,45.951375380761746,45.951375380761746,100.0
830,1,27.94325100916894,27.94325100916894,100.0
830,2,26.105373610069304,26.105373610069304,100.0
840,0,47.03061663874743,47.03061663874743,100.0
840,1,33.632815593128484,33.632815593128484,100.0
840,2,19.336567768124073,19.336567768124073,100.0
850,0,43.69628884834822,43.69628884834822,100.0
850,1,29.149090595388984,29.149090595388984,100.0
850,2,27.154620556262802,27.154620556262802,100.0
860,0,23.06944988917176,23.06944988917176,100.0
860,1,54.98211995107103,54.98211995107103,100.0
860,2,21.948430159757205,21.948430159757205,100.0
870,0,28.21700656932309,28.21700656932309,100.0
870,1,33.16193105511057,33.16193105511057,100.0
870,2,38.62106237556634,38.62106237556634,100.0
880,0,31.921988824642888,31.921988824642888,100.0
880,1,30.117620279613277,30.117620279613277,100.0
880,2,37.960390895743835,37.960390895743835,100.0
890,0,25.5181939181153,25.5181939181153,100.0
890,1,45.21000322630321,45.21000322630321,100.0
890,2,29.27180285558149,29.27180285558149,100.0
900,0,27.168657849304743,27.168657849304743,100.0
900,1,34.56643384231013,34.56643384231013,100.0
900,2,38.264908308385124,38.264908308385124,100.0
910,0,28.3694647946213,28.3694647946213,100.0
910,1,36.126912577202305,36.126912577202305,100.0
910,2,35.503622628176394,35.503622628176394,100.0
920,0,28.029185617197637,28.029185617197637,100.0
920,1,31.2189063246123,31.2189063246123,100.0
920,2,40.75190805819007,40.75190805819007,100.0
930,0,23.910781065882954,23.910781065882954,100.0
930,1,36.267705230439226,36.267705230439226,100.0
930,2,39.821513703677816,39.821513703677816,100.0
940,0,26.771522722755815,26.771522722755815,100.0
940,1,34.18403111409668,34.18403111409668,100.0
940,2,39.044446163147505,39.044446163147505,100.0
950,0,33.38911545832654,33.38911545832654,100.0
950,1,41.33041218573907,41.33041218573907,100.0
950,2,25.28047235593438,25.28047235593438,100.0
960,0,29.4777358698798,29.4777358698798,100.0
960,1,41.48791485673411,41.48791485673411,100.0
960,2,29.034349273386102,29.034349273386102,100.0
970,0,28.783344875632373,28.783344875632373,100.0
970,1,37.20542564308951,37.20542564308951,100.0
970,2,34.011229481278114,34.011229481278114,100.0
980,0,28.508756408561588,28.508756408561588,100.0
980,1,43.10461899809124,43.10461899809124,100.0
980,2,28.386624593347175,28.386624593347175,100.0
990,0,45.857951577910995,45.857951577910995,100.0
990,1,32.64914143364774,32.64914143364774,100.0
990,2,21.492906988441256,21.492906988441256,100.0
1000,0,20.92455037588744,20.92455037588744,100.0
1000,1,45.01136754873173,45.01136754873173,100.0
1000,2,34.064082075380846,34.064082075380846,100.0
1010,0,30.228424674682095,30.228424674682095,100.0
1010,1,31.659772672533176,31.659772672533176,100.0
1010,2,38.111802652784725,38.111802652784725,100.0
1020,0,28.207025096128312,28.207025096128312,100.0
1020,1,33.20595401456533,33.20595401456533,100.0
1020,2,38.58702088930636,38.58702088930636,100.0
1030,0,28.225524636159715,28.225524636159715,100.0
1030,1,48.71104144974026,48.71104144974026,100.0
1030,2,23.063433914100024,23.063433914100024,100.0
1040,0,29.716187789266545,29.716187789266545,100.0
1040,1,37.17330618992129,37.17330618992129,100.0
1040,2,33.110506020812174,33.110506020812174,100.0
1050,0,32.56672857636554,32.56672857636554,100.0
1050,1,44.66772285671981,44.66772285671981,100.0
1050,2,22.765548566914635,22.765548566914635,100.0
1060,0,23.476383293891136,23.476383293891136,100.0
1060,1,42.76530621883428,42.76530621883428,100.0
1060,2,33.75831048727458,33.75831048727458,100.0
1070,0,34.90643998551769,34.90643998551769,100.0
1070,1,41.989228820178006,41.989228820178006,100.0
1070,2,23.1043311943043,23.1043311943043,100.0
1080,0,27.83188911693795,27.83188911693795,100.0
1080,1,40.78302826181697,40.78302826181697,100.0
1080,2,31.38508262124508,31.38508262124508,100.0
1090,0,29.676548344720942,29.676548344720942,100.0
1090,1,47.740271908960665,47.740271908960665,100.0
1090,2,22.58317974631839,22.58317974631839,100.0
1100,0,28.525648125362913,28.525648125362913,100.0
1100,1,31.422122330741036,31.422122330741036,100.0
1100,2,40.05222954389606,40.05222954389606,100.0
1110,0,32.844171556142435,32.844171556142435,100.0
1110,1,33.72090095248513,33.72090095248513,100.0
1110,2,33.434927491372434,33.434927491372434,100.0
1120,0,31.99820820760233,31.99820820760233,100.0
1120,1,36.55790963318724,36.55790963318724,100.0
1120,2,31.44388215921043,31.44388215921043,100.0
1130,0,22.660925562943206,22.660925562943206,100.0
1130,1,42.694055644888174,42.694055644888174,100.0
1130,2,34.64501879216862,34.64501879216862,100.0
1140,0,24.858089925450432,24.858089925450432,100.0
1140,1,49.03449307460619,49.03449307460619,100.0
1140,2,26.107416999943382,26.107416999943382,100.0
1150,0,33.96429644654911,33.96429644654911,100.0
1150,1,39.8886181483771,39.8886181483771,100.0
1150,2,26.14708540507379,26.14708540507379,100.0
1160,0,45.69923886404575,45.69923886404575,100.0
1160,1,34.64663938383231,34.64663938383231,100.0
1160,2,19.654121752121934,19.654121752121934,100.0
1170,0,22.774720518863255,22.774720518863255,100.0
1170,1,32.53071065073301,32.53071065073301,100.0
1170,2,44.69456883040374,44.69456883040374,100.0
1180,0,25.161970258222834,25.161970258222834,100.0
1180,1,42.59428759597671,42.59428759597671,100.0
1180,2,32.24374214580047,32.24374214580047,100.0
1190,0,34.58292861183274,34.58292861183274,100.0
1190,1,41.021085090691656,41.021085090691656,100.0
1190,2,24.39598629747561,24.39598629747561,100.0
1200,0,30.746643701697085,30.746643701697085,100.0
1200,1,29.909753723798172,29.909753723798172,100.0
1200,2,39.34360257450474,39.34360257450474,100.0
1210,0,27.090343352385492,27.090343352385492,100.0
1210,1,37.780446777868946,37.780446777868946,100.0
1210,2,35.12920986974555,35.12920986974555,100.0
1220,0,46.27827086685324,46.27827086685324,100.0
1220,1,27.465826612595546,27.465826612595546,100.0
1220,2,26.25590252055122,26.25590252055122,100.0
1230,0,39.459716318754566,39.459716318754566,100.0
1230,1,31.94603514406087,31.94603514406087,100.0
1230,2,28.594248537184562,28.594248537184562,100.0
1240,0,22.60374600334879,22.60374600334879,100.0
1240,1,29.053404188858135,29.053404188858135,100.0
1240,2,48.34284980779307,48.34284980779307,100.0
1250,0,31.85464605435653,31.85464605435653,100.0
1250,1,35.385356781716524,35.385356781716524,100.0
1250,2,32.75999716392694,32.75999716392694,100.0
1260,0,32.004776303140765,32.004776303140765,100.0
1260,1,28.906759450011965,28.906759450011965,100.0
1260,2,39.08846424684728,39.08846424684728,100.0
1270,0,27.88292813146267,27.88292813146267,100.0
1270,1,37.96783716268239,37.96783716268239,100.0
1270,2,34.14923470585494,34.14923470585494,100.0
1280,0,38.3714805218476,38.3714805218476,100.0
1280,1,29.364331925462583,29.364331925462583,100.0
1280,2,32.26418755268982,32.26418755268982,100.0
1290,0,37.94401318882091,37.94401318882091,100.0
1290,1,30.311969909926777,30.311969909926777,100.0
1290,2,31.7440169012523,31.7440169012523,100.0
1300,0,26.166975274247307,26.166975274247307,100.0
1300,1,51.51965192191996,51.51965192191996,100.0
1300,2,22.31337280383274,22.31337280383274,100.0
1310,0,36.93772912483653,36.93772912483653,100.0
1310,1,34.76520742343789,34.76520742343789,100.0
1310,2,28.297063451725574,28.297063451725574,100.0
1320,0,39.13945528279849,39.13945528279849,100.0
1320,1,32.45766240880465,32.45766240880465,100.0
1320,2,28.40288230839687,28.40288230839687,100.0
1330,0,35.16265048103192,35.16265048103192,100.0
1330,1,31.578830618462,31.578830618462,100.0
1330,2,33.25851890050609,33.25851890050609,100.0
1340,0,35.54197365826208,35.54197365826208,100.0
1340,1,43.44944247794853,43.44944247794853,100.0
1340,2,21.008583863789383,21.008583863789383,100.0
1350,0,41.81185812728721,41.81185812728721,100.0
1350,1,36.03723999949139,36.03723999949139,100.0
1350,2,22.15090187322141,22.15090187322141,100.0
1360,0,34.32836589093227,34.32836589093227,100.0
1360,1,42.713603341376526,42.713603341376526,100.0
1360,2,22.958030767691202,22.958030767691202,100.0
1370,0,41.874230613629024,41.874230613629024,100.0
1370,1,37.37799514417331,37.37799514417331,100.0
1370,2,20.747774242197664,20.747774242197664,100.0
1380,0,49.09143734132263,49.09143734132263,100.0
1380,1,25.56561220011013,25.56561220011013,100.0
1380,2,25.34295045856724,25.34295045856724,100.0
1390,0,22.17485908566616,22.17485908566616,100.0
1390,1,38.11612308389808,38.11612308389808,100.0
1390,2,39.709017830435755,39.709017830435755,100.0
1400,0,38.784764041788776,38.784764041788776,100.0
1400,1,35.48875616808187,35.48875616808187,100.0
1400,2,25.726479790129364,25.726479790129364,100.0
1410,0,40.29822751475366,40.29822751475366,100.0
1410,1,37.94974132735434,37.94974132735434,100.0
1410,2,21.752031157891995,21.752031157891995,100.0
1420,0,26.895819813902843,26.895819813902843,100.0
1420,1,38.68021168175691,38.68021168175691,100.0
1420,2,34.42396850434024,34.42396850434024,100.0
1430,0,31.696047902492708,31.696047902492708,100.0
1430,1,36.777664818024455,36.777664818024455,100.0
1430,2,31.526287279482833,31.526287279482833,100.0
1440,0,25.57023995058158,25.57023995058158,100.0
1440,1,28.718540423406196,28.718540423406196,100.0
1440,2,45.71121962601222,45.71121962601222,100.0
1450,0,41.447156611875215,41.447156611875215,100.0
1450,1,34.22750054814504,34.22750054814504,100.0
1450,2,24.325342839979758,24.325342839979758,100.0
1460,0,35.7794649256397,35.7794649256397,100.0
1460,1,31.00601685362135,31.00601685362135,100.0
1460,2,33.214518220738945,33.214518220738945,100.0
1470,0,28.48162191103442,28.48162191103442,100.0
1470,1,29.248658942312545,29.248658942312545,100.0
1470,2,42.26971914665304,42.26971914665304,100.0
1480,0,33.90849379042682,33.90849379042682,100.0
1480,1,29.704773379178377,29.704773379178377,100.0
1480,2,36.386732830394806,36.386732830394806,100.0
1490,0,37.56721266593014,37.56721266593014,100.0
1490,1,40.802765213156306,40.802765213156306,100.0
1490,2,21.63002212091355,21.63002212091355,100.0
1500,0,28.63512512734828,28.63512512734828,100.0
1500,1,37.97120687268875,37.97120687268875,100.0
1500,2,33.39366799996297,33.39366799996297,100.0
