timestamp,ueImsi,sliceId,dTxBytes,dRxBytes,plr,resourceSharePct,dLostPackets,throughputMbps,bufferBytes,dlBufferBytes,ulBufferBytes,macBufferBytes,congestionPct,lastDrlActionStatus
10600,1,0,128736,0,100.00,31.66,112,0.0000,1199897,91396,1199897,1291293,12.31,applied
10600,2,0,128736,47892,65.18,31.66,73,3.8314,1200005,91382,1200005,1291387,12.32,applied
10600,3,0,128736,71224,48.21,31.66,54,5.6979,1200005,91382,1200005,1291387,12.32,applied
10600,4,0,128736,0,100.00,31.66,112,0.0000,34,91433,34,91467,0.87,applied
10600,5,0,128736,0,100.00,31.66,112,0.0000,2811,91363,2811,94174,0.90,applied
10600,6,1,0,0,0.00,20.00,0,0.0000,34,0,34,34,0.00,applied
10600,7,1,0,0,0.00,20.00,0,0.0000,34,0,34,34,0.00,applied
10600,8,1,0,0,0.00,20.00,0,0.0000,34,0,34,34,0.00,applied
10600,9,1,0,0,0.00,20.00,0,0.0000,34,0,34,34,0.00,applied
10600,10,1,0,0,0.00,20.00,0,0.0000,34,0,34,34,0.00,applied
10600,11,1,0,0,0.00,20.00,0,0.0000,34,0,34,34,0.00,applied
10600,12,1,0,0,0.00,20.00,0,0.0000,34,0,34,34,0.00,applied
10600,13,1,0,0,0.00,20.00,0,0.0000,34,0,34,34,0.00,applied
10600,14,2,63772,1692,81.63,48.33,40,0.1354,5625193,5625193,51,5625244,53.65,applied
10600,15,2,63772,0,100.00,48.33,49,0.0000,5625179,5625179,51,5625230,53.65,applied
10600,16,2,63772,940,89.80,48.33,44,0.0752,5625193,5625193,51,5625244,53.65,applied
10600,17,2,63772,0,100.00,48.33,49,0.0000,5626574,5626574,51,5626625,53.66,applied
10600,18,2,63772,0,100.00,48.33,49,0.0000,5625215,5625215,51,5625266,53.65,applied
