timestamp,sliceId,dedicatedPRB,minPRB,maxPRB
510,0,46.7352346305474,46.7352346305474,100.0
510,1,27.684043021898262,27.684043021898262,100.0
510,2,25.580722347554346,25.580722347554346,100.0
520,0,48.67035350886518,48.67035350886518,100.0
520,1,26.21985276646984,26.21985276646984,100.0
520,2,25.109793724664982,25.109793724664982,100.0
530,0,37.83209882950903,37.83209882950903,100.0
530,1,35.388576911626956,35.388576911626956,100.0
530,2,26.77932425886402,26.77932425886402,100.0
540,0,49.51304507879037,49.51304507879037,100.0
540,1,27.607260682039403,27.607260682039403,100.0
540,2,22.879694239170238,22.879694239170238,100.0
550,0,36.72868685371389,36.72868685371389,100.0
550,1,39.86776040139215,39.86776040139215,100.0
550,2,23.403552744893958,23.403552744893958,100.0
560,0,46.26570495695403,46.26570495695403,100.0
560,1,29.508862736835027,29.508862736835027,100.0
560,2,24.22543230621094,24.22543230621094,100.0
570,0,41.9080775724299,41.9080775724299,100.0
570,1,37.36586868137633,37.36586868137633,100.0
570,2,20.72605374619377,20.72605374619377,100.0
580,0,31.846785787880815,31.846785787880815,100.0
580,1,37.653849374305636,37.653849374305636,100.0
580,2,30.49936483781355,30.49936483781355,100.0
590,0,47.92804612453515,47.92804612453515,100.0
590,1,30.865337962379623,30.865337962379623,100.0
590,2,21.20661591308522,21.20661591308522,100.0
600,0,28.331500831110663,28.331500831110663,100.0
600,1,42.191672910112025,42.191672910112025,100.0
600,2,29.47682625877731,29.47682625877731,100.0
610,0,29.506233939577108,29.506233939577108,100.0
610,1,37.21825117458105,37.21825117458105,100.0
610,2,33.27551488584184,33.27551488584184,100.0
620,0,30.113536421828602,30.113536421828602,100.0
620,1,35.63437706487368,35.63437706487368,100.0
620,2,34.25208651329773,34.25208651329773,100.0
630,0,33.43676712818362,33.43676712818362,100.0
630,1,34.69319509678242,34.69319509678242,100.0
630,2,31.87003777503396,31.87003777503396,100.0
640,0,25.472764575728945,25.472764575728945,100.0
640,1,35.18033989668288,35.18033989668288,100.0
640,2,39.34689552758818,39.34689552758818,100.0
650,0,22.45176901202404,22.45176901202404,100.0
650,1,40.28001513329163,40.28001513329163,100.0
650,2,37.26821585468434,37.26821585468434,100.0
660,0,32.964060092206964,32.964060092206964,100.0
660,1,31.270301198820615,31.270301198820615,100.0
660,2,35.76563870897242,35.76563870897242,100.0
670,0,40.23592237512141,40.23592237512141,100.0
670,1,35.88649437009019,35.88649437009019,100.0
670,2,23.87758325478839,23.87758325478839,100.0
680,0,24.2476519701322,24.2476519701322,100.0
680,1,45.26950252837445,45.26950252837445,100.0
680,2,30.482845501493337,30.482845501493337,100.0
690,0,26.247401360996868,26.247401360996868,100.0
690,1,29.47844898566413,29.47844898566413,100.0
690,2,44.274149653339,44.274149653339,100.0
700,0,32.483223116668036,32.483223116668036,100.0
700,1,31.055581670484006,31.055581670484006,100.0
700,2,36.46119521284796,36.46119521284796,100.0
710,0,22.20362460571496,22.20362460571496,100.0
710,1,46.941755118270706,46.941755118270706,100.0
710,2,30.854620276014327,30.854620276014327,100.0
720,0,23.624087616145857,23.624087616145857,100.0
720,1,37.00144161184501,37.00144161184501,100.0
720,2,39.37447077200913,39.37447077200913,100.0
730,0,23.393440142644344,23.393440142644344,100.0
730,1,43.91959349962714,43.91959349962714,100.0
730,2,32.68696635772852,32.68696635772852,100.0
740,0,23.238199430830313,23.238199430830313,100.0
740,1,31.685998155118305,31.685998155118305,100.0
740,2,45.07580241405138,45.07580241405138,100.0
750,0,26.302714876315775,26.302714876315775,100.0
750,1,36.95393622575771,36.95393622575771,100.0
750,2,36.74334889792652,36.74334889792652,100.0
760,0,22.17220828428008,22.17220828428008,100.0
760,1,32.56041025209892,32.56041025209892,100.0
760,2,45.26738146362101,45.26738146362101,100.0
770,0,22.483886229677847,22.483886229677847,100.0
770,1,30.39582814447104,30.39582814447104,100.0
770,2,47.12028562585111,47.12028562585111,100.0
780,0,31.012501792287473,31.012501792287473,100.0
780,1,34.383111898305906,34.383111898305906,100.0
780,2,34.60438630940662,34.60438630940662,100.0
790,0,24.232236188869,24.232236188869,100.0
790,1,34.949239705397765,34.949239705397765,100.0
790,2,40.81852410573324,40.81852410573324,100.0
800,0,22.44374651800702,22.44374651800702,100.0
800,1,54.701400088367926,54.701400088367926,100.0
800,2,22.854853393625053,22.854853393625053,100.0
810,0,21.887702451708186,21.887702451708186,100.0
810,1,51.84205351823057,51.84205351823057,100.0
810,2,26.270244030061257,26.270244030061257,100.0
820,0,31.415446178573447,31.415446178573447,100.0
820,1,33.76565725440223,33.76565725440223,100.0
820,2,34.818896567024325,34.818896567024325,100.0
830,0,31.665649375132432,31.665649375132432,100.0
830,1,34.30425093216923,34.30425093216923,100.0
830,2,34.030099692698336,34.030099692698336,100.0
840,0,24.97771676940119,24.97771676940119,100.0
840,1,47.96185081693088,47.96185081693088,100.0
840,2,27.060432413667932,27.060432413667932,100.0
850,0,23.43120021467889,23.43120021467889,100.0
850,1,43.04039622995576,43.04039622995576,100.0
850,2,33.52840355536536,33.52840355536536,100.0
860,0,21.19993004394778,21.19993004394778,100.0
860,1,47.16502064754152,47.16502064754152,100.0
860,2,31.6350493085107,31.6350493085107,100.0
870,0,26.767507587946582,26.767507587946582,100.0
870,1,35.224198304284926,35.224198304284926,100.0
870,2,38.008294107768485,38.008294107768485,100.0
880,0,22.467121086316297,22.467121086316297,100.0
880,1,42.81986407135555,42.81986407135555,100.0
880,2,34.71301484232816,34.71301484232816,100.0
890,0,23.899561051359537,23.899561051359537,100.0
890,1,52.60185440139532,52.60185440139532,100.0
890,2,23.498584547245148,23.498584547245148,100.0
900,0,25.19187092036144,25.19187092036144,100.0
900,1,39.861919812484636,39.861919812484636,100.0
900,2,34.946209267153925,34.946209267153925,100.0
910,0,36.661676224090556,36.661676224090556,100.0
910,1,45.53291844745237,45.53291844745237,100.0
910,2,17.805405328457077,17.805405328457077,100.0
920,0,22.858047856767914,22.858047856767914,100.0
920,1,35.892464648389065,35.892464648389065,100.0
920,2,41.24948749484302,41.24948749484302,100.0
930,0,28.40318317330931,28.40318317330931,100.0
930,1,31.593916418835466,31.593916418835466,100.0
930,2,40.00290040785522,40.00290040785522,100.0
940,0,29.767853634156914,29.767853634156914,100.0
940,1,40.66485498385549,40.66485498385549,100.0
940,2,29.567291381987594,29.567291381987594,100.0
950,0,25.34145806653284,25.34145806653284,100.0
950,1,49.742116010679105,49.742116010679105,100.0
950,2,24.916425922788054,24.916425922788054,100.0
960,0,34.37281720750117,34.37281720750117,100.0
960,1,33.87288360336596,33.87288360336596,100.0
960,2,31.754299189132873,31.754299189132873,100.0
970,0,47.94006611597968,47.94006611597968,100.0
970,1,25.84749003372061,25.84749003372061,100.0
970,2,26.212443850299707,26.212443850299707,100.0
980,0,22.921622636278283,22.921622636278283,100.0
980,1,51.90810512152502,51.90810512152502,100.0
980,2,25.170272242196702,25.170272242196702,100.0
990,0,32.320294556790145,32.320294556790145,100.0
990,1,32.84141708154937,32.84141708154937,100.0
990,2,34.83828836166048,34.83828836166048,100.0
1000,0,21.785380213255117,21.785380213255117,100.0
1000,1,42.958424970473764,42.958424970473764,100.0
1000,2,35.25619481627112,35.25619481627112,100.0
1010,0,34.618530000684544,34.618530000684544,100.0
1010,1,42.21109689596126,42.21109689596126,100.0
1010,2,23.170373103354194,23.170373103354194,100.0
1020,0,23.429337780879838,23.429337780879838,100.0
1020,1,42.60469125494913,42.60469125494913,100.0
1020,2,33.96597096417102,33.96597096417102,100.0
1030,0,30.979354660300295,30.979354660300295,100.0
1030,1,43.164601550296524,43.164601550296524,100.0
1030,2,25.856043789403177,25.856043789403177,100.0
1040,0,27.188942780812138,27.188942780812138,100.0
1040,1,49.500316598201856,49.500316598201856,100.0
1040,2,23.31074062098601,23.31074062098601,100.0
1050,0,23.563302222304824,23.563302222304824,100.0
1050,1,38.73550612770943,38.73550612770943,100.0
1050,2,37.701191649985745,37.701191649985745,100.0
1060,0,21.930869369899035,21.930869369899035,100.0
1060,1,46.153167983244145,46.153167983244145,100.0
1060,2,31.915962646856823,31.915962646856823,100.0
1070,0,21.751660287442466,21.751660287442466,100.0
1070,1,46.45354107135574,46.45354107135574,100.0
1070,2,31.794798641201805,31.794798641201805,100.0
1080,0,30.783418657508943,30.783418657508943,100.0
1080,1,44.0250001469066,44.0250001469066,100.0
1080,2,25.191581195584455,25.191581195584455,100.0
1090,0,35.825209157824474,35.825209157824474,100.0
1090,1,39.83992870674917,39.83992870674917,100.0
1090,2,24.334862135426363,24.334862135426363,100.0
1100,0,26.482953827653606,26.482953827653606,100.0
1100,1,48.504031303332596,48.504031303332596,100.0
1100,2,25.0130148690138,25.0130148690138,100.0
1110,0,24.428625872106384,24.428625872106384,100.0
1110,1,45.554587095260906,45.554587095260906,100.0
1110,2,30.016787032632706,30.016787032632706,100.0
1120,0,26.98147828810104,26.98147828810104,100.0
1120,1,48.54202401013633,48.54202401013633,100.0
1120,2,24.47649770176263,24.47649770176263,100.0
1130,0,24.259740424406363,24.259740424406363,100.0
1130,1,40.93637140220985,40.93637140220985,100.0
1130,2,34.80388817338379,34.80388817338379,100.0
1140,0,21.27191040931177,21.27191040931177,100.0
1140,1,40.508753548575235,40.508753548575235,100.0
1140,2,38.21933604211299,38.21933604211299,100.0
1150,0,30.8602880985227,30.8602880985227,100.0
1150,1,47.04176051064994,47.04176051064994,100.0
1150,2,22.097951390827358,22.097951390827358,100.0
1160,0,32.080486362896735,32.080486362896735,100.0
1160,1,41.32536766321258,41.32536766321258,100.0
1160,2,26.594145973890694,26.594145973890694,100.0
1170,0,39.34621956573796,39.34621956573796,100.0
1170,1,42.76841434059019,42.76841434059019,100.0
1170,2,17.88536609367184,17.88536609367184,100.0
1180,0,28.21473011032633,28.21473011032633,100.0
1180,1,49.25986379737579,49.25986379737579,100.0
1180,2,22.52540609229789,22.52540609229789,100.0
1190,0,23.842798313267494,23.842798313267494,100.0
1190,1,28.81290468889457,28.81290468889457,100.0
1190,2,47.34429699783793,47.34429699783793,100.0
1200,0,24.426576046999514,24.426576046999514,100.0
1200,1,56.70439595683005,56.70439595683005,100.0
1200,2,18.86902799617044,18.86902799617044,100.0
1210,0,24.438720464264634,24.438720464264634,100.0
1210,1,50.99127017738314,50.99127017738314,100.0
1210,2,24.57000935835223,24.57000935835223,100.0
1220,0,27.13221457818738,27.13221457818738,100.0
1220,1,34.26016277557909,34.26016277557909,100.0
1220,2,38.60762264623353,38.60762264623353,100.0
1230,0,38.38954396756789,38.38954396756789,100.0
1230,1,41.3170261961553,41.3170261961553,100.0
1230,2,20.293429836276815,20.293429836276815,100.0
1240,0,30.148517893724367,30.148517893724367,100.0
1240,1,27.187920809014333,27.187920809014333,100.0
1240,2,42.663561297261296,42.663561297261296,100.0
1250,0,33.18294956856421,33.18294956856421,100.0
1250,1,37.23403502178184,37.23403502178184,100.0
1250,2,29.583015409653946,29.583015409653946,100.0
1260,0,23.375062934566383,23.375062934566383,100.0
1260,1,55.7759372162556,55.7759372162556,100.0
1260,2,20.848999849178014,20.848999849178014,100.0
1270,0,24.627426062461865,24.627426062461865,100.0
1270,1,50.542710087068,50.542710087068,100.0
1270,2,24.82986385047013,24.82986385047013,100.0
1280,0,42.65376076608858,42.65376076608858,100.0
1280,1,32.4967697347814,32.4967697347814,100.0
1280,2,24.849469499130027,24.849469499130027,100.0
1290,0,31.305311046224105,31.305311046224105,100.0
1290,1,38.296419795280116,38.296419795280116,100.0
1290,2,30.39826915849578,30.39826915849578,100.0
1300,0,26.41171701184632,26.41171701184632,100.0
1300,1,46.76781925302469,46.76781925302469,100.0
1300,2,26.820463735128993,26.820463735128993,100.0
1310,0,22.430385734560375,22.430385734560375,100.0
1310,1,28.70949965864469,28.70949965864469,100.0
1310,2,48.86011460679494,48.86011460679494,100.0
1320,0,25.501753367699386,25.501753367699386,100.0
1320,1,29.278632999765637,29.278632999765637,100.0
1320,2,45.21961363253497,45.21961363253497,100.0
1330,0,28.21662969701471,28.21662969701471,100.0
1330,1,37.1148809567163,37.1148809567163,100.0
1330,2,34.668489346269,34.668489346269,100.0
1340,0,38.166077990630264,38.166077990630264,100.0
1340,1,36.572429612106596,36.572429612106596,100.0
1340,2,25.26149239726314,25.26149239726314,100.0
1350,0,37.74481397080562,37.74481397080562,100.0
1350,1,40.29327017367027,40.29327017367027,100.0
1350,2,21.961915855524104,21.961915855524104,100.0
1360,0,32.354121678935655,32.354121678935655,100.0
1360,1,37.437752346901696,37.437752346901696,100.0
1360,2,30.20812597416265,30.20812597416265,100.0
1370,0,30.428906660472947,30.428906660472947,100.0
1370,1,36.38407763834006,36.38407763834006,100.0
1370,2,33.187015701186986,33.187015701186986,100.0
1380,0,27.279524112045074,27.279524112045074,100.0
1380,1,49.83395733086652,49.83395733086652,100.0
1380,2,22.886518557088404,22.886518557088404,100.0
1390,0,30.397828541161342,30.397828541161342,100.0
1390,1,27.108996909894017,27.108996909894017,100.0
1390,2,42.49317454894465,42.49317454894465,100.0
1400,0,27.07256377169478,27.07256377169478,100.0
1400,1,37.20126617053333,37.20126617053333,100.0
1400,2,35.726170057771895,35.726170057771895,100.0
1410,0,25.354636405731046,25.354636405731046,100.0
1410,1,47.47927446201331,47.47927446201331,100.0
1410,2,27.166089132255642,27.166089132255642,100.0
1420,0,24.346824911837096,24.346824911837096,100.0
1420,1,54.7957687551902,54.7957687551902,100.0
1420,2,20.857406332972705,20.857406332972705,100.0
1430,0,25.588158968364965,25.588158968364965,100.0
1430,1,27.626992001542515,27.626992001542515,100.0
1430,2,46.78484903009252,46.78484903009252,100.0
1440,0,30.151580877303452,30.151580877303452,100.0
1440,1,38.28281414206557,38.28281414206557,100.0
1440,2,31.56560498063099,31.56560498063099,100.0
1450,0,23.0198379848022,23.0198379848022,100.0
1450,1,34.97351913734328,34.97351913734328,100.0
1450,2,42.00664287785452,42.00664287785452,100.0
1460,0,25.837678238904672,25.837678238904672,100.0
1460,1,38.684541474383835,38.684541474383835,100.0
1460,2,35.4777802867115,35.4777802867115,100.0
1470,0,30.87685221148201,30.87685221148201,100.0
1470,1,47.84654908713941,47.84654908713941,100.0
1470,2,21.27659870137858,21.27659870137858,100.0
1480,0,23.185453015353517,23.185453015353517,100.0
1480,1,38.05091715446846,38.05091715446846,100.0
1480,2,38.763629830178026,38.763629830178026,100.0
1490,0,32.64281870115203,32.64281870115203,100.0
1490,1,37.35277851402654,37.35277851402654,100.0
1490,2,30.004402784821426,30.004402784821426,100.0
1500,0,30.35023295903891,30.35023295903891,100.0
1500,1,31.942480251012224,31.942480251012224,100.0
1500,2,37.70728678994886,37.70728678994886,100.0
