timestamp,ueImsi,sliceId,dTxBytes,dRxBytes,plr,resourceSharePct,dLostPackets,throughputMbps,bufferBytes,dlBufferBytes,ulBufferBytes,macBufferBytes,congestionPct,lastDrlActionStatus
9900,1,0,193616,0,100.00,30.98,172,0.0000,1199956,185887,1199956,1385843,13.22,applied
9900,2,0,193616,3684,98.26,30.98,169,0.2947,1200005,185889,1200005,1385894,13.22,applied
9900,3,0,193616,45436,78.49,30.98,135,3.6349,1200005,185883,1200005,1385888,13.22,applied
9900,4,0,193616,0,100.00,30.98,172,0.0000,1200005,188182,1200005,1388187,13.24,applied
9900,5,0,193616,6140,97.09,30.98,167,0.4912,1200005,185887,1200005,1385892,13.22,applied
9900,6,1,0,0,0.00,46.71,0,0.0000,34,0,34,34,0.00,applied
9900,7,1,0,0,0.00,46.71,0,0.0000,34,0,34,34,0.00,applied
9900,8,1,0,0,0.00,46.71,0,0.0000,34,0,34,34,0.00,applied
9900,9,1,0,0,0.00,46.71,0,0.0000,34,0,34,34,0.00,applied
9900,10,1,0,0,0.00,46.71,0,0.0000,34,0,34,34,0.00,applied
9900,11,1,0,0,0.00,46.71,0,0.0000,34,0,34,34,0.00,applied
9900,12,1,0,0,0.00,46.71,0,0.0000,34,0,34,34,0.00,applied
9900,13,1,0,0,0.00,46.71,0,0.0000,34,0,34,34,0.00,applied
9900,14,2,65200,0,100.00,22.31,50,0.0000,5938024,5938024,51,5938075,56.63,applied
9900,15,2,65200,0,100.00,22.31,50,0.0000,5938122,5938122,34,5938156,56.63,applied
9900,16,2,65200,0,100.00,22.31,50,0.0000,5938029,5938029,34,5938063,56.63,applied
9900,17,2,65200,0,100.00,22.31,50,0.0000,5939794,5939794,51,5939845,56.65,applied
9900,18,2,65200,0,100.00,22.31,50,0.0000,5938047,5938047,51,5938098,56.63,applied
9900,19,2,65200,940,90.00,22.31,45,0.0752,5938031,5938031,51,5938082,56.63,applied
9900,20,2,65200,940,90.00,22.31,45,0.0752,5938031,5938031,51,5938082,56.63,applied
9900,21,2,65200,0,100.00,22.31,50,0.0000,5938383,5938383,51,5938434,56.63,applied
9900,22,2,65200,0,100.00,22.31,50,0.0000,5938977,5938977,51,5939028,56.64,applied
9900,23,2,65200,0,100.00,22.31,50,0.0000,5938024,5938024,51,5938075,56.63,applied
9900,24,2,65200,940,90.00,22.31,45,0.0752,5938024,5938024,51,5938075,56.63,applied
9900,25,2,65200,940,90.00,22.31,45,0.0752,5938022,5938022,51,5938073,56.63,applied
9900,26,2,65200,0,100.00,22.31,50,0.0000,5938022,5938022,51,5938073,56.63,applied
9900,27,2,65200,0,100.00,22.31,50,0.0000,5938117,5938117,25,5938142,56.63,applied
9900,28,2,65200,0,100.00,22.31,50,0.0000,5938161,5938161,51,5938212,56.63,applied
9900,29,2,65200,0,100.00,22.31,50,0.0000,5939671,5939671,51,5939722,56.65,applied
9900,30,2,65200,0,100.00,22.31,50,0.0000,5938021,5938021,51,5938072,56.63,applied
9900,31,2,65200,940,90.00,22.31,45,0.0752,5938025,5938025,51,5938076,56.63,applied
9900,32,2,65200,0,100.00,22.31,50,0.0000,5938025,5938025,51,5938076,56.63,applied
9900,33,2,65200,0,100.00,22.31,50,0.0000,5939301,5939301,51,5939352,56.64,applied
