timestamp,sliceId,dedicatedPRB,minPRB,maxPRB
510,0,34.096560095000434,34.096560095000434,100.0
510,1,27.21568706915571,27.21568706915571,100.0
510,2,38.68775283584386,38.68775283584386,100.0
520,0,28.313230687570055,28.313230687570055,100.0
520,1,36.91071804193447,36.91071804193447,100.0
520,2,34.776051270495465,34.776051270495465,100.0
530,0,33.55892395975265,33.55892395975265,100.0
530,1,30.608107049807252,30.608107049807252,100.0
530,2,35.83296899044011,35.83296899044011,100.0
540,0,34.40079459084764,34.40079459084764,100.0
540,1,46.263624627343006,46.263624627343006,100.0
540,2,19.335580781809355,19.335580781809355,100.0
550,0,28.762931549271748,28.762931549271748,100.0
550,1,38.292234825259484,38.292234825259484,100.0
550,2,32.944833625468775,32.944833625468775,100.0
560,0,42.44343727093182,42.44343727093182,100.0
560,1,39.91719776053545,39.91719776053545,100.0
560,2,17.63936496853274,17.63936496853274,100.0
570,0,26.609626589022923,26.609626589022923,100.0
570,1,33.71815218833518,33.71815218833518,100.0
570,2,39.672221222641895,39.672221222641895,100.0
580,0,26.475309407606883,26.475309407606883,100.0
580,1,53.52271001694125,53.52271001694125,100.0
580,2,20.001980575451867,20.001980575451867,100.0
590,0,23.923978626871083,23.923978626871083,100.0
590,1,29.71406480548596,29.71406480548596,100.0
590,2,46.361956567642956,46.361956567642956,100.0
600,0,21.408052927836057,21.408052927836057,100.0
600,1,44.70148401769195,44.70148401769195,100.0
600,2,33.890463054472,33.890463054472,100.0
610,0,29.782690289493917,29.782690289493917,100.0
610,1,47.188824101958126,47.188824101958126,100.0
610,2,23.028485608547953,23.028485608547953,100.0
