timestamp,sliceId,dedicatedPRB,minPRB,maxPRB
510,0,28.610805854431163,28.610805854431163,100.0
510,1,26.768139257251995,26.768139257251995,100.0
510,2,44.62105488831684,44.62105488831684,100.0
520,0,26.49558017524769,26.49558017524769,100.0
520,1,44.12370281060037,44.12370281060037,100.0
520,2,29.380717014151937,29.380717014151937,100.0
530,0,43.29411188164803,43.29411188164803,100.0
530,1,35.07249858385051,35.07249858385051,100.0
530,2,21.63338953450146,21.63338953450146,100.0
540,0,38.59372808157011,38.59372808157011,100.0
540,1,33.285864860185086,33.285864860185086,100.0
540,2,28.1204070582448,28.1204070582448,100.0
550,0,36.60149731216394,36.60149731216394,100.0
550,1,41.293807253147726,41.293807253147726,100.0
550,2,22.104695434688338,22.104695434688338,100.0
