timestamp,ueImsi,sliceId,dTxBytes,dRxBytes,plr,resourceSharePct,dLostPackets,throughputMbps,bufferBytes
850,1,0,25976,1528,94.12,34.99,16,1.2224,807311
850,2,0,25976,1528,94.12,34.99,16,1.2224,807339
850,3,0,25976,1528,94.12,34.99,16,1.2224,807324
850,4,0,25976,1528,94.12,34.99,16,1.2224,807299
850,5,0,25976,1528,94.12,34.99,16,1.2224,807372
850,6,1,390,468,0.00,32.78,0,0.3744,87
850,7,1,390,468,0.00,32.78,0,0.3744,87
850,8,1,390,468,0.00,32.78,0,0.3744,87
850,9,1,390,468,0.00,32.78,0,0.3744,87
850,10,1,390,468,0.00,32.78,0,0.3744,87
850,11,2,16000,1152,92.80,32.23,116,0.9216,536486
850,12,2,16000,1152,92.80,32.23,116,0.9216,536483
850,13,2,16000,1152,92.80,32.23,116,0.9216,536504
850,14,2,16000,1024,93.60,32.23,117,0.8192,536453
850,15,2,16000,896,94.40,32.23,118,0.7168,536574
850,16,2,16000,1024,93.60,32.23,117,0.8192,536545
850,17,2,16000,1152,92.80,32.23,116,0.9216,536493
850,18,2,16000,1152,92.80,32.23,116,0.9216,536486
850,19,2,16000,1024,93.60,32.23,117,0.8192,536503
850,20,2,16000,1024,93.60,32.23,117,0.8192,536559
