timestamp,ueImsi,sliceId,dTxBytes,dRxBytes,plr,resourceSharePct,dLostPackets,throughputMbps,bufferBytes
1080,1,0,25976,1528,94.12,38.19,16,1.2224,1345976
1080,2,0,25976,1528,94.12,38.19,16,1.2224,1345890
1080,3,0,25976,1528,94.12,38.19,16,1.2224,1345998
1080,4,0,25976,1528,94.12,38.19,16,1.2224,1345975
1080,5,0,25976,1528,94.12,38.19,16,1.2224,1345975
1080,6,1,390,468,0.00,24.31,0,0.3744,87
1080,7,1,390,468,0.00,24.31,0,0.3744,87
1080,8,1,390,468,0.00,24.31,0,0.3744,87
1080,9,1,390,468,0.00,24.31,0,0.3744,87
1080,10,1,390,468,0.00,24.31,0,0.3744,87
1080,11,2,16000,1024,93.60,37.50,117,0.8192,891414
1080,12,2,16000,896,94.40,37.50,118,0.7168,891381
1080,13,2,16000,1024,93.60,37.50,117,0.8192,891491
1080,14,2,16000,1024,93.60,37.50,117,0.8192,891547
1080,15,2,16000,896,94.40,37.50,118,0.7168,891511
1080,16,2,16000,896,94.40,37.50,118,0.7168,891512
1080,17,2,16000,1024,93.60,37.50,117,0.8192,891447
1080,18,2,16000,896,94.40,37.50,118,0.7168,891360
1080,19,2,16000,896,94.40,37.50,118,0.7168,891590
1080,20,2,16000,896,94.40,37.50,118,0.7168,891510
