timestamp,ueImsi,sliceId,dTxBytes,dRxBytes,plr,resourceSharePct,dLostPackets,throughputMbps,bufferBytes
920,1,0,24448,1528,93.75,46.97,15,1.2224,967741
920,2,0,24448,1528,93.75,46.97,15,1.2224,967674
920,3,0,24448,1528,93.75,46.97,15,1.2224,967654
920,4,0,24448,1528,93.75,46.97,15,1.2224,967623
920,5,0,24448,1528,93.75,46.97,15,1.2224,967657
920,6,1,390,468,0.00,30.48,0,0.3744,87
920,7,1,390,468,0.00,30.48,0,0.3744,87
920,8,1,390,468,0.00,30.48,0,0.3744,87
920,9,1,390,468,0.00,30.48,0,0.3744,87
920,10,1,390,468,0.00,30.48,0,0.3744,87
920,11,2,16000,896,94.40,22.56,118,0.7168,648985
920,12,2,16000,896,94.40,22.56,118,0.7168,648994
920,13,2,16000,896,94.40,22.56,118,0.7168,648969
920,14,2,16000,896,94.40,22.56,118,0.7168,648984
920,15,2,16000,1024,93.60,22.56,117,0.8192,649008
920,16,2,16000,1024,93.60,22.56,117,0.8192,649015
920,17,2,16000,1024,93.60,22.56,117,0.8192,648939
920,18,2,16000,1024,93.60,22.56,117,0.8192,648921
920,19,2,16000,896,94.40,22.56,118,0.7168,649019
920,20,2,16000,1024,93.60,22.56,117,0.8192,649009
