timestamp,ueImsi,sliceId,dTxBytes,dRxBytes,plr,resourceSharePct,dLostPackets,throughputMbps,bufferBytes
560,1,0,24448,3056,87.50,45.65,14,2.4448,133689
560,2,0,24448,3056,87.50,45.65,14,2.4448,133690
560,3,0,24448,3056,87.50,45.65,14,2.4448,133596
560,4,0,24448,3056,87.50,45.65,14,2.4448,133596
560,5,0,24448,3056,87.50,45.65,14,2.4448,133687
560,6,1,390,312,20.00,33.60,1,0.2496,169
560,7,1,390,312,20.00,33.60,1,0.2496,169
560,8,1,390,312,20.00,33.60,1,0.2496,169
560,9,1,390,312,20.00,33.60,1,0.2496,169
560,10,1,390,312,20.00,33.60,1,0.2496,169
560,11,2,16000,640,96.00,20.75,120,0.5120,90795
560,12,2,16000,640,96.00,20.75,120,0.5120,90787
560,13,2,16000,640,96.00,20.75,120,0.5120,90793
560,14,2,16000,640,96.00,20.75,120,0.5120,90696
560,15,2,16000,640,96.00,20.75,120,0.5120,90763
560,16,2,16000,640,96.00,20.75,120,0.5120,90773
560,17,2,16000,512,96.80,20.75,121,0.4096,90759
560,18,2,16000,512,96.80,20.75,121,0.4096,90750
560,19,2,16000,640,96.00,20.75,120,0.5120,90764
560,20,2,16000,640,96.00,20.75,120,0.5120,90755
