timestamp,sliceId,dedicatedPRB,minPRB,maxPRB
510,0,53.54255808850933,53.54255808850933,100.0
510,1,25.92395233555132,25.92395233555132,100.0
510,2,20.533489575939353,20.533489575939353,100.0
520,0,43.60094648182541,43.60094648182541,100.0
520,1,32.17554838554889,32.17554838554889,100.0
520,2,24.223505132625696,24.223505132625696,100.0
530,0,40.16207738664711,40.16207738664711,100.0
530,1,24.113547759177813,24.113547759177813,100.0
530,2,35.72437485417508,35.72437485417508,100.0
540,0,45.86296439421489,45.86296439421489,100.0
540,1,27.712210676602183,27.712210676602183,100.0
540,2,26.42482492918293,26.42482492918293,100.0
550,0,41.248453491322095,41.248453491322095,100.0
550,1,38.279359233613384,38.279359233613384,100.0
550,2,20.47218727506452,20.47218727506452,100.0
560,0,43.889852978271094,43.889852978271094,100.0
560,1,24.662010456470224,24.662010456470224,100.0
560,2,31.44813656525869,31.44813656525869,100.0
570,0,33.25515189452114,33.25515189452114,100.0
570,1,44.29633894674105,44.29633894674105,100.0
570,2,22.448509158737817,22.448509158737817,100.0
580,0,35.30628656092348,35.30628656092348,100.0
580,1,32.0566071022016,32.0566071022016,100.0
580,2,32.637106336874915,32.637106336874915,100.0
590,0,39.57555876345473,39.57555876345473,100.0
590,1,31.928222924185285,31.928222924185285,100.0
590,2,28.49621831235999,28.49621831235999,100.0
600,0,35.610693495962515,35.610693495962515,100.0
600,1,39.075111525879244,39.075111525879244,100.0
600,2,25.314194978158245,25.314194978158245,100.0
610,0,34.99968208933354,34.99968208933354,100.0
610,1,28.48631414045962,28.48631414045962,100.0
610,2,36.51400377020684,36.51400377020684,100.0
620,0,24.865040044160263,24.865040044160263,100.0
620,1,48.156424043753866,48.156424043753866,100.0
620,2,26.97853591208587,26.97853591208587,100.0
630,0,23.921458534927293,23.921458534927293,100.0
630,1,43.537729777019486,43.537729777019486,100.0
630,2,32.540811688053225,32.540811688053225,100.0
640,0,31.225882916518255,31.225882916518255,100.0
640,1,33.74970460975788,33.74970460975788,100.0
640,2,35.024412473723864,35.024412473723864,100.0
650,0,24.1166756791523,24.1166756791523,100.0
650,1,55.7337438236571,55.7337438236571,100.0
650,2,20.14958049719061,20.14958049719061,100.0
660,0,35.54067333368096,35.54067333368096,100.0
660,1,26.064600652093713,26.064600652093713,100.0
660,2,38.394726014225334,38.394726014225334,100.0
670,0,26.81511606300425,26.81511606300425,100.0
670,1,51.755789744373956,51.755789744373956,100.0
670,2,21.429094192621797,21.429094192621797,100.0
680,0,33.029823922970095,33.029823922970095,100.0
680,1,40.315932486637365,40.315932486637365,100.0
680,2,26.654243590392557,26.654243590392557,100.0
690,0,31.906229552933635,31.906229552933635,100.0
690,1,39.87730708884937,39.87730708884937,100.0
690,2,28.21646335821699,28.21646335821699,100.0
700,0,36.4343392663955,36.4343392663955,100.0
700,1,28.80435499442784,28.80435499442784,100.0
700,2,34.76130573917666,34.76130573917666,100.0
710,0,27.57911053793867,27.57911053793867,100.0
710,1,43.900300419278594,43.900300419278594,100.0
710,2,28.52058904278274,28.52058904278274,100.0
720,0,23.527033111639376,23.527033111639376,100.0
720,1,54.31697317573081,54.31697317573081,100.0
720,2,22.15599371262982,22.15599371262982,100.0
730,0,24.13310004576838,24.13310004576838,100.0
730,1,45.22790499599029,45.22790499599029,100.0
730,2,30.638994958241327,30.638994958241327,100.0
740,0,30.129588661407603,30.129588661407603,100.0
740,1,26.253762160200495,26.253762160200495,100.0
740,2,43.61664917839192,43.61664917839192,100.0
750,0,27.832428726119453,27.832428726119453,100.0
750,1,50.067576343076816,50.067576343076816,100.0
750,2,22.099994930803742,22.099994930803742,100.0
760,0,24.625311640577173,24.625311640577173,100.0
760,1,49.91629814123705,49.91629814123705,100.0
760,2,25.458390218185784,25.458390218185784,100.0
770,0,26.29566244104839,26.29566244104839,100.0
770,1,28.579607300475864,28.579607300475864,100.0
770,2,45.12473025847575,45.12473025847575,100.0
780,0,39.26648065852852,39.26648065852852,100.0
780,1,25.650500818481593,25.650500818481593,100.0
780,2,35.083018522989896,35.083018522989896,100.0
790,0,34.31589168495838,34.31589168495838,100.0
790,1,30.389669146043286,30.389669146043286,100.0
790,2,35.29443916899834,35.29443916899834,100.0
800,0,24.295679676524728,24.295679676524728,100.0
800,1,30.765805020811975,30.765805020811975,100.0
800,2,44.9385153026633,44.9385153026633,100.0
810,0,48.789194308251915,48.789194308251915,100.0
810,1,28.2693946588938,28.2693946588938,100.0
810,2,22.94141103285428,22.94141103285428,100.0
820,0,31.673119381025472,31.673119381025472,100.0
820,1,38.91183974487523,38.91183974487523,100.0
820,2,29.4150408740993,29.4150408740993,100.0
830,0,36.71801029732966,36.71801029732966,100.0
830,1,38.51691195956495,38.51691195956495,100.0
830,2,24.76507774310539,24.76507774310539,100.0
840,0,42.34729137522369,42.34729137522369,100.0
840,1,28.185457481108354,28.185457481108354,100.0
840,2,29.467251143667966,29.467251143667966,100.0
850,0,49.71258425372781,49.71258425372781,100.0
850,1,28.25577570176719,28.25577570176719,100.0
850,2,22.031640044505004,22.031640044505004,100.0
860,0,46.486732321501435,46.486732321501435,100.0
860,1,28.65988595282536,28.65988595282536,100.0
860,2,24.853381725673206,24.853381725673206,100.0
870,0,36.200261751071075,36.200261751071075,100.0
870,1,40.118891226883896,40.118891226883896,100.0
870,2,23.68084702204503,23.68084702204503,100.0
880,0,25.806743462252076,25.806743462252076,100.0
880,1,51.24255148681607,51.24255148681607,100.0
880,2,22.95070505093186,22.95070505093186,100.0
890,0,34.07925163810651,34.07925163810651,100.0
890,1,38.588515000665154,38.588515000665154,100.0
890,2,27.332233361228337,27.332233361228337,100.0
900,0,23.72275577724554,23.72275577724554,100.0
900,1,55.52007508458006,55.52007508458006,100.0
900,2,20.757169138174405,20.757169138174405,100.0
910,0,38.932863145169094,38.932863145169094,100.0
910,1,31.129692898279547,31.129692898279547,100.0
910,2,29.937443956551363,29.937443956551363,100.0
920,0,23.300525859604793,23.300525859604793,100.0
920,1,56.138535855201845,56.138535855201845,100.0
920,2,20.560938285193366,20.560938285193366,100.0
930,0,32.093474245200156,32.093474245200156,100.0
930,1,29.964599925361462,29.964599925361462,100.0
930,2,37.94192582943838,37.94192582943838,100.0
940,0,28.166514965932667,28.166514965932667,100.0
940,1,41.60573232481738,41.60573232481738,100.0
940,2,30.227752709249955,30.227752709249955,100.0
950,0,27.687952051010512,27.687952051010512,100.0
950,1,35.32304145207343,35.32304145207343,100.0
950,2,36.98900649691606,36.98900649691606,100.0
960,0,25.10868256032368,25.10868256032368,100.0
960,1,38.56496196584388,38.56496196584388,100.0
960,2,36.326355473832436,36.326355473832436,100.0
970,0,30.448198396274417,30.448198396274417,100.0
970,1,32.35546198216922,32.35546198216922,100.0
970,2,37.196339621556355,37.196339621556355,100.0
980,0,33.90622980694774,33.90622980694774,100.0
980,1,34.706528604731304,34.706528604731304,100.0
980,2,31.387241588320958,31.387241588320958,100.0
990,0,38.928581501347516,38.928581501347516,100.0
990,1,35.6747045980858,35.6747045980858,100.0
990,2,25.39671390056668,25.39671390056668,100.0
1000,0,25.1611769997862,25.1611769997862,100.0
1000,1,47.29974093626297,47.29974093626297,100.0
1000,2,27.539082063950836,27.539082063950836,100.0
1010,0,27.806804585805118,27.806804585805118,100.0
1010,1,42.66651538621347,42.66651538621347,100.0
1010,2,29.526680027981417,29.526680027981417,100.0
1020,0,37.501288783394614,37.501288783394614,100.0
1020,1,42.13394099487524,42.13394099487524,100.0
1020,2,20.36477022173015,20.36477022173015,100.0
1030,0,45.52314696774186,45.52314696774186,100.0
1030,1,30.73755466849906,30.73755466849906,100.0
1030,2,23.739298363759083,23.739298363759083,100.0
1040,0,27.23622083609009,27.23622083609009,100.0
1040,1,42.86404642354291,42.86404642354291,100.0
1040,2,29.899732740367003,29.899732740367003,100.0
1050,0,24.810527145973403,24.810527145973403,100.0
1050,1,53.08762034853507,53.08762034853507,100.0
1050,2,22.101852505491532,22.101852505491532,100.0
1060,0,25.924898393096818,25.924898393096818,100.0
1060,1,34.99314791516543,34.99314791516543,100.0
1060,2,39.081953691737766,39.081953691737766,100.0
1070,0,35.26262241412332,35.26262241412332,100.0
1070,1,36.8285303840182,36.8285303840182,100.0
1070,2,27.90884720185848,27.90884720185848,100.0
1080,0,41.48320075289136,41.48320075289136,100.0
1080,1,27.273066002325475,27.273066002325475,100.0
1080,2,31.243733244783172,31.243733244783172,100.0
1090,0,36.368409774300545,36.368409774300545,100.0
1090,1,38.2910702612796,38.2910702612796,100.0
1090,2,25.34051996441985,25.34051996441985,100.0
1100,0,33.31621285746325,33.31621285746325,100.0
1100,1,32.603646749020854,32.603646749020854,100.0
1100,2,34.0801403935159,34.0801403935159,100.0
1110,0,34.22826043803822,34.22826043803822,100.0
1110,1,44.92339280740406,44.92339280740406,100.0
1110,2,20.848346754557724,20.848346754557724,100.0
1120,0,26.10591087844989,26.10591087844989,100.0
1120,1,48.29299825944574,48.29299825944574,100.0
1120,2,25.60109086210437,25.60109086210437,100.0
1130,0,34.09672575711235,34.09672575711235,100.0
1130,1,37.45343903101055,37.45343903101055,100.0
1130,2,28.4498352118771,28.4498352118771,100.0
1140,0,37.98251431813492,37.98251431813492,100.0
1140,1,23.781186423643863,23.781186423643863,100.0
1140,2,38.236299258221216,38.236299258221216,100.0
1150,0,31.241898848707837,31.241898848707837,100.0
1150,1,29.44332442080688,29.44332442080688,100.0
1150,2,39.31477673048528,39.31477673048528,100.0
1160,0,26.276819627450976,26.276819627450976,100.0
1160,1,28.583239659037694,28.583239659037694,100.0
1160,2,45.13994071351133,45.13994071351133,100.0
1170,0,47.06918676076825,47.06918676076825,100.0
1170,1,26.047422258197113,26.047422258197113,100.0
1170,2,26.883390981034644,26.883390981034644,100.0
1180,0,28.61575026245631,28.61575026245631,100.0
1180,1,33.87385029266245,33.87385029266245,100.0
1180,2,37.51039944488124,37.51039944488124,100.0
1190,0,28.379353265616448,28.379353265616448,100.0
1190,1,31.01964738571975,31.01964738571975,100.0
1190,2,40.600999348663805,40.600999348663805,100.0
1200,0,24.367203727398305,24.367203727398305,100.0
1200,1,43.22271350559612,43.22271350559612,100.0
1200,2,32.410082767005576,32.410082767005576,100.0
1210,0,38.775977254035524,38.775977254035524,100.0
1210,1,39.683344198706614,39.683344198706614,100.0
1210,2,21.540678547257862,21.540678547257862,100.0
1220,0,27.21245745789156,27.21245745789156,100.0
1220,1,37.437940726930904,37.437940726930904,100.0
1220,2,35.349601815177536,35.349601815177536,100.0
1230,0,42.41996506886613,42.41996506886613,100.0
1230,1,30.981392710550843,30.981392710550843,100.0
1230,2,26.59864222058303,26.59864222058303,100.0
1240,0,34.930260859710636,34.930260859710636,100.0
1240,1,36.62420584053279,36.62420584053279,100.0
1240,2,28.445533299756587,28.445533299756587,100.0
1250,0,43.454458399242476,43.454458399242476,100.0
1250,1,38.30658753648655,38.30658753648655,100.0
1250,2,18.238954064270978,18.238954064270978,100.0
1260,0,25.923718947347847,25.923718947347847,100.0
1260,1,26.281648476091345,26.281648476091345,100.0
1260,2,47.7946325765608,47.7946325765608,100.0
1270,0,34.5473003438483,34.5473003438483,100.0
1270,1,37.87109625155746,37.87109625155746,100.0
1270,2,27.58160340459425,27.58160340459425,100.0
1280,0,33.80769261964557,33.80769261964557,100.0
1280,1,29.467217862470157,29.467217862470157,100.0
1280,2,36.72508951788427,36.72508951788427,100.0
1290,0,31.049610556882634,31.049610556882634,100.0
1290,1,31.634963251847246,31.634963251847246,100.0
1290,2,37.31542619127013,37.31542619127013,100.0
1300,0,33.02339811194219,33.02339811194219,100.0
1300,1,31.69796876262251,31.69796876262251,100.0
1300,2,35.278633125435306,35.278633125435306,100.0
1310,0,31.31369044950437,31.31369044950437,100.0
1310,1,47.804351733840065,47.804351733840065,100.0
1310,2,20.881957816655564,20.881957816655564,100.0
1320,0,31.701155575417104,31.701155575417104,100.0
1320,1,44.92568286619804,44.92568286619804,100.0
1320,2,23.373161558384858,23.373161558384858,100.0
1330,0,20.484046600941554,20.484046600941554,100.0
1330,1,41.31562510310568,41.31562510310568,100.0
1330,2,38.200328295952765,38.200328295952765,100.0
1340,0,45.16500535561476,45.16500535561476,100.0
1340,1,28.12907708538031,28.12907708538031,100.0
1340,2,26.70591755900493,26.70591755900493,100.0
1350,0,21.30065477402054,21.30065477402054,100.0
1350,1,45.51154142872732,45.51154142872732,100.0
1350,2,33.18780379725214,33.18780379725214,100.0
1360,0,28.9065631623341,28.9065631623341,100.0
1360,1,31.98804539921275,31.98804539921275,100.0
1360,2,39.105391438453154,39.105391438453154,100.0
1370,0,24.906565434656148,24.906565434656148,100.0
1370,1,49.78206348746353,49.78206348746353,100.0
1370,2,25.311371077880313,25.311371077880313,100.0
1380,0,33.50498569035243,33.50498569035243,100.0
1380,1,40.9432297248159,40.9432297248159,100.0
1380,2,25.551784584831683,25.551784584831683,100.0
1390,0,25.539512693901067,25.539512693901067,100.0
1390,1,40.14177264136862,40.14177264136862,100.0
1390,2,34.31871466473033,34.31871466473033,100.0
1400,0,25.64877357648442,25.64877357648442,100.0
1400,1,31.40046604927449,31.40046604927449,100.0
1400,2,42.95076037424109,42.95076037424109,100.0
1410,0,42.980121870644595,42.980121870644595,100.0
1410,1,24.09781481090667,24.09781481090667,100.0
1410,2,32.92206331844875,32.92206331844875,100.0
1420,0,42.86318935636334,42.86318935636334,100.0
1420,1,36.22941492705808,36.22941492705808,100.0
1420,2,20.907395716578588,20.907395716578588,100.0
1430,0,23.148656872272884,23.148656872272884,100.0
1430,1,44.30930556918673,44.30930556918673,100.0
1430,2,32.54203755854038,32.54203755854038,100.0
1440,0,27.29522789745118,27.29522789745118,100.0
1440,1,52.664611098077366,52.664611098077366,100.0
1440,2,20.040161004471464,20.040161004471464,100.0
1450,0,38.96048215942993,38.96048215942993,100.0
1450,1,26.358600114975804,26.358600114975804,100.0
1450,2,34.68091772559427,34.68091772559427,100.0
1460,0,25.98854007823968,25.98854007823968,100.0
1460,1,53.59255772679887,53.59255772679887,100.0
1460,2,20.418902194961447,20.418902194961447,100.0
1470,0,22.897476597061704,22.897476597061704,100.0
1470,1,37.27421829222123,37.27421829222123,100.0
1470,2,39.82830511071707,39.82830511071707,100.0
1480,0,24.391268905283816,24.391268905283816,100.0
1480,1,45.33493876278746,45.33493876278746,100.0
1480,2,30.27379233192873,30.27379233192873,100.0
1490,0,28.97841288007171,28.97841288007171,100.0
1490,1,32.453392153971706,32.453392153971706,100.0
1490,2,38.5681949659566,38.5681949659566,100.0
1500,0,28.639650512476898,28.639650512476898,100.0
1500,1,29.480632238837213,29.480632238837213,100.0
1500,2,41.879717248685886,41.879717248685886,100.0
