timestamp,sliceId,dedicatedPRB,minPRB,maxPRB
510,0,35.52887491762354,35.52887491762354,100.0
510,1,32.22088162995247,32.22088162995247,100.0
510,2,32.250243452424,32.250243452424,100.0
520,0,33.04460907179756,33.04460907179756,100.0
520,1,37.284909913477414,37.284909913477414,100.0
520,2,29.67048101472503,29.67048101472503,100.0
530,0,41.76393372628642,41.76393372628642,100.0
530,1,36.453060760046,36.453060760046,100.0
530,2,21.78300551366758,21.78300551366758,100.0
540,0,22.31851274329391,22.31851274329391,100.0
540,1,47.18060713492726,47.18060713492726,100.0
540,2,30.500880121778838,30.500880121778838,100.0
550,0,40.326492429267965,40.326492429267965,100.0
550,1,42.19004952883665,42.19004952883665,100.0
550,2,17.48345804189539,17.48345804189539,100.0
