timestamp,ueImsi,sliceId,dTxBytes,dRxBytes,plr,resourceSharePct,dLostPackets,throughputMbps,bufferBytes,dlBufferBytes,ulBufferBytes,macBufferBytes,congestionPct,lastDrlActionStatus
10600,1,0,194844,8596,95.95,21.66,166,0.6877,1200005,194262,1200005,1394267,13.30,applied
10600,2,0,194844,6140,97.11,21.66,168,0.4912,1200005,194279,1200005,1394284,13.30,applied
10600,3,0,194844,76136,64.16,21.66,111,6.0909,1200005,194256,1200005,1394261,13.30,applied
10600,4,0,194844,0,100.00,21.66,173,0.0000,1200005,197619,1200005,1397624,13.33,applied
10600,5,0,194844,4912,97.69,21.66,169,0.3930,1200005,194264,1200005,1394269,13.30,applied
10600,6,1,0,0,0.00,35.00,0,0.0000,34,0,34,34,0.00,applied
10600,7,1,0,0,0.00,35.00,0,0.0000,34,0,34,34,0.00,applied
10600,8,1,0,0,0.00,35.00,0,0.0000,34,0,34,34,0.00,applied
10600,9,1,0,0,0.00,35.00,0,0.0000,34,0,34,34,0.00,applied
10600,10,1,0,0,0.00,35.00,0,0.0000,34,0,34,34,0.00,applied
10600,11,1,0,0,0.00,35.00,0,0.0000,34,0,34,34,0.00,applied
10600,12,1,0,0,0.00,35.00,0,0.0000,34,0,34,34,0.00,applied
10600,13,1,0,0,0.00,35.00,0,0.0000,34,0,34,34,0.00,applied
10600,14,2,63772,0,100.00,43.33,49,0.0000,6304024,6304024,51,6304075,60.12,applied
10600,15,2,63772,0,100.00,43.33,49,0.0000,6304118,6304118,34,6304152,60.12,applied
10600,16,2,63772,0,100.00,43.33,49,0.0000,6304024,6304024,51,6304075,60.12,applied
10600,17,2,63772,0,100.00,43.33,49,0.0000,6306412,6306412,51,6306463,60.14,applied
10600,18,2,63772,0,100.00,43.33,49,0.0000,6304029,6304029,51,6304080,60.12,applied
10600,19,2,63772,940,89.80,43.33,44,0.0752,6304024,6304024,51,6304075,60.12,applied
10600,20,2,63772,940,89.80,43.33,44,0.0752,6304032,6304032,51,6304083,60.12,applied
10600,21,2,63772,0,100.00,43.33,49,0.0000,6304419,6304419,51,6304470,60.12,applied
10600,22,2,63772,0,100.00,43.33,49,0.0000,6305227,6305227,51,6305278,60.13,applied
10600,23,2,63772,0,100.00,43.33,49,0.0000,6304025,6304025,51,6304076,60.12,applied
10600,24,2,63772,940,89.80,43.33,44,0.0752,6304023,6304023,51,6304074,60.12,applied
10600,25,2,63772,940,89.80,43.33,44,0.0752,6304023,6304023,51,6304074,60.12,applied
10600,26,2,63772,0,100.00,43.33,49,0.0000,6304023,6304023,51,6304074,60.12,applied
10600,27,2,63772,0,100.00,43.33,49,0.0000,6304125,6304125,51,6304176,60.12,applied
10600,28,2,63772,0,100.00,43.33,49,0.0000,6304099,6304099,51,6304150,60.12,applied
10600,29,2,63772,0,100.00,43.33,49,0.0000,6306110,6306110,51,6306161,60.14,applied
10600,30,2,63772,0,100.00,43.33,49,0.0000,6304027,6304027,51,6304078,60.12,applied
10600,31,2,63772,940,89.80,43.33,44,0.0752,6304027,6304027,51,6304078,60.12,applied
10600,32,2,63772,0,100.00,43.33,49,0.0000,6304028,6304028,51,6304079,60.12,applied
10600,33,2,63772,0,100.00,43.33,49,0.0000,6305705,6305705,51,6305756,60.14,applied
