timestamp,ueImsi,sliceId,dTxBytes,dRxBytes,plr,resourceSharePct,dLostPackets,throughputMbps,bufferBytes
560,1,0,24448,1528,93.75,24.07,15,1.2224,136310
560,2,0,24448,1528,93.75,24.07,15,1.2224,136310
560,3,0,24448,1528,93.75,24.07,15,1.2224,136204
560,4,0,24448,1528,93.75,24.07,15,1.2224,136203
560,5,0,24448,1528,93.75,24.07,15,1.2224,136323
560,6,1,390,312,20.00,46.10,1,0.2496,169
560,7,1,390,312,20.00,46.10,1,0.2496,169
560,8,1,390,312,20.00,46.10,1,0.2496,169
560,9,1,390,312,20.00,46.10,1,0.2496,169
560,10,1,390,312,20.00,46.10,1,0.2496,169
560,11,2,16000,896,94.40,29.83,118,0.7168,90593
560,12,2,16000,896,94.40,29.83,118,0.7168,90590
560,13,2,16000,896,94.40,29.83,118,0.7168,90591
560,14,2,16000,896,94.40,29.83,118,0.7168,90591
560,15,2,16000,896,94.40,29.83,118,0.7168,90657
560,16,2,16000,896,94.40,29.83,118,0.7168,90664
560,17,2,16000,896,94.40,29.83,118,0.7168,90565
560,18,2,16000,896,94.40,29.83,118,0.7168,90657
560,19,2,16000,896,94.40,29.83,118,0.7168,90646
560,20,2,16000,896,94.40,29.83,118,0.7168,90646
