timestamp,sliceId,dedicatedPRB,minPRB,maxPRB
510,0,46.159166259478155,46.159166259478155,100.0
510,1,33.14271537208247,33.14271537208247,100.0
510,2,20.698118368439378,20.698118368439378,100.0
520,0,30.692798618753763,30.692798618753763,100.0
520,1,49.088984577017065,49.088984577017065,100.0
520,2,20.218216804229172,20.218216804229172,100.0
530,0,38.14953354122302,38.14953354122302,100.0
530,1,35.59403200599759,35.59403200599759,100.0
530,2,26.25643445277939,26.25643445277939,100.0
540,0,28.30112480785302,28.30112480785302,100.0
540,1,31.200039416112958,31.200039416112958,100.0
540,2,40.498835776034014,40.498835776034014,100.0
550,0,22.793615403124694,22.793615403124694,100.0
550,1,34.33407495424743,34.33407495424743,100.0
550,2,42.872309642627876,42.872309642627876,100.0
