callId,timeMs,scenario,sliceId,rnti,inActiveUl,ulBufferSize,diagReason
1,502,greenran_normal,0,1,1,34,0,0,in_active_ul
1,502,greenran_normal,0,2,1,34,0,0,in_active_ul
1,502,greenran_normal,0,3,1,34,0,0,in_active_ul
1,502,greenran_normal,0,4,1,34,0,0,in_active_ul
1,502,greenran_normal,0,5,0,0,0,0,not_in_active_ul
1,502,greenran_normal,1,6,0,0,0,0,not_in_active_ul
1,502,greenran_normal,1,7,0,0,0,0,not_in_active_ul
1,502,greenran_normal,1,8,0,0,0,0,not_in_active_ul
1,502,greenran_normal,1,9,0,0,0,0,not_in_active_ul
1,502,greenran_normal,1,10,0,0,0,0,not_in_active_ul
1,502,greenran_normal,1,11,0,0,0,0,not_in_active_ul
1,502,greenran_normal,1,12,0,0,0,0,not_in_active_ul
1,502,greenran_normal,1,34,0,0,0,0,not_in_active_ul
1,502,greenran_normal,2,35,0,0,0,0,not_in_active_ul
1,502,greenran_normal,2,36,0,0,0,0,not_in_active_ul
1,502,greenran_normal,2,37,0,0,0,0,not_in_active_ul
1,502,greenran_normal,2,38,0,0,0,0,not_in_active_ul
1,502,greenran_normal,2,39,0,0,0,0,not_in_active_ul
1,502,greenran_normal,2,40,0,0,0,0,not_in_active_ul
1,502,greenran_normal,2,41,0,0,0,0,not_in_active_ul
1,502,greenran_normal,2,42,0,0,0,0,not_in_active_ul
1,502,greenran_normal,2,43,0,0,0,0,not_in_active_ul
1,502,greenran_normal,2,44,0,0,0,0,not_in_active_ul
1,502,greenran_normal,2,55,0,0,0,0,not_in_active_ul
1,502,greenran_normal,2,56,0,0,0,0,not_in_active_ul
1,502,greenran_normal,2,57,0,0,0,0,not_in_active_ul
1,502,greenran_normal,2,58,0,0,0,0,not_in_active_ul
1,502,greenran_normal,2,59,0,0,0,0,not_in_active_ul
1,502,greenran_normal,2,60,0,0,0,0,not_in_active_ul
1,502,greenran_normal,2,61,0,0,0,0,not_in_active_ul
1,502,greenran_normal,2,62,0,0,0,0,not_in_active_ul
1,502,greenran_normal,2,63,0,0,0,0,not_in_active_ul
1,502,greenran_normal,2,64,0,0,0,0,not_in_active_ul
142,602,greenran_normal,0,1,1,1199983,0,0,in_active_ul
142,602,greenran_normal,0,2,1,1199993,0,0,in_active_ul
142,602,greenran_normal,0,3,1,150005,0,0,in_active_ul
142,602,greenran_normal,0,4,1,1199904,0,0,in_active_ul
142,602,greenran_normal,0,5,1,1200005,0,0,in_active_ul
142,602,greenran_normal,1,6,0,0,0,0,not_in_active_ul
142,602,greenran_normal,1,7,0,0,0,0,not_in_active_ul
142,602,greenran_normal,1,8,0,0,0,0,not_in_active_ul
142,602,greenran_normal,1,9,0,0,0,0,not_in_active_ul
142,602,greenran_normal,1,10,0,0,0,0,not_in_active_ul
142,602,greenran_normal,1,11,0,0,0,0,not_in_active_ul
142,602,greenran_normal,1,12,0,0,0,0,not_in_active_ul
142,602,greenran_normal,1,34,0,0,0,0,not_in_active_ul
142,602,greenran_normal,2,35,0,0,0,0,not_in_active_ul
142,602,greenran_normal,2,36,0,0,0,0,not_in_active_ul
142,602,greenran_normal,2,37,0,0,0,0,not_in_active_ul
142,602,greenran_normal,2,38,0,0,0,0,not_in_active_ul
142,602,greenran_normal,2,39,1,51,0,0,in_active_ul
142,602,greenran_normal,2,40,0,0,0,0,not_in_active_ul
142,602,greenran_normal,2,41,0,0,0,0,not_in_active_ul
142,602,greenran_normal,2,42,0,0,0,0,not_in_active_ul
142,602,greenran_normal,2,43,0,0,0,0,not_in_active_ul
142,602,greenran_normal,2,44,0,0,0,0,not_in_active_ul
142,602,greenran_normal,2,55,0,0,0,0,not_in_active_ul
142,602,greenran_normal,2,56,0,0,0,0,not_in_active_ul
142,602,greenran_normal,2,57,0,0,0,0,not_in_active_ul
142,602,greenran_normal,2,58,0,0,0,0,not_in_active_ul
142,602,greenran_normal,2,59,0,0,0,0,not_in_active_ul
142,602,greenran_normal,2,60,0,0,0,0,not_in_active_ul
142,602,greenran_normal,2,61,0,0,0,0,not_in_active_ul
142,602,greenran_normal,2,62,0,0,0,0,not_in_active_ul
142,602,greenran_normal,2,63,0,0,0,0,not_in_active_ul
142,602,greenran_normal,2,64,0,0,0,0,not_in_active_ul
294,702,greenran_normal,0,1,1,1200005,0,0,in_active_ul
294,702,greenran_normal,0,2,1,1200005,0,0,in_active_ul
294,702,greenran_normal,0,3,0,0,0,0,not_in_active_ul
294,702,greenran_normal,0,4,1,1200005,0,0,in_active_ul
294,702,greenran_normal,0,5,1,1200005,0,0,in_active_ul
294,702,greenran_normal,1,6,0,0,0,0,not_in_active_ul
294,702,greenran_normal,1,7,0,0,0,0,not_in_active_ul
294,702,greenran_normal,1,8,0,0,0,0,not_in_active_ul
294,702,greenran_normal,1,9,0,0,0,0,not_in_active_ul
294,702,greenran_normal,1,10,0,0,0,0,not_in_active_ul
294,702,greenran_normal,1,11,0,0,0,0,not_in_active_ul
294,702,greenran_normal,1,12,0,0,0,0,not_in_active_ul
294,702,greenran_normal,1,34,0,0,0,0,not_in_active_ul
294,702,greenran_normal,2,35,0,0,0,0,not_in_active_ul
294,702,greenran_normal,2,36,0,0,0,0,not_in_active_ul
294,702,greenran_normal,2,37,1,51,0,0,in_active_ul
294,702,greenran_normal,2,38,0,0,0,0,not_in_active_ul
294,702,greenran_normal,2,39,1,51,0,0,in_active_ul
294,702,greenran_normal,2,40,1,51,0,0,in_active_ul
294,702,greenran_normal,2,41,1,51,0,0,in_active_ul
294,702,greenran_normal,2,42,0,0,0,0,not_in_active_ul
294,702,greenran_normal,2,43,0,0,0,0,not_in_active_ul
294,702,greenran_normal,2,44,0,0,0,0,not_in_active_ul
294,702,greenran_normal,2,55,1,51,0,0,in_active_ul
294,702,greenran_normal,2,56,1,51,0,0,in_active_ul
294,702,greenran_normal,2,57,0,0,0,0,not_in_active_ul
294,702,greenran_normal,2,58,1,51,0,0,in_active_ul
294,702,greenran_normal,2,59,0,0,0,0,not_in_active_ul
294,702,greenran_normal,2,60,0,0,0,0,not_in_active_ul
294,702,greenran_normal,2,61,0,0,0,0,not_in_active_ul
294,702,greenran_normal,2,62,1,51,0,0,in_active_ul
294,702,greenran_normal,2,63,0,0,0,0,not_in_active_ul
294,702,greenran_normal,2,64,0,0,0,0,not_in_active_ul
438,802,greenran_normal,0,1,1,1199855,0,0,in_active_ul
438,802,greenran_normal,0,2,1,1199893,0,0,in_active_ul
438,802,greenran_normal,0,3,1,1198453,0,0,in_active_ul
438,802,greenran_normal,0,4,1,1200005,0,0,in_active_ul
438,802,greenran_normal,0,5,1,1200005,0,0,in_active_ul
438,802,greenran_normal,1,6,0,0,0,0,not_in_active_ul
438,802,greenran_normal,1,7,0,0,0,0,not_in_active_ul
438,802,greenran_normal,1,8,0,0,0,0,not_in_active_ul
438,802,greenran_normal,1,9,0,0,0,0,not_in_active_ul
438,802,greenran_normal,1,10,0,0,0,0,not_in_active_ul
438,802,greenran_normal,1,11,0,0,0,0,not_in_active_ul
438,802,greenran_normal,1,12,0,0,0,0,not_in_active_ul
438,802,greenran_normal,1,34,0,0,0,0,not_in_active_ul
438,802,greenran_normal,2,35,0,0,0,0,not_in_active_ul
438,802,greenran_normal,2,36,0,0,0,0,not_in_active_ul
438,802,greenran_normal,2,37,0,0,0,0,not_in_active_ul
438,802,greenran_normal,2,38,0,0,0,0,not_in_active_ul
438,802,greenran_normal,2,39,0,0,0,0,not_in_active_ul
438,802,greenran_normal,2,40,0,0,0,0,not_in_active_ul
438,802,greenran_normal,2,41,0,0,0,0,not_in_active_ul
438,802,greenran_normal,2,42,0,0,0,0,not_in_active_ul
438,802,greenran_normal,2,43,0,0,0,0,not_in_active_ul
438,802,greenran_normal,2,44,0,0,0,0,not_in_active_ul
438,802,greenran_normal,2,55,0,0,0,0,not_in_active_ul
438,802,greenran_normal,2,56,0,0,0,0,not_in_active_ul
438,802,greenran_normal,2,57,0,0,0,0,not_in_active_ul
438,802,greenran_normal,2,58,0,0,0,0,not_in_active_ul
438,802,greenran_normal,2,59,0,0,0,0,not_in_active_ul
438,802,greenran_normal,2,60,0,0,0,0,not_in_active_ul
438,802,greenran_normal,2,61,0,0,0,0,not_in_active_ul
438,802,greenran_normal,2,62,0,0,0,0,not_in_active_ul
438,802,greenran_normal,2,63,0,0,0,0,not_in_active_ul
438,802,greenran_normal,2,64,0,0,0,0,not_in_active_ul
599,902,greenran_normal,0,1,0,0,0,0,not_in_active_ul
599,902,greenran_normal,0,2,0,0,0,0,not_in_active_ul
599,902,greenran_normal,0,3,0,0,0,0,not_in_active_ul
599,902,greenran_normal,0,4,0,0,0,0,not_in_active_ul
599,902,greenran_normal,0,5,1,1200005,0,0,in_active_ul
599,902,greenran_normal,1,6,0,0,0,0,not_in_active_ul
599,902,greenran_normal,1,7,0,0,0,0,not_in_active_ul
599,902,greenran_normal,1,8,0,0,0,0,not_in_active_ul
599,902,greenran_normal,1,9,0,0,0,0,not_in_active_ul
599,902,greenran_normal,1,10,0,0,0,0,not_in_active_ul
599,902,greenran_normal,1,11,0,0,0,0,not_in_active_ul
599,902,greenran_normal,1,12,0,0,0,0,not_in_active_ul
599,902,greenran_normal,1,34,0,0,0,0,not_in_active_ul
599,902,greenran_normal,2,35,0,0,0,0,not_in_active_ul
599,902,greenran_normal,2,36,0,0,0,0,not_in_active_ul
599,902,greenran_normal,2,37,1,34,0,0,in_active_ul
599,902,greenran_normal,2,38,0,0,0,0,not_in_active_ul
599,902,greenran_normal,2,39,0,0,0,0,not_in_active_ul
599,902,greenran_normal,2,40,0,0,0,0,not_in_active_ul
599,902,greenran_normal,2,41,0,0,0,0,not_in_active_ul
599,902,greenran_normal,2,42,0,0,0,0,not_in_active_ul
599,902,greenran_normal,2,43,0,0,0,0,not_in_active_ul
599,902,greenran_normal,2,44,0,0,0,0,not_in_active_ul
599,902,greenran_normal,2,55,0,0,0,0,not_in_active_ul
599,902,greenran_normal,2,56,1,51,0,0,in_active_ul
599,902,greenran_normal,2,57,0,0,0,0,not_in_active_ul
599,902,greenran_normal,2,58,0,0,0,0,not_in_active_ul
599,902,greenran_normal,2,59,0,0,0,0,not_in_active_ul
599,902,greenran_normal,2,60,0,0,0,0,not_in_active_ul
599,902,greenran_normal,2,61,0,0,0,0,not_in_active_ul
599,902,greenran_normal,2,62,0,0,0,0,not_in_active_ul
599,902,greenran_normal,2,63,0,0,0,0,not_in_active_ul
599,902,greenran_normal,2,64,0,0,0,0,not_in_active_ul
733,1002,greenran_normal,0,1,1,1200005,0,0,in_active_ul
733,1002,greenran_normal,0,2,1,1200005,0,0,in_active_ul
733,1002,greenran_normal,0,3,1,1200005,0,0,in_active_ul
733,1002,greenran_normal,0,4,0,0,0,0,not_in_active_ul
733,1002,greenran_normal,0,5,1,1200005,0,0,in_active_ul
733,1002,greenran_normal,1,6,0,0,0,0,not_in_active_ul
733,1002,greenran_normal,1,7,0,0,0,0,not_in_active_ul
733,1002,greenran_normal,1,8,0,0,0,0,not_in_active_ul
733,1002,greenran_normal,1,9,0,0,0,0,not_in_active_ul
733,1002,greenran_normal,1,10,0,0,0,0,not_in_active_ul
733,1002,greenran_normal,1,11,0,0,0,0,not_in_active_ul
733,1002,greenran_normal,1,12,0,0,0,0,not_in_active_ul
733,1002,greenran_normal,1,34,0,0,0,0,not_in_active_ul
733,1002,greenran_normal,2,35,0,0,0,0,not_in_active_ul
733,1002,greenran_normal,2,36,0,0,0,0,not_in_active_ul
733,1002,greenran_normal,2,37,0,0,0,0,not_in_active_ul
733,1002,greenran_normal,2,38,0,0,0,0,not_in_active_ul
733,1002,greenran_normal,2,39,0,0,0,0,not_in_active_ul
733,1002,greenran_normal,2,40,1,51,0,0,in_active_ul
733,1002,greenran_normal,2,41,1,51,0,0,in_active_ul
733,1002,greenran_normal,2,42,0,0,0,0,not_in_active_ul
733,1002,greenran_normal,2,43,0,0,0,0,not_in_active_ul
733,1002,greenran_normal,2,44,0,0,0,0,not_in_active_ul
733,1002,greenran_normal,2,55,1,51,0,0,in_active_ul
733,1002,greenran_normal,2,56,1,51,0,0,in_active_ul
733,1002,greenran_normal,2,57,0,0,0,0,not_in_active_ul
733,1002,greenran_normal,2,58,0,0,0,0,not_in_active_ul
733,1002,greenran_normal,2,59,0,0,0,0,not_in_active_ul
733,1002,greenran_normal,2,60,0,0,0,0,not_in_active_ul
733,1002,greenran_normal,2,61,0,0,0,0,not_in_active_ul
733,1002,greenran_normal,2,62,1,51,0,0,in_active_ul
733,1002,greenran_normal,2,63,0,0,0,0,not_in_active_ul
733,1002,greenran_normal,2,64,0,0,0,0,not_in_active_ul
885,1102,greenran_normal,0,1,0,0,0,0,not_in_active_ul
885,1102,greenran_normal,0,2,1,1200005,0,0,in_active_ul
885,1102,greenran_normal,0,3,0,0,0,0,not_in_active_ul
885,1102,greenran_normal,0,4,1,1199507,0,0,in_active_ul
885,1102,greenran_normal,0,5,1,1200005,0,0,in_active_ul
885,1102,greenran_normal,1,6,0,0,0,0,not_in_active_ul
885,1102,greenran_normal,1,7,0,0,0,0,not_in_active_ul
885,1102,greenran_normal,1,8,0,0,0,0,not_in_active_ul
885,1102,greenran_normal,1,9,0,0,0,0,not_in_active_ul
885,1102,greenran_normal,1,10,0,0,0,0,not_in_active_ul
885,1102,greenran_normal,1,11,0,0,0,0,not_in_active_ul
885,1102,greenran_normal,1,12,0,0,0,0,not_in_active_ul
885,1102,greenran_normal,1,34,0,0,0,0,not_in_active_ul
885,1102,greenran_normal,2,35,0,0,0,0,not_in_active_ul
885,1102,greenran_normal,2,36,0,0,0,0,not_in_active_ul
885,1102,greenran_normal,2,37,0,0,0,0,not_in_active_ul
885,1102,greenran_normal,2,38,0,0,0,0,not_in_active_ul
885,1102,greenran_normal,2,39,1,107,0,0,in_active_ul
885,1102,greenran_normal,2,40,0,0,0,0,not_in_active_ul
885,1102,greenran_normal,2,41,0,0,0,0,not_in_active_ul
885,1102,greenran_normal,2,42,0,0,0,0,not_in_active_ul
885,1102,greenran_normal,2,43,0,0,0,0,not_in_active_ul
885,1102,greenran_normal,2,44,0,0,0,0,not_in_active_ul
885,1102,greenran_normal,2,55,0,0,0,0,not_in_active_ul
885,1102,greenran_normal,2,56,1,51,0,0,in_active_ul
885,1102,greenran_normal,2,57,0,0,0,0,not_in_active_ul
885,1102,greenran_normal,2,58,0,0,0,0,not_in_active_ul
885,1102,greenran_normal,2,59,0,0,0,0,not_in_active_ul
885,1102,greenran_normal,2,60,0,0,0,0,not_in_active_ul
885,1102,greenran_normal,2,61,0,0,0,0,not_in_active_ul
885,1102,greenran_normal,2,62,0,0,0,0,not_in_active_ul
885,1102,greenran_normal,2,63,0,0,0,0,not_in_active_ul
885,1102,greenran_normal,2,64,0,0,0,0,not_in_active_ul
1039,1202,greenran_normal,0,1,1,1199828,0,0,in_active_ul
1039,1202,greenran_normal,0,2,1,1200005,0,0,in_active_ul
1039,1202,greenran_normal,0,3,1,1200005,0,0,in_active_ul
1039,1202,greenran_normal,0,4,1,1199948,0,0,in_active_ul
1039,1202,greenran_normal,0,5,1,1199924,0,0,in_active_ul
1039,1202,greenran_normal,1,6,0,0,0,0,not_in_active_ul
1039,1202,greenran_normal,1,7,0,0,0,0,not_in_active_ul
1039,1202,greenran_normal,1,8,0,0,0,0,not_in_active_ul
1039,1202,greenran_normal,1,9,0,0,0,0,not_in_active_ul
1039,1202,greenran_normal,1,10,0,0,0,0,not_in_active_ul
1039,1202,greenran_normal,1,11,0,0,0,0,not_in_active_ul
1039,1202,greenran_normal,1,12,0,0,0,0,not_in_active_ul
1039,1202,greenran_normal,1,34,0,0,0,0,not_in_active_ul
1039,1202,greenran_normal,2,35,0,0,0,0,not_in_active_ul
1039,1202,greenran_normal,2,36,0,0,0,0,not_in_active_ul
1039,1202,greenran_normal,2,37,1,51,0,0,in_active_ul
1039,1202,greenran_normal,2,38,0,0,0,0,not_in_active_ul
1039,1202,greenran_normal,2,39,0,0,0,0,not_in_active_ul
1039,1202,greenran_normal,2,40,1,51,0,0,in_active_ul
1039,1202,greenran_normal,2,41,1,51,0,0,in_active_ul
1039,1202,greenran_normal,2,42,0,0,0,0,not_in_active_ul
1039,1202,greenran_normal,2,43,0,0,0,0,not_in_active_ul
1039,1202,greenran_normal,2,44,0,0,0,0,not_in_active_ul
1039,1202,greenran_normal,2,55,1,51,0,0,in_active_ul
1039,1202,greenran_normal,2,56,1,51,0,0,in_active_ul
1039,1202,greenran_normal,2,57,0,0,0,0,not_in_active_ul
1039,1202,greenran_normal,2,58,0,0,0,0,not_in_active_ul
1039,1202,greenran_normal,2,59,0,0,0,0,not_in_active_ul
1039,1202,greenran_normal,2,60,0,0,0,0,not_in_active_ul
1039,1202,greenran_normal,2,61,0,0,0,0,not_in_active_ul
1039,1202,greenran_normal,2,62,1,51,0,0,in_active_ul
1039,1202,greenran_normal,2,63,0,0,0,0,not_in_active_ul
1039,1202,greenran_normal,2,64,0,0,0,0,not_in_active_ul
1172,1302,greenran_normal,0,1,0,0,0,0,not_in_active_ul
1172,1302,greenran_normal,0,2,1,1199833,0,0,in_active_ul
1172,1302,greenran_normal,0,3,0,0,0,0,not_in_active_ul
1172,1302,greenran_normal,0,4,1,1199833,0,0,in_active_ul
1172,1302,greenran_normal,0,5,1,1200005,0,0,in_active_ul
1172,1302,greenran_normal,1,6,0,0,0,0,not_in_active_ul
1172,1302,greenran_normal,1,7,0,0,0,0,not_in_active_ul
1172,1302,greenran_normal,1,8,0,0,0,0,not_in_active_ul
1172,1302,greenran_normal,1,9,0,0,0,0,not_in_active_ul
1172,1302,greenran_normal,1,10,0,0,0,0,not_in_active_ul
1172,1302,greenran_normal,1,11,0,0,0,0,not_in_active_ul
1172,1302,greenran_normal,1,12,0,0,0,0,not_in_active_ul
1172,1302,greenran_normal,1,34,0,0,0,0,not_in_active_ul
1172,1302,greenran_normal,2,35,0,0,0,0,not_in_active_ul
1172,1302,greenran_normal,2,36,0,0,0,0,not_in_active_ul
1172,1302,greenran_normal,2,37,1,51,0,0,in_active_ul
1172,1302,greenran_normal,2,38,0,0,0,0,not_in_active_ul
1172,1302,greenran_normal,2,39,1,51,0,0,in_active_ul
1172,1302,greenran_normal,2,40,1,51,0,0,in_active_ul
1172,1302,greenran_normal,2,41,1,51,0,0,in_active_ul
1172,1302,greenran_normal,2,42,0,0,0,0,not_in_active_ul
1172,1302,greenran_normal,2,43,0,0,0,0,not_in_active_ul
1172,1302,greenran_normal,2,44,0,0,0,0,not_in_active_ul
1172,1302,greenran_normal,2,55,1,51,0,0,in_active_ul
1172,1302,greenran_normal,2,56,1,51,0,0,in_active_ul
1172,1302,greenran_normal,2,57,0,0,0,0,not_in_active_ul
1172,1302,greenran_normal,2,58,0,0,0,0,not_in_active_ul
1172,1302,greenran_normal,2,59,0,0,0,0,not_in_active_ul
1172,1302,greenran_normal,2,60,0,0,0,0,not_in_active_ul
1172,1302,greenran_normal,2,61,0,0,0,0,not_in_active_ul
1172,1302,greenran_normal,2,62,1,51,0,0,in_active_ul
1172,1302,greenran_normal,2,63,0,0,0,0,not_in_active_ul
1172,1302,greenran_normal,2,64,0,0,0,0,not_in_active_ul
1317,1402,greenran_normal,0,1,1,1199988,0,0,in_active_ul
1317,1402,greenran_normal,0,2,0,0,0,0,not_in_active_ul
1317,1402,greenran_normal,0,3,1,1200005,0,0,in_active_ul
1317,1402,greenran_normal,0,4,1,1199923,0,0,in_active_ul
1317,1402,greenran_normal,0,5,1,1199971,0,0,in_active_ul
1317,1402,greenran_normal,1,6,0,0,0,0,not_in_active_ul
1317,1402,greenran_normal,1,7,0,0,0,0,not_in_active_ul
1317,1402,greenran_normal,1,8,0,0,0,0,not_in_active_ul
1317,1402,greenran_normal,1,9,0,0,0,0,not_in_active_ul
1317,1402,greenran_normal,1,10,0,0,0,0,not_in_active_ul
1317,1402,greenran_normal,1,11,0,0,0,0,not_in_active_ul
1317,1402,greenran_normal,1,12,0,0,0,0,not_in_active_ul
1317,1402,greenran_normal,1,34,0,0,0,0,not_in_active_ul
1317,1402,greenran_normal,2,35,0,0,0,0,not_in_active_ul
1317,1402,greenran_normal,2,36,0,0,0,0,not_in_active_ul
1317,1402,greenran_normal,2,37,1,51,0,0,in_active_ul
1317,1402,greenran_normal,2,38,0,0,0,0,not_in_active_ul
1317,1402,greenran_normal,2,39,0,0,0,0,not_in_active_ul
1317,1402,greenran_normal,2,40,0,0,0,0,not_in_active_ul
1317,1402,greenran_normal,2,41,0,0,0,0,not_in_active_ul
1317,1402,greenran_normal,2,42,0,0,0,0,not_in_active_ul
1317,1402,greenran_normal,2,43,0,0,0,0,not_in_active_ul
1317,1402,greenran_normal,2,44,0,0,0,0,not_in_active_ul
1317,1402,greenran_normal,2,55,0,0,0,0,not_in_active_ul
1317,1402,greenran_normal,2,56,0,0,0,0,not_in_active_ul
1317,1402,greenran_normal,2,57,0,0,0,0,not_in_active_ul
1317,1402,greenran_normal,2,58,0,0,0,0,not_in_active_ul
1317,1402,greenran_normal,2,59,0,0,0,0,not_in_active_ul
1317,1402,greenran_normal,2,60,0,0,0,0,not_in_active_ul
1317,1402,greenran_normal,2,61,0,0,0,0,not_in_active_ul
1317,1402,greenran_normal,2,62,0,0,0,0,not_in_active_ul
1317,1402,greenran_normal,2,63,0,0,0,0,not_in_active_ul
1317,1402,greenran_normal,2,64,0,0,0,0,not_in_active_ul
1463,1502,greenran_normal,0,1,1,1199943,0,0,in_active_ul
1463,1502,greenran_normal,0,2,0,0,0,0,not_in_active_ul
1463,1502,greenran_normal,0,3,0,0,0,0,not_in_active_ul
1463,1502,greenran_normal,0,4,0,0,0,0,not_in_active_ul
1463,1502,greenran_normal,0,5,1,1200005,0,0,in_active_ul
1463,1502,greenran_normal,1,6,0,0,0,0,not_in_active_ul
1463,1502,greenran_normal,1,7,0,0,0,0,not_in_active_ul
1463,1502,greenran_normal,1,8,0,0,0,0,not_in_active_ul
1463,1502,greenran_normal,1,9,0,0,0,0,not_in_active_ul
1463,1502,greenran_normal,1,10,0,0,0,0,not_in_active_ul
1463,1502,greenran_normal,1,11,0,0,0,0,not_in_active_ul
1463,1502,greenran_normal,1,12,0,0,0,0,not_in_active_ul
1463,1502,greenran_normal,1,34,0,0,0,0,not_in_active_ul
1463,1502,greenran_normal,2,35,0,0,0,0,not_in_active_ul
1463,1502,greenran_normal,2,36,0,0,0,0,not_in_active_ul
1463,1502,greenran_normal,2,37,1,101,0,0,in_active_ul
1463,1502,greenran_normal,2,38,0,0,0,0,not_in_active_ul
1463,1502,greenran_normal,2,39,1,174,0,0,in_active_ul
1463,1502,greenran_normal,2,40,0,0,0,0,not_in_active_ul
1463,1502,greenran_normal,2,41,0,0,0,0,not_in_active_ul
1463,1502,greenran_normal,2,42,0,0,0,0,not_in_active_ul
1463,1502,greenran_normal,2,43,0,0,0,0,not_in_active_ul
1463,1502,greenran_normal,2,44,0,0,0,0,not_in_active_ul
1463,1502,greenran_normal,2,55,0,0,0,0,not_in_active_ul
1463,1502,greenran_normal,2,56,1,51,0,0,in_active_ul
1463,1502,greenran_normal,2,57,0,0,0,0,not_in_active_ul
1463,1502,greenran_normal,2,58,0,0,0,0,not_in_active_ul
1463,1502,greenran_normal,2,59,0,0,0,0,not_in_active_ul
1463,1502,greenran_normal,2,60,0,0,0,0,not_in_active_ul
1463,1502,greenran_normal,2,61,0,0,0,0,not_in_active_ul
1463,1502,greenran_normal,2,62,0,0,0,0,not_in_active_ul
1463,1502,greenran_normal,2,63,0,0,0,0,not_in_active_ul
1463,1502,greenran_normal,2,64,0,0,0,0,not_in_active_ul
1620,1602,greenran_normal,0,1,1,1199760,0,0,in_active_ul
1620,1602,greenran_normal,0,2,1,1199755,0,0,in_active_ul
1620,1602,greenran_normal,0,3,1,1198791,0,0,in_active_ul
1620,1602,greenran_normal,0,4,1,1200005,0,0,in_active_ul
1620,1602,greenran_normal,0,5,1,1199664,0,0,in_active_ul
1620,1602,greenran_normal,1,6,0,0,0,0,not_in_active_ul
1620,1602,greenran_normal,1,7,0,0,0,0,not_in_active_ul
1620,1602,greenran_normal,1,8,0,0,0,0,not_in_active_ul
1620,1602,greenran_normal,1,9,0,0,0,0,not_in_active_ul
1620,1602,greenran_normal,1,10,0,0,0,0,not_in_active_ul
1620,1602,greenran_normal,1,11,0,0,0,0,not_in_active_ul
1620,1602,greenran_normal,1,12,0,0,0,0,not_in_active_ul
1620,1602,greenran_normal,1,34,0,0,0,0,not_in_active_ul
1620,1602,greenran_normal,2,35,0,0,0,0,not_in_active_ul
1620,1602,greenran_normal,2,36,0,0,0,0,not_in_active_ul
1620,1602,greenran_normal,2,37,1,34,0,0,in_active_ul
1620,1602,greenran_normal,2,38,0,0,0,0,not_in_active_ul
1620,1602,greenran_normal,2,39,0,0,0,0,not_in_active_ul
1620,1602,greenran_normal,2,40,0,0,0,0,not_in_active_ul
1620,1602,greenran_normal,2,41,0,0,0,0,not_in_active_ul
1620,1602,greenran_normal,2,42,0,0,0,0,not_in_active_ul
1620,1602,greenran_normal,2,43,0,0,0,0,not_in_active_ul
1620,1602,greenran_normal,2,44,0,0,0,0,not_in_active_ul
1620,1602,greenran_normal,2,55,0,0,0,0,not_in_active_ul
1620,1602,greenran_normal,2,56,0,0,0,0,not_in_active_ul
1620,1602,greenran_normal,2,57,0,0,0,0,not_in_active_ul
1620,1602,greenran_normal,2,58,0,0,0,0,not_in_active_ul
1620,1602,greenran_normal,2,59,0,0,0,0,not_in_active_ul
1620,1602,greenran_normal,2,60,0,0,0,0,not_in_active_ul
1620,1602,greenran_normal,2,61,0,0,0,0,not_in_active_ul
1620,1602,greenran_normal,2,62,0,0,0,0,not_in_active_ul
1620,1602,greenran_normal,2,63,0,0,0,0,not_in_active_ul
1620,1602,greenran_normal,2,64,0,0,0,0,not_in_active_ul
1766,1702,greenran_normal,0,1,0,0,0,0,not_in_active_ul
1766,1702,greenran_normal,0,2,1,1200005,0,0,in_active_ul
1766,1702,greenran_normal,0,3,0,0,0,0,not_in_active_ul
1766,1702,greenran_normal,0,4,0,0,0,0,not_in_active_ul
1766,1702,greenran_normal,0,5,1,1200005,0,0,in_active_ul
1766,1702,greenran_normal,1,6,0,0,0,0,not_in_active_ul
1766,1702,greenran_normal,1,7,0,0,0,0,not_in_active_ul
1766,1702,greenran_normal,1,8,0,0,0,0,not_in_active_ul
1766,1702,greenran_normal,1,9,0,0,0,0,not_in_active_ul
1766,1702,greenran_normal,1,10,0,0,0,0,not_in_active_ul
1766,1702,greenran_normal,1,11,0,0,0,0,not_in_active_ul
1766,1702,greenran_normal,1,12,0,0,0,0,not_in_active_ul
1766,1702,greenran_normal,1,34,0,0,0,0,not_in_active_ul
1766,1702,greenran_normal,2,35,0,0,0,0,not_in_active_ul
1766,1702,greenran_normal,2,36,0,0,0,0,not_in_active_ul
1766,1702,greenran_normal,2,37,1,51,0,0,in_active_ul
1766,1702,greenran_normal,2,38,0,0,0,0,not_in_active_ul
1766,1702,greenran_normal,2,39,1,51,0,0,in_active_ul
1766,1702,greenran_normal,2,40,1,51,0,0,in_active_ul
1766,1702,greenran_normal,2,41,1,51,0,0,in_active_ul
1766,1702,greenran_normal,2,42,0,0,0,0,not_in_active_ul
1766,1702,greenran_normal,2,43,0,0,0,0,not_in_active_ul
1766,1702,greenran_normal,2,44,0,0,0,0,not_in_active_ul
1766,1702,greenran_normal,2,55,1,51,0,0,in_active_ul
1766,1702,greenran_normal,2,56,1,51,0,0,in_active_ul
1766,1702,greenran_normal,2,57,0,0,0,0,not_in_active_ul
1766,1702,greenran_normal,2,58,0,0,0,0,not_in_active_ul
1766,1702,greenran_normal,2,59,0,0,0,0,not_in_active_ul
1766,1702,greenran_normal,2,60,0,0,0,0,not_in_active_ul
1766,1702,greenran_normal,2,61,0,0,0,0,not_in_active_ul
1766,1702,greenran_normal,2,62,1,51,0,0,in_active_ul
1766,1702,greenran_normal,2,63,0,0,0,0,not_in_active_ul
1766,1702,greenran_normal,2,64,0,0,0,0,not_in_active_ul
1907,1802,greenran_normal,0,1,1,1200005,0,0,in_active_ul
1907,1802,greenran_normal,0,2,1,1200005,0,0,in_active_ul
1907,1802,greenran_normal,0,3,1,1199961,0,0,in_active_ul
1907,1802,greenran_normal,0,4,1,1199967,0,0,in_active_ul
1907,1802,greenran_normal,0,5,1,1199953,0,0,in_active_ul
1907,1802,greenran_normal,1,6,0,0,0,0,not_in_active_ul
1907,1802,greenran_normal,1,7,0,0,0,0,not_in_active_ul
1907,1802,greenran_normal,1,8,0,0,0,0,not_in_active_ul
1907,1802,greenran_normal,1,9,0,0,0,0,not_in_active_ul
1907,1802,greenran_normal,1,10,0,0,0,0,not_in_active_ul
1907,1802,greenran_normal,1,11,0,0,0,0,not_in_active_ul
1907,1802,greenran_normal,1,12,0,0,0,0,not_in_active_ul
1907,1802,greenran_normal,1,34,0,0,0,0,not_in_active_ul
1907,1802,greenran_normal,2,35,0,0,0,0,not_in_active_ul
1907,1802,greenran_normal,2,36,0,0,0,0,not_in_active_ul
1907,1802,greenran_normal,2,37,1,51,0,0,in_active_ul
1907,1802,greenran_normal,2,38,0,0,0,0,not_in_active_ul
1907,1802,greenran_normal,2,39,0,0,0,0,not_in_active_ul
1907,1802,greenran_normal,2,40,0,0,0,0,not_in_active_ul
1907,1802,greenran_normal,2,41,0,0,0,0,not_in_active_ul
1907,1802,greenran_normal,2,42,0,0,0,0,not_in_active_ul
1907,1802,greenran_normal,2,43,0,0,0,0,not_in_active_ul
1907,1802,greenran_normal,2,44,0,0,0,0,not_in_active_ul
1907,1802,greenran_normal,2,55,0,0,0,0,not_in_active_ul
1907,1802,greenran_normal,2,56,0,0,0,0,not_in_active_ul
1907,1802,greenran_normal,2,57,0,0,0,0,not_in_active_ul
1907,1802,greenran_normal,2,58,0,0,0,0,not_in_active_ul
1907,1802,greenran_normal,2,59,0,0,0,0,not_in_active_ul
1907,1802,greenran_normal,2,60,0,0,0,0,not_in_active_ul
1907,1802,greenran_normal,2,61,0,0,0,0,not_in_active_ul
1907,1802,greenran_normal,2,62,0,0,0,0,not_in_active_ul
1907,1802,greenran_normal,2,63,0,0,0,0,not_in_active_ul
1907,1802,greenran_normal,2,64,0,0,0,0,not_in_active_ul
2051,1903,greenran_normal,0,1,1,1200005,0,0,in_active_ul
2051,1903,greenran_normal,0,2,0,0,0,0,not_in_active_ul
2051,1903,greenran_normal,0,3,1,1200005,0,0,in_active_ul
2051,1903,greenran_normal,0,4,1,1199962,0,0,in_active_ul
2051,1903,greenran_normal,0,5,1,1200005,0,0,in_active_ul
2051,1903,greenran_normal,1,6,0,0,0,0,not_in_active_ul
2051,1903,greenran_normal,1,7,0,0,0,0,not_in_active_ul
2051,1903,greenran_normal,1,8,0,0,0,0,not_in_active_ul
2051,1903,greenran_normal,1,9,0,0,0,0,not_in_active_ul
2051,1903,greenran_normal,1,10,0,0,0,0,not_in_active_ul
2051,1903,greenran_normal,1,11,0,0,0,0,not_in_active_ul
2051,1903,greenran_normal,1,12,0,0,0,0,not_in_active_ul
2051,1903,greenran_normal,1,34,0,0,0,0,not_in_active_ul
2051,1903,greenran_normal,2,35,0,0,0,0,not_in_active_ul
2051,1903,greenran_normal,2,36,0,0,0,0,not_in_active_ul
2051,1903,greenran_normal,2,37,1,51,0,0,in_active_ul
2051,1903,greenran_normal,2,38,0,0,0,0,not_in_active_ul
2051,1903,greenran_normal,2,39,1,51,0,0,in_active_ul
2051,1903,greenran_normal,2,40,1,51,0,0,in_active_ul
2051,1903,greenran_normal,2,41,1,51,0,0,in_active_ul
2051,1903,greenran_normal,2,42,0,0,0,0,not_in_active_ul
2051,1903,greenran_normal,2,43,0,0,0,0,not_in_active_ul
2051,1903,greenran_normal,2,44,0,0,0,0,not_in_active_ul
2051,1903,greenran_normal,2,55,1,51,0,0,in_active_ul
2051,1903,greenran_normal,2,56,1,51,0,0,in_active_ul
2051,1903,greenran_normal,2,57,0,0,0,0,not_in_active_ul
2051,1903,greenran_normal,2,58,0,0,0,0,not_in_active_ul
2051,1903,greenran_normal,2,59,0,0,0,0,not_in_active_ul
2051,1903,greenran_normal,2,60,0,0,0,0,not_in_active_ul
2051,1903,greenran_normal,2,61,0,0,0,0,not_in_active_ul
2051,1903,greenran_normal,2,62,1,51,0,0,in_active_ul
2051,1903,greenran_normal,2,63,0,0,0,0,not_in_active_ul
2051,1903,greenran_normal,2,64,0,0,0,0,not_in_active_ul
2194,2003,greenran_normal,0,1,0,0,0,0,not_in_active_ul
2194,2003,greenran_normal,0,2,0,0,0,0,not_in_active_ul
2194,2003,greenran_normal,0,3,0,0,0,0,not_in_active_ul
2194,2003,greenran_normal,0,4,1,1200005,0,0,in_active_ul
2194,2003,greenran_normal,0,5,0,0,0,0,not_in_active_ul
2194,2003,greenran_normal,1,6,0,0,0,0,not_in_active_ul
2194,2003,greenran_normal,1,7,0,0,0,0,not_in_active_ul
2194,2003,greenran_normal,1,8,0,0,0,0,not_in_active_ul
2194,2003,greenran_normal,1,9,0,0,0,0,not_in_active_ul
2194,2003,greenran_normal,1,10,0,0,0,0,not_in_active_ul
2194,2003,greenran_normal,1,11,0,0,0,0,not_in_active_ul
2194,2003,greenran_normal,1,12,0,0,0,0,not_in_active_ul
2194,2003,greenran_normal,1,34,0,0,0,0,not_in_active_ul
2194,2003,greenran_normal,2,35,0,0,0,0,not_in_active_ul
2194,2003,greenran_normal,2,36,0,0,0,0,not_in_active_ul
2194,2003,greenran_normal,2,37,0,0,0,0,not_in_active_ul
2194,2003,greenran_normal,2,38,0,0,0,0,not_in_active_ul
2194,2003,greenran_normal,2,39,0,0,0,0,not_in_active_ul
2194,2003,greenran_normal,2,40,0,0,0,0,not_in_active_ul
2194,2003,greenran_normal,2,41,0,0,0,0,not_in_active_ul
2194,2003,greenran_normal,2,42,0,0,0,0,not_in_active_ul
2194,2003,greenran_normal,2,43,0,0,0,0,not_in_active_ul
2194,2003,greenran_normal,2,44,0,0,0,0,not_in_active_ul
2194,2003,greenran_normal,2,55,0,0,0,0,not_in_active_ul
2194,2003,greenran_normal,2,56,0,0,0,0,not_in_active_ul
2194,2003,greenran_normal,2,57,0,0,0,0,not_in_active_ul
2194,2003,greenran_normal,2,58,0,0,0,0,not_in_active_ul
2194,2003,greenran_normal,2,59,0,0,0,0,not_in_active_ul
2194,2003,greenran_normal,2,60,0,0,0,0,not_in_active_ul
2194,2003,greenran_normal,2,61,0,0,0,0,not_in_active_ul
2194,2003,greenran_normal,2,62,0,0,0,0,not_in_active_ul
2194,2003,greenran_normal,2,63,0,0,0,0,not_in_active_ul
2194,2003,greenran_normal,2,64,0,0,0,0,not_in_active_ul
2334,2103,greenran_normal,0,1,1,1200005,0,0,in_active_ul
2334,2103,greenran_normal,0,2,1,1200005,0,0,in_active_ul
2334,2103,greenran_normal,0,3,1,1200005,0,0,in_active_ul
2334,2103,greenran_normal,0,4,0,0,0,0,not_in_active_ul
2334,2103,greenran_normal,0,5,1,1200005,0,0,in_active_ul
2334,2103,greenran_normal,1,6,0,0,0,0,not_in_active_ul
2334,2103,greenran_normal,1,7,0,0,0,0,not_in_active_ul
2334,2103,greenran_normal,1,8,0,0,0,0,not_in_active_ul
2334,2103,greenran_normal,1,9,0,0,0,0,not_in_active_ul
2334,2103,greenran_normal,1,10,0,0,0,0,not_in_active_ul
2334,2103,greenran_normal,1,11,0,0,0,0,not_in_active_ul
2334,2103,greenran_normal,1,12,0,0,0,0,not_in_active_ul
2334,2103,greenran_normal,1,34,0,0,0,0,not_in_active_ul
2334,2103,greenran_normal,2,35,0,0,0,0,not_in_active_ul
2334,2103,greenran_normal,2,36,0,0,0,0,not_in_active_ul
2334,2103,greenran_normal,2,37,1,51,0,0,in_active_ul
2334,2103,greenran_normal,2,38,0,0,0,0,not_in_active_ul
2334,2103,greenran_normal,2,39,0,0,0,0,not_in_active_ul
2334,2103,greenran_normal,2,40,0,0,0,0,not_in_active_ul
2334,2103,greenran_normal,2,41,0,0,0,0,not_in_active_ul
2334,2103,greenran_normal,2,42,0,0,0,0,not_in_active_ul
2334,2103,greenran_normal,2,43,0,0,0,0,not_in_active_ul
2334,2103,greenran_normal,2,44,0,0,0,0,not_in_active_ul
2334,2103,greenran_normal,2,55,0,0,0,0,not_in_active_ul
2334,2103,greenran_normal,2,56,0,0,0,0,not_in_active_ul
2334,2103,greenran_normal,2,57,0,0,0,0,not_in_active_ul
2334,2103,greenran_normal,2,58,0,0,0,0,not_in_active_ul
2334,2103,greenran_normal,2,59,0,0,0,0,not_in_active_ul
2334,2103,greenran_normal,2,60,0,0,0,0,not_in_active_ul
2334,2103,greenran_normal,2,61,0,0,0,0,not_in_active_ul
2334,2103,greenran_normal,2,62,0,0,0,0,not_in_active_ul
2334,2103,greenran_normal,2,63,0,0,0,0,not_in_active_ul
2334,2103,greenran_normal,2,64,0,0,0,0,not_in_active_ul
2460,2203,greenran_normal,0,1,1,1200005,0,0,in_active_ul
2460,2203,greenran_normal,0,2,1,1200005,0,0,in_active_ul
2460,2203,greenran_normal,0,3,1,1199958,0,0,in_active_ul
2460,2203,greenran_normal,0,4,1,1200005,0,0,in_active_ul
2460,2203,greenran_normal,0,5,1,1199995,0,0,in_active_ul
2460,2203,greenran_normal,1,6,0,0,0,0,not_in_active_ul
2460,2203,greenran_normal,1,7,0,0,0,0,not_in_active_ul
2460,2203,greenran_normal,1,8,0,0,0,0,not_in_active_ul
2460,2203,greenran_normal,1,9,0,0,0,0,not_in_active_ul
2460,2203,greenran_normal,1,10,0,0,0,0,not_in_active_ul
2460,2203,greenran_normal,1,11,0,0,0,0,not_in_active_ul
2460,2203,greenran_normal,1,12,0,0,0,0,not_in_active_ul
2460,2203,greenran_normal,1,34,0,0,0,0,not_in_active_ul
2460,2203,greenran_normal,2,35,0,0,0,0,not_in_active_ul
2460,2203,greenran_normal,2,36,0,0,0,0,not_in_active_ul
2460,2203,greenran_normal,2,37,0,0,0,0,not_in_active_ul
2460,2203,greenran_normal,2,38,0,0,0,0,not_in_active_ul
2460,2203,greenran_normal,2,39,0,0,0,0,not_in_active_ul
2460,2203,greenran_normal,2,40,0,0,0,0,not_in_active_ul
2460,2203,greenran_normal,2,41,0,0,0,0,not_in_active_ul
2460,2203,greenran_normal,2,42,0,0,0,0,not_in_active_ul
2460,2203,greenran_normal,2,43,0,0,0,0,not_in_active_ul
2460,2203,greenran_normal,2,44,0,0,0,0,not_in_active_ul
2460,2203,greenran_normal,2,55,0,0,0,0,not_in_active_ul
2460,2203,greenran_normal,2,56,0,0,0,0,not_in_active_ul
2460,2203,greenran_normal,2,57,0,0,0,0,not_in_active_ul
2460,2203,greenran_normal,2,58,0,0,0,0,not_in_active_ul
2460,2203,greenran_normal,2,59,0,0,0,0,not_in_active_ul
2460,2203,greenran_normal,2,60,0,0,0,0,not_in_active_ul
2460,2203,greenran_normal,2,61,0,0,0,0,not_in_active_ul
2460,2203,greenran_normal,2,62,0,0,0,0,not_in_active_ul
2460,2203,greenran_normal,2,63,0,0,0,0,not_in_active_ul
2460,2203,greenran_normal,2,64,0,0,0,0,not_in_active_ul
2612,2303,greenran_normal,0,1,1,1200005,0,0,in_active_ul
2612,2303,greenran_normal,0,2,0,0,0,0,not_in_active_ul
2612,2303,greenran_normal,0,3,0,0,0,0,not_in_active_ul
2612,2303,greenran_normal,0,4,1,1200005,0,0,in_active_ul
2612,2303,greenran_normal,0,5,0,0,0,0,not_in_active_ul
2612,2303,greenran_normal,1,6,0,0,0,0,not_in_active_ul
2612,2303,greenran_normal,1,7,0,0,0,0,not_in_active_ul
2612,2303,greenran_normal,1,8,0,0,0,0,not_in_active_ul
2612,2303,greenran_normal,1,9,0,0,0,0,not_in_active_ul
2612,2303,greenran_normal,1,10,0,0,0,0,not_in_active_ul
2612,2303,greenran_normal,1,11,0,0,0,0,not_in_active_ul
2612,2303,greenran_normal,1,12,0,0,0,0,not_in_active_ul
2612,2303,greenran_normal,1,34,0,0,0,0,not_in_active_ul
2612,2303,greenran_normal,2,35,0,0,0,0,not_in_active_ul
2612,2303,greenran_normal,2,36,0,0,0,0,not_in_active_ul
2612,2303,greenran_normal,2,37,0,0,0,0,not_in_active_ul
2612,2303,greenran_normal,2,38,0,0,0,0,not_in_active_ul
2612,2303,greenran_normal,2,39,0,0,0,0,not_in_active_ul
2612,2303,greenran_normal,2,40,0,0,0,0,not_in_active_ul
2612,2303,greenran_normal,2,41,0,0,0,0,not_in_active_ul
2612,2303,greenran_normal,2,42,0,0,0,0,not_in_active_ul
2612,2303,greenran_normal,2,43,0,0,0,0,not_in_active_ul
2612,2303,greenran_normal,2,44,0,0,0,0,not_in_active_ul
2612,2303,greenran_normal,2,55,0,0,0,0,not_in_active_ul
2612,2303,greenran_normal,2,56,1,51,0,0,in_active_ul
2612,2303,greenran_normal,2,57,0,0,0,0,not_in_active_ul
2612,2303,greenran_normal,2,58,0,0,0,0,not_in_active_ul
2612,2303,greenran_normal,2,59,0,0,0,0,not_in_active_ul
2612,2303,greenran_normal,2,60,0,0,0,0,not_in_active_ul
2612,2303,greenran_normal,2,61,0,0,0,0,not_in_active_ul
2612,2303,greenran_normal,2,62,0,0,0,0,not_in_active_ul
2612,2303,greenran_normal,2,63,0,0,0,0,not_in_active_ul
2612,2303,greenran_normal,2,64,0,0,0,0,not_in_active_ul
2771,2403,greenran_normal,0,1,1,1200005,0,0,in_active_ul
2771,2403,greenran_normal,0,2,1,1200005,0,0,in_active_ul
2771,2403,greenran_normal,0,3,1,1200005,0,0,in_active_ul
2771,2403,greenran_normal,0,4,0,0,0,0,not_in_active_ul
2771,2403,greenran_normal,0,5,1,1200005,0,0,in_active_ul
2771,2403,greenran_normal,1,6,0,0,0,0,not_in_active_ul
2771,2403,greenran_normal,1,7,0,0,0,0,not_in_active_ul
2771,2403,greenran_normal,1,8,0,0,0,0,not_in_active_ul
2771,2403,greenran_normal,1,9,0,0,0,0,not_in_active_ul
2771,2403,greenran_normal,1,10,0,0,0,0,not_in_active_ul
2771,2403,greenran_normal,1,11,0,0,0,0,not_in_active_ul
2771,2403,greenran_normal,1,12,0,0,0,0,not_in_active_ul
2771,2403,greenran_normal,1,34,0,0,0,0,not_in_active_ul
2771,2403,greenran_normal,2,35,0,0,0,0,not_in_active_ul
2771,2403,greenran_normal,2,36,0,0,0,0,not_in_active_ul
2771,2403,greenran_normal,2,37,0,0,0,0,not_in_active_ul
2771,2403,greenran_normal,2,38,0,0,0,0,not_in_active_ul
2771,2403,greenran_normal,2,39,0,0,0,0,not_in_active_ul
2771,2403,greenran_normal,2,40,0,0,0,0,not_in_active_ul
2771,2403,greenran_normal,2,41,0,0,0,0,not_in_active_ul
2771,2403,greenran_normal,2,42,0,0,0,0,not_in_active_ul
2771,2403,greenran_normal,2,43,0,0,0,0,not_in_active_ul
2771,2403,greenran_normal,2,44,0,0,0,0,not_in_active_ul
2771,2403,greenran_normal,2,55,0,0,0,0,not_in_active_ul
2771,2403,greenran_normal,2,56,0,0,0,0,not_in_active_ul
2771,2403,greenran_normal,2,57,0,0,0,0,not_in_active_ul
2771,2403,greenran_normal,2,58,0,0,0,0,not_in_active_ul
2771,2403,greenran_normal,2,59,0,0,0,0,not_in_active_ul
2771,2403,greenran_normal,2,60,0,0,0,0,not_in_active_ul
2771,2403,greenran_normal,2,61,0,0,0,0,not_in_active_ul
2771,2403,greenran_normal,2,62,0,0,0,0,not_in_active_ul
2771,2403,greenran_normal,2,63,0,0,0,0,not_in_active_ul
2771,2403,greenran_normal,2,64,0,0,0,0,not_in_active_ul
2906,2503,greenran_normal,0,1,1,1200005,0,0,in_active_ul
2906,2503,greenran_normal,0,2,1,1200005,0,0,in_active_ul
2906,2503,greenran_normal,0,3,1,1200005,0,0,in_active_ul
2906,2503,greenran_normal,0,4,0,0,0,0,not_in_active_ul
2906,2503,greenran_normal,0,5,1,1200005,0,0,in_active_ul
2906,2503,greenran_normal,1,6,0,0,0,0,not_in_active_ul
2906,2503,greenran_normal,1,7,0,0,0,0,not_in_active_ul
2906,2503,greenran_normal,1,8,0,0,0,0,not_in_active_ul
2906,2503,greenran_normal,1,9,0,0,0,0,not_in_active_ul
2906,2503,greenran_normal,1,10,0,0,0,0,not_in_active_ul
2906,2503,greenran_normal,1,11,0,0,0,0,not_in_active_ul
2906,2503,greenran_normal,1,12,0,0,0,0,not_in_active_ul
2906,2503,greenran_normal,1,34,0,0,0,0,not_in_active_ul
2906,2503,greenran_normal,2,35,0,0,0,0,not_in_active_ul
2906,2503,greenran_normal,2,36,0,0,0,0,not_in_active_ul
2906,2503,greenran_normal,2,37,1,51,0,0,in_active_ul
2906,2503,greenran_normal,2,38,0,0,0,0,not_in_active_ul
2906,2503,greenran_normal,2,39,0,0,0,0,not_in_active_ul
2906,2503,greenran_normal,2,40,1,51,0,0,in_active_ul
2906,2503,greenran_normal,2,41,1,51,0,0,in_active_ul
2906,2503,greenran_normal,2,42,0,0,0,0,not_in_active_ul
2906,2503,greenran_normal,2,43,0,0,0,0,not_in_active_ul
2906,2503,greenran_normal,2,44,0,0,0,0,not_in_active_ul
2906,2503,greenran_normal,2,55,1,51,0,0,in_active_ul
2906,2503,greenran_normal,2,56,1,51,0,0,in_active_ul
2906,2503,greenran_normal,2,57,0,0,0,0,not_in_active_ul
2906,2503,greenran_normal,2,58,0,0,0,0,not_in_active_ul
2906,2503,greenran_normal,2,59,0,0,0,0,not_in_active_ul
2906,2503,greenran_normal,2,60,0,0,0,0,not_in_active_ul
2906,2503,greenran_normal,2,61,0,0,0,0,not_in_active_ul
2906,2503,greenran_normal,2,62,1,51,0,0,in_active_ul
2906,2503,greenran_normal,2,63,0,0,0,0,not_in_active_ul
2906,2503,greenran_normal,2,64,0,0,0,0,not_in_active_ul
3043,2603,greenran_normal,0,1,1,1200005,0,0,in_active_ul
3043,2603,greenran_normal,0,2,1,1200005,0,0,in_active_ul
3043,2603,greenran_normal,0,3,0,0,0,0,not_in_active_ul
3043,2603,greenran_normal,0,4,1,1199933,0,0,in_active_ul
3043,2603,greenran_normal,0,5,0,0,0,0,not_in_active_ul
3043,2603,greenran_normal,1,6,0,0,0,0,not_in_active_ul
3043,2603,greenran_normal,1,7,0,0,0,0,not_in_active_ul
3043,2603,greenran_normal,1,8,0,0,0,0,not_in_active_ul
3043,2603,greenran_normal,1,9,0,0,0,0,not_in_active_ul
3043,2603,greenran_normal,1,10,0,0,0,0,not_in_active_ul
3043,2603,greenran_normal,1,11,0,0,0,0,not_in_active_ul
3043,2603,greenran_normal,1,12,0,0,0,0,not_in_active_ul
3043,2603,greenran_normal,1,34,0,0,0,0,not_in_active_ul
3043,2603,greenran_normal,2,35,0,0,0,0,not_in_active_ul
3043,2603,greenran_normal,2,36,0,0,0,0,not_in_active_ul
3043,2603,greenran_normal,2,37,0,0,0,0,not_in_active_ul
3043,2603,greenran_normal,2,38,0,0,0,0,not_in_active_ul
3043,2603,greenran_normal,2,39,0,0,0,0,not_in_active_ul
3043,2603,greenran_normal,2,40,0,0,0,0,not_in_active_ul
3043,2603,greenran_normal,2,41,0,0,0,0,not_in_active_ul
3043,2603,greenran_normal,2,42,0,0,0,0,not_in_active_ul
3043,2603,greenran_normal,2,43,0,0,0,0,not_in_active_ul
3043,2603,greenran_normal,2,44,0,0,0,0,not_in_active_ul
3043,2603,greenran_normal,2,55,0,0,0,0,not_in_active_ul
3043,2603,greenran_normal,2,56,0,0,0,0,not_in_active_ul
3043,2603,greenran_normal,2,57,0,0,0,0,not_in_active_ul
3043,2603,greenran_normal,2,58,0,0,0,0,not_in_active_ul
3043,2603,greenran_normal,2,59,0,0,0,0,not_in_active_ul
3043,2603,greenran_normal,2,60,0,0,0,0,not_in_active_ul
3043,2603,greenran_normal,2,61,0,0,0,0,not_in_active_ul
3043,2603,greenran_normal,2,62,0,0,0,0,not_in_active_ul
3043,2603,greenran_normal,2,63,0,0,0,0,not_in_active_ul
3043,2603,greenran_normal,2,64,0,0,0,0,not_in_active_ul
3197,2703,greenran_normal,0,1,1,1200005,0,0,in_active_ul
3197,2703,greenran_normal,0,2,1,1200005,0,0,in_active_ul
3197,2703,greenran_normal,0,3,1,1200005,0,0,in_active_ul
3197,2703,greenran_normal,0,4,0,0,0,0,not_in_active_ul
3197,2703,greenran_normal,0,5,1,1200005,0,0,in_active_ul
3197,2703,greenran_normal,1,6,0,0,0,0,not_in_active_ul
3197,2703,greenran_normal,1,7,0,0,0,0,not_in_active_ul
3197,2703,greenran_normal,1,8,0,0,0,0,not_in_active_ul
3197,2703,greenran_normal,1,9,0,0,0,0,not_in_active_ul
3197,2703,greenran_normal,1,10,0,0,0,0,not_in_active_ul
3197,2703,greenran_normal,1,11,0,0,0,0,not_in_active_ul
3197,2703,greenran_normal,1,12,0,0,0,0,not_in_active_ul
3197,2703,greenran_normal,1,34,0,0,0,0,not_in_active_ul
3197,2703,greenran_normal,2,35,0,0,0,0,not_in_active_ul
3197,2703,greenran_normal,2,36,0,0,0,0,not_in_active_ul
3197,2703,greenran_normal,2,37,0,0,0,0,not_in_active_ul
3197,2703,greenran_normal,2,38,0,0,0,0,not_in_active_ul
3197,2703,greenran_normal,2,39,0,0,0,0,not_in_active_ul
3197,2703,greenran_normal,2,40,0,0,0,0,not_in_active_ul
3197,2703,greenran_normal,2,41,0,0,0,0,not_in_active_ul
3197,2703,greenran_normal,2,42,0,0,0,0,not_in_active_ul
3197,2703,greenran_normal,2,43,0,0,0,0,not_in_active_ul
3197,2703,greenran_normal,2,44,0,0,0,0,not_in_active_ul
3197,2703,greenran_normal,2,55,0,0,0,0,not_in_active_ul
3197,2703,greenran_normal,2,56,0,0,0,0,not_in_active_ul
3197,2703,greenran_normal,2,57,0,0,0,0,not_in_active_ul
3197,2703,greenran_normal,2,58,0,0,0,0,not_in_active_ul
3197,2703,greenran_normal,2,59,0,0,0,0,not_in_active_ul
3197,2703,greenran_normal,2,60,0,0,0,0,not_in_active_ul
3197,2703,greenran_normal,2,61,0,0,0,0,not_in_active_ul
3197,2703,greenran_normal,2,62,0,0,0,0,not_in_active_ul
3197,2703,greenran_normal,2,63,0,0,0,0,not_in_active_ul
3197,2703,greenran_normal,2,64,0,0,0,0,not_in_active_ul
3353,2803,greenran_normal,0,1,1,1200005,0,0,in_active_ul
3353,2803,greenran_normal,0,2,1,1200005,0,0,in_active_ul
3353,2803,greenran_normal,0,3,1,1200005,0,0,in_active_ul
3353,2803,greenran_normal,0,4,0,0,0,0,not_in_active_ul
3353,2803,greenran_normal,0,5,1,1200005,0,0,in_active_ul
3353,2803,greenran_normal,1,6,0,0,0,0,not_in_active_ul
3353,2803,greenran_normal,1,7,0,0,0,0,not_in_active_ul
3353,2803,greenran_normal,1,8,0,0,0,0,not_in_active_ul
3353,2803,greenran_normal,1,9,0,0,0,0,not_in_active_ul
3353,2803,greenran_normal,1,10,0,0,0,0,not_in_active_ul
3353,2803,greenran_normal,1,11,0,0,0,0,not_in_active_ul
3353,2803,greenran_normal,1,12,0,0,0,0,not_in_active_ul
3353,2803,greenran_normal,1,34,0,0,0,0,not_in_active_ul
3353,2803,greenran_normal,2,35,0,0,0,0,not_in_active_ul
3353,2803,greenran_normal,2,36,0,0,0,0,not_in_active_ul
3353,2803,greenran_normal,2,37,0,0,0,0,not_in_active_ul
3353,2803,greenran_normal,2,38,0,0,0,0,not_in_active_ul
3353,2803,greenran_normal,2,39,0,0,0,0,not_in_active_ul
3353,2803,greenran_normal,2,40,0,0,0,0,not_in_active_ul
3353,2803,greenran_normal,2,41,0,0,0,0,not_in_active_ul
3353,2803,greenran_normal,2,42,0,0,0,0,not_in_active_ul
3353,2803,greenran_normal,2,43,0,0,0,0,not_in_active_ul
3353,2803,greenran_normal,2,44,0,0,0,0,not_in_active_ul
3353,2803,greenran_normal,2,55,0,0,0,0,not_in_active_ul
3353,2803,greenran_normal,2,56,0,0,0,0,not_in_active_ul
3353,2803,greenran_normal,2,57,0,0,0,0,not_in_active_ul
3353,2803,greenran_normal,2,58,0,0,0,0,not_in_active_ul
3353,2803,greenran_normal,2,59,0,0,0,0,not_in_active_ul
3353,2803,greenran_normal,2,60,0,0,0,0,not_in_active_ul
3353,2803,greenran_normal,2,61,0,0,0,0,not_in_active_ul
3353,2803,greenran_normal,2,62,0,0,0,0,not_in_active_ul
3353,2803,greenran_normal,2,63,0,0,0,0,not_in_active_ul
3353,2803,greenran_normal,2,64,0,0,0,0,not_in_active_ul
3492,2903,greenran_normal,0,1,1,1200005,0,0,in_active_ul
3492,2903,greenran_normal,0,2,1,1200005,0,0,in_active_ul
3492,2903,greenran_normal,0,3,1,1200005,0,0,in_active_ul
3492,2903,greenran_normal,0,4,0,0,0,0,not_in_active_ul
3492,2903,greenran_normal,0,5,1,1200005,0,0,in_active_ul
3492,2903,greenran_normal,1,6,0,0,0,0,not_in_active_ul
3492,2903,greenran_normal,1,7,0,0,0,0,not_in_active_ul
3492,2903,greenran_normal,1,8,0,0,0,0,not_in_active_ul
3492,2903,greenran_normal,1,9,0,0,0,0,not_in_active_ul
3492,2903,greenran_normal,1,10,0,0,0,0,not_in_active_ul
3492,2903,greenran_normal,1,11,0,0,0,0,not_in_active_ul
3492,2903,greenran_normal,1,12,0,0,0,0,not_in_active_ul
3492,2903,greenran_normal,1,34,0,0,0,0,not_in_active_ul
3492,2903,greenran_normal,2,35,0,0,0,0,not_in_active_ul
3492,2903,greenran_normal,2,36,0,0,0,0,not_in_active_ul
3492,2903,greenran_normal,2,37,1,51,0,0,in_active_ul
3492,2903,greenran_normal,2,38,0,0,0,0,not_in_active_ul
3492,2903,greenran_normal,2,39,0,0,0,0,not_in_active_ul
3492,2903,greenran_normal,2,40,1,51,0,0,in_active_ul
3492,2903,greenran_normal,2,41,1,51,0,0,in_active_ul
3492,2903,greenran_normal,2,42,0,0,0,0,not_in_active_ul
3492,2903,greenran_normal,2,43,0,0,0,0,not_in_active_ul
3492,2903,greenran_normal,2,44,0,0,0,0,not_in_active_ul
3492,2903,greenran_normal,2,55,1,51,0,0,in_active_ul
3492,2903,greenran_normal,2,56,1,51,0,0,in_active_ul
3492,2903,greenran_normal,2,57,0,0,0,0,not_in_active_ul
3492,2903,greenran_normal,2,58,0,0,0,0,not_in_active_ul
3492,2903,greenran_normal,2,59,0,0,0,0,not_in_active_ul
3492,2903,greenran_normal,2,60,0,0,0,0,not_in_active_ul
3492,2903,greenran_normal,2,61,0,0,0,0,not_in_active_ul
3492,2903,greenran_normal,2,62,1,51,0,0,in_active_ul
3492,2903,greenran_normal,2,63,0,0,0,0,not_in_active_ul
3492,2903,greenran_normal,2,64,0,0,0,0,not_in_active_ul
3629,3003,greenran_normal,0,1,1,1200005,0,0,in_active_ul
3629,3003,greenran_normal,0,2,1,1200005,0,0,in_active_ul
3629,3003,greenran_normal,0,3,1,1200005,0,0,in_active_ul
3629,3003,greenran_normal,0,4,1,1199969,0,0,in_active_ul
3629,3003,greenran_normal,0,5,1,1200005,0,0,in_active_ul
3629,3003,greenran_normal,1,6,0,0,0,0,not_in_active_ul
3629,3003,greenran_normal,1,7,0,0,0,0,not_in_active_ul
3629,3003,greenran_normal,1,8,0,0,0,0,not_in_active_ul
3629,3003,greenran_normal,1,9,0,0,0,0,not_in_active_ul
3629,3003,greenran_normal,1,10,0,0,0,0,not_in_active_ul
3629,3003,greenran_normal,1,11,0,0,0,0,not_in_active_ul
3629,3003,greenran_normal,1,12,0,0,0,0,not_in_active_ul
3629,3003,greenran_normal,1,34,0,0,0,0,not_in_active_ul
3629,3003,greenran_normal,2,35,0,0,0,0,not_in_active_ul
3629,3003,greenran_normal,2,36,0,0,0,0,not_in_active_ul
3629,3003,greenran_normal,2,37,0,0,0,0,not_in_active_ul
3629,3003,greenran_normal,2,38,0,0,0,0,not_in_active_ul
3629,3003,greenran_normal,2,39,0,0,0,0,not_in_active_ul
3629,3003,greenran_normal,2,40,0,0,0,0,not_in_active_ul
3629,3003,greenran_normal,2,41,0,0,0,0,not_in_active_ul
3629,3003,greenran_normal,2,42,0,0,0,0,not_in_active_ul
3629,3003,greenran_normal,2,43,0,0,0,0,not_in_active_ul
3629,3003,greenran_normal,2,44,0,0,0,0,not_in_active_ul
3629,3003,greenran_normal,2,55,0,0,0,0,not_in_active_ul
3629,3003,greenran_normal,2,56,0,0,0,0,not_in_active_ul
3629,3003,greenran_normal,2,57,0,0,0,0,not_in_active_ul
3629,3003,greenran_normal,2,58,0,0,0,0,not_in_active_ul
3629,3003,greenran_normal,2,59,0,0,0,0,not_in_active_ul
3629,3003,greenran_normal,2,60,0,0,0,0,not_in_active_ul
3629,3003,greenran_normal,2,61,0,0,0,0,not_in_active_ul
3629,3003,greenran_normal,2,62,0,0,0,0,not_in_active_ul
3629,3003,greenran_normal,2,63,0,0,0,0,not_in_active_ul
3629,3003,greenran_normal,2,64,0,0,0,0,not_in_active_ul
3776,3103,greenran_normal,0,1,1,1200005,0,0,in_active_ul
3776,3103,greenran_normal,0,2,0,0,0,0,not_in_active_ul
3776,3103,greenran_normal,0,3,1,1200005,0,0,in_active_ul
3776,3103,greenran_normal,0,4,1,1200005,0,0,in_active_ul
3776,3103,greenran_normal,0,5,1,1200005,0,0,in_active_ul
3776,3103,greenran_normal,1,6,0,0,0,0,not_in_active_ul
3776,3103,greenran_normal,1,7,0,0,0,0,not_in_active_ul
3776,3103,greenran_normal,1,8,0,0,0,0,not_in_active_ul
3776,3103,greenran_normal,1,9,0,0,0,0,not_in_active_ul
3776,3103,greenran_normal,1,10,0,0,0,0,not_in_active_ul
3776,3103,greenran_normal,1,11,0,0,0,0,not_in_active_ul
3776,3103,greenran_normal,1,12,0,0,0,0,not_in_active_ul
3776,3103,greenran_normal,1,34,0,0,0,0,not_in_active_ul
3776,3103,greenran_normal,2,35,0,0,0,0,not_in_active_ul
3776,3103,greenran_normal,2,36,0,0,0,0,not_in_active_ul
3776,3103,greenran_normal,2,37,1,51,0,0,in_active_ul
3776,3103,greenran_normal,2,38,0,0,0,0,not_in_active_ul
3776,3103,greenran_normal,2,39,0,0,0,0,not_in_active_ul
3776,3103,greenran_normal,2,40,1,51,0,0,in_active_ul
3776,3103,greenran_normal,2,41,1,51,0,0,in_active_ul
3776,3103,greenran_normal,2,42,0,0,0,0,not_in_active_ul
3776,3103,greenran_normal,2,43,0,0,0,0,not_in_active_ul
3776,3103,greenran_normal,2,44,0,0,0,0,not_in_active_ul
3776,3103,greenran_normal,2,55,1,51,0,0,in_active_ul
3776,3103,greenran_normal,2,56,1,51,0,0,in_active_ul
3776,3103,greenran_normal,2,57,0,0,0,0,not_in_active_ul
3776,3103,greenran_normal,2,58,0,0,0,0,not_in_active_ul
3776,3103,greenran_normal,2,59,0,0,0,0,not_in_active_ul
3776,3103,greenran_normal,2,60,0,0,0,0,not_in_active_ul
3776,3103,greenran_normal,2,61,0,0,0,0,not_in_active_ul
3776,3103,greenran_normal,2,62,1,51,0,0,in_active_ul
3776,3103,greenran_normal,2,63,0,0,0,0,not_in_active_ul
3776,3103,greenran_normal,2,64,0,0,0,0,not_in_active_ul
3915,3203,greenran_normal,0,1,1,1199947,0,0,in_active_ul
3915,3203,greenran_normal,0,2,1,1199947,0,0,in_active_ul
3915,3203,greenran_normal,0,3,1,1200005,0,0,in_active_ul
3915,3203,greenran_normal,0,4,1,1199994,0,0,in_active_ul
3915,3203,greenran_normal,0,5,1,1199984,0,0,in_active_ul
3915,3203,greenran_normal,1,6,0,0,0,0,not_in_active_ul
3915,3203,greenran_normal,1,7,0,0,0,0,not_in_active_ul
3915,3203,greenran_normal,1,8,0,0,0,0,not_in_active_ul
3915,3203,greenran_normal,1,9,0,0,0,0,not_in_active_ul
3915,3203,greenran_normal,1,10,0,0,0,0,not_in_active_ul
3915,3203,greenran_normal,1,11,0,0,0,0,not_in_active_ul
3915,3203,greenran_normal,1,12,0,0,0,0,not_in_active_ul
3915,3203,greenran_normal,1,34,0,0,0,0,not_in_active_ul
3915,3203,greenran_normal,2,35,0,0,0,0,not_in_active_ul
3915,3203,greenran_normal,2,36,0,0,0,0,not_in_active_ul
3915,3203,greenran_normal,2,37,0,0,0,0,not_in_active_ul
3915,3203,greenran_normal,2,38,0,0,0,0,not_in_active_ul
3915,3203,greenran_normal,2,39,0,0,0,0,not_in_active_ul
3915,3203,greenran_normal,2,40,0,0,0,0,not_in_active_ul
3915,3203,greenran_normal,2,41,0,0,0,0,not_in_active_ul
3915,3203,greenran_normal,2,42,0,0,0,0,not_in_active_ul
3915,3203,greenran_normal,2,43,0,0,0,0,not_in_active_ul
3915,3203,greenran_normal,2,44,0,0,0,0,not_in_active_ul
3915,3203,greenran_normal,2,55,0,0,0,0,not_in_active_ul
3915,3203,greenran_normal,2,56,0,0,0,0,not_in_active_ul
3915,3203,greenran_normal,2,57,0,0,0,0,not_in_active_ul
3915,3203,greenran_normal,2,58,0,0,0,0,not_in_active_ul
3915,3203,greenran_normal,2,59,0,0,0,0,not_in_active_ul
3915,3203,greenran_normal,2,60,0,0,0,0,not_in_active_ul
3915,3203,greenran_normal,2,61,0,0,0,0,not_in_active_ul
3915,3203,greenran_normal,2,62,0,0,0,0,not_in_active_ul
3915,3203,greenran_normal,2,63,0,0,0,0,not_in_active_ul
3915,3203,greenran_normal,2,64,0,0,0,0,not_in_active_ul
4047,3303,greenran_normal,0,1,0,0,0,0,not_in_active_ul
4047,3303,greenran_normal,0,2,1,1200005,0,0,in_active_ul
4047,3303,greenran_normal,0,3,1,1199910,0,0,in_active_ul
4047,3303,greenran_normal,0,4,1,1199919,0,0,in_active_ul
4047,3303,greenran_normal,0,5,1,1199985,0,0,in_active_ul
4047,3303,greenran_normal,1,6,0,0,0,0,not_in_active_ul
4047,3303,greenran_normal,1,7,0,0,0,0,not_in_active_ul
4047,3303,greenran_normal,1,8,0,0,0,0,not_in_active_ul
4047,3303,greenran_normal,1,9,0,0,0,0,not_in_active_ul
4047,3303,greenran_normal,1,10,0,0,0,0,not_in_active_ul
4047,3303,greenran_normal,1,11,0,0,0,0,not_in_active_ul
4047,3303,greenran_normal,1,12,0,0,0,0,not_in_active_ul
4047,3303,greenran_normal,1,34,0,0,0,0,not_in_active_ul
4047,3303,greenran_normal,2,35,0,0,0,0,not_in_active_ul
4047,3303,greenran_normal,2,36,0,0,0,0,not_in_active_ul
4047,3303,greenran_normal,2,37,1,51,0,0,in_active_ul
4047,3303,greenran_normal,2,38,0,0,0,0,not_in_active_ul
4047,3303,greenran_normal,2,39,0,0,0,0,not_in_active_ul
4047,3303,greenran_normal,2,40,0,0,0,0,not_in_active_ul
4047,3303,greenran_normal,2,41,0,0,0,0,not_in_active_ul
4047,3303,greenran_normal,2,42,0,0,0,0,not_in_active_ul
4047,3303,greenran_normal,2,43,0,0,0,0,not_in_active_ul
4047,3303,greenran_normal,2,44,0,0,0,0,not_in_active_ul
4047,3303,greenran_normal,2,55,0,0,0,0,not_in_active_ul
4047,3303,greenran_normal,2,56,1,51,0,0,in_active_ul
4047,3303,greenran_normal,2,57,0,0,0,0,not_in_active_ul
4047,3303,greenran_normal,2,58,0,0,0,0,not_in_active_ul
4047,3303,greenran_normal,2,59,0,0,0,0,not_in_active_ul
4047,3303,greenran_normal,2,60,0,0,0,0,not_in_active_ul
4047,3303,greenran_normal,2,61,0,0,0,0,not_in_active_ul
4047,3303,greenran_normal,2,62,0,0,0,0,not_in_active_ul
4047,3303,greenran_normal,2,63,0,0,0,0,not_in_active_ul
4047,3303,greenran_normal,2,64,0,0,0,0,not_in_active_ul
4186,3403,greenran_normal,0,1,1,1199976,0,0,in_active_ul
4186,3403,greenran_normal,0,2,1,1199961,0,0,in_active_ul
4186,3403,greenran_normal,0,3,1,1199496,0,0,in_active_ul
4186,3403,greenran_normal,0,4,1,1200005,0,0,in_active_ul
4186,3403,greenran_normal,0,5,1,1199963,0,0,in_active_ul
4186,3403,greenran_normal,1,6,0,0,0,0,not_in_active_ul
4186,3403,greenran_normal,1,7,0,0,0,0,not_in_active_ul
4186,3403,greenran_normal,1,8,0,0,0,0,not_in_active_ul
4186,3403,greenran_normal,1,9,0,0,0,0,not_in_active_ul
4186,3403,greenran_normal,1,10,0,0,0,0,not_in_active_ul
4186,3403,greenran_normal,1,11,0,0,0,0,not_in_active_ul
4186,3403,greenran_normal,1,12,0,0,0,0,not_in_active_ul
4186,3403,greenran_normal,1,34,0,0,0,0,not_in_active_ul
4186,3403,greenran_normal,2,35,0,0,0,0,not_in_active_ul
4186,3403,greenran_normal,2,36,0,0,0,0,not_in_active_ul
4186,3403,greenran_normal,2,37,0,0,0,0,not_in_active_ul
4186,3403,greenran_normal,2,38,0,0,0,0,not_in_active_ul
4186,3403,greenran_normal,2,39,0,0,0,0,not_in_active_ul
4186,3403,greenran_normal,2,40,0,0,0,0,not_in_active_ul
4186,3403,greenran_normal,2,41,0,0,0,0,not_in_active_ul
4186,3403,greenran_normal,2,42,0,0,0,0,not_in_active_ul
4186,3403,greenran_normal,2,43,0,0,0,0,not_in_active_ul
4186,3403,greenran_normal,2,44,0,0,0,0,not_in_active_ul
4186,3403,greenran_normal,2,55,0,0,0,0,not_in_active_ul
4186,3403,greenran_normal,2,56,0,0,0,0,not_in_active_ul
4186,3403,greenran_normal,2,57,0,0,0,0,not_in_active_ul
4186,3403,greenran_normal,2,58,0,0,0,0,not_in_active_ul
4186,3403,greenran_normal,2,59,0,0,0,0,not_in_active_ul
4186,3403,greenran_normal,2,60,0,0,0,0,not_in_active_ul
4186,3403,greenran_normal,2,61,0,0,0,0,not_in_active_ul
4186,3403,greenran_normal,2,62,0,0,0,0,not_in_active_ul
4186,3403,greenran_normal,2,63,0,0,0,0,not_in_active_ul
4186,3403,greenran_normal,2,64,0,0,0,0,not_in_active_ul
4332,3503,greenran_normal,0,1,1,1199980,0,0,in_active_ul
4332,3503,greenran_normal,0,2,1,1199972,0,0,in_active_ul
4332,3503,greenran_normal,0,3,1,1199651,0,0,in_active_ul
4332,3503,greenran_normal,0,4,0,0,0,0,not_in_active_ul
4332,3503,greenran_normal,0,5,1,1200005,0,0,in_active_ul
4332,3503,greenran_normal,1,6,0,0,0,0,not_in_active_ul
4332,3503,greenran_normal,1,7,0,0,0,0,not_in_active_ul
4332,3503,greenran_normal,1,8,0,0,0,0,not_in_active_ul
4332,3503,greenran_normal,1,9,0,0,0,0,not_in_active_ul
4332,3503,greenran_normal,1,10,0,0,0,0,not_in_active_ul
4332,3503,greenran_normal,1,11,0,0,0,0,not_in_active_ul
4332,3503,greenran_normal,1,12,0,0,0,0,not_in_active_ul
4332,3503,greenran_normal,1,34,0,0,0,0,not_in_active_ul
4332,3503,greenran_normal,2,35,0,0,0,0,not_in_active_ul
4332,3503,greenran_normal,2,36,0,0,0,0,not_in_active_ul
4332,3503,greenran_normal,2,37,1,51,0,0,in_active_ul
4332,3503,greenran_normal,2,38,0,0,0,0,not_in_active_ul
4332,3503,greenran_normal,2,39,0,0,0,0,not_in_active_ul
4332,3503,greenran_normal,2,40,0,0,0,0,not_in_active_ul
4332,3503,greenran_normal,2,41,0,0,0,0,not_in_active_ul
4332,3503,greenran_normal,2,42,0,0,0,0,not_in_active_ul
4332,3503,greenran_normal,2,43,0,0,0,0,not_in_active_ul
4332,3503,greenran_normal,2,44,0,0,0,0,not_in_active_ul
4332,3503,greenran_normal,2,55,0,0,0,0,not_in_active_ul
4332,3503,greenran_normal,2,56,0,0,0,0,not_in_active_ul
4332,3503,greenran_normal,2,57,0,0,0,0,not_in_active_ul
4332,3503,greenran_normal,2,58,0,0,0,0,not_in_active_ul
4332,3503,greenran_normal,2,59,0,0,0,0,not_in_active_ul
4332,3503,greenran_normal,2,60,0,0,0,0,not_in_active_ul
4332,3503,greenran_normal,2,61,0,0,0,0,not_in_active_ul
4332,3503,greenran_normal,2,62,0,0,0,0,not_in_active_ul
4332,3503,greenran_normal,2,63,0,0,0,0,not_in_active_ul
4332,3503,greenran_normal,2,64,0,0,0,0,not_in_active_ul
4479,3603,greenran_normal,0,1,0,0,0,0,not_in_active_ul
4479,3603,greenran_normal,0,2,0,0,0,0,not_in_active_ul
4479,3603,greenran_normal,0,3,1,1200005,0,0,in_active_ul
4479,3603,greenran_normal,0,4,1,1199679,0,0,in_active_ul
4479,3603,greenran_normal,0,5,1,1200005,0,0,in_active_ul
4479,3603,greenran_normal,1,6,0,0,0,0,not_in_active_ul
4479,3603,greenran_normal,1,7,0,0,0,0,not_in_active_ul
4479,3603,greenran_normal,1,8,0,0,0,0,not_in_active_ul
4479,3603,greenran_normal,1,9,0,0,0,0,not_in_active_ul
4479,3603,greenran_normal,1,10,0,0,0,0,not_in_active_ul
4479,3603,greenran_normal,1,11,0,0,0,0,not_in_active_ul
4479,3603,greenran_normal,1,12,0,0,0,0,not_in_active_ul
4479,3603,greenran_normal,1,34,0,0,0,0,not_in_active_ul
4479,3603,greenran_normal,2,35,0,0,0,0,not_in_active_ul
4479,3603,greenran_normal,2,36,0,0,0,0,not_in_active_ul
4479,3603,greenran_normal,2,37,0,0,0,0,not_in_active_ul
4479,3603,greenran_normal,2,38,0,0,0,0,not_in_active_ul
4479,3603,greenran_normal,2,39,0,0,0,0,not_in_active_ul
4479,3603,greenran_normal,2,40,0,0,0,0,not_in_active_ul
4479,3603,greenran_normal,2,41,0,0,0,0,not_in_active_ul
4479,3603,greenran_normal,2,42,0,0,0,0,not_in_active_ul
4479,3603,greenran_normal,2,43,0,0,0,0,not_in_active_ul
4479,3603,greenran_normal,2,44,0,0,0,0,not_in_active_ul
4479,3603,greenran_normal,2,55,0,0,0,0,not_in_active_ul
4479,3603,greenran_normal,2,56,0,0,0,0,not_in_active_ul
4479,3603,greenran_normal,2,57,0,0,0,0,not_in_active_ul
4479,3603,greenran_normal,2,58,0,0,0,0,not_in_active_ul
4479,3603,greenran_normal,2,59,0,0,0,0,not_in_active_ul
4479,3603,greenran_normal,2,60,0,0,0,0,not_in_active_ul
4479,3603,greenran_normal,2,61,0,0,0,0,not_in_active_ul
4479,3603,greenran_normal,2,62,0,0,0,0,not_in_active_ul
4479,3603,greenran_normal,2,63,0,0,0,0,not_in_active_ul
4479,3603,greenran_normal,2,64,0,0,0,0,not_in_active_ul
4632,3703,greenran_normal,0,1,1,1199909,0,0,in_active_ul
4632,3703,greenran_normal,0,2,1,1200005,0,0,in_active_ul
4632,3703,greenran_normal,0,3,1,1199134,0,0,in_active_ul
4632,3703,greenran_normal,0,4,0,0,0,0,not_in_active_ul
4632,3703,greenran_normal,0,5,1,1200005,0,0,in_active_ul
4632,3703,greenran_normal,1,6,0,0,0,0,not_in_active_ul
4632,3703,greenran_normal,1,7,0,0,0,0,not_in_active_ul
4632,3703,greenran_normal,1,8,0,0,0,0,not_in_active_ul
4632,3703,greenran_normal,1,9,0,0,0,0,not_in_active_ul
4632,3703,greenran_normal,1,10,0,0,0,0,not_in_active_ul
4632,3703,greenran_normal,1,11,0,0,0,0,not_in_active_ul
4632,3703,greenran_normal,1,12,0,0,0,0,not_in_active_ul
4632,3703,greenran_normal,1,34,0,0,0,0,not_in_active_ul
4632,3703,greenran_normal,2,35,0,0,0,0,not_in_active_ul
4632,3703,greenran_normal,2,36,0,0,0,0,not_in_active_ul
4632,3703,greenran_normal,2,37,0,0,0,0,not_in_active_ul
4632,3703,greenran_normal,2,38,0,0,0,0,not_in_active_ul
4632,3703,greenran_normal,2,39,0,0,0,0,not_in_active_ul
4632,3703,greenran_normal,2,40,0,0,0,0,not_in_active_ul
4632,3703,greenran_normal,2,41,0,0,0,0,not_in_active_ul
4632,3703,greenran_normal,2,42,0,0,0,0,not_in_active_ul
4632,3703,greenran_normal,2,43,0,0,0,0,not_in_active_ul
4632,3703,greenran_normal,2,44,0,0,0,0,not_in_active_ul
4632,3703,greenran_normal,2,55,0,0,0,0,not_in_active_ul
4632,3703,greenran_normal,2,56,0,0,0,0,not_in_active_ul
4632,3703,greenran_normal,2,57,0,0,0,0,not_in_active_ul
4632,3703,greenran_normal,2,58,0,0,0,0,not_in_active_ul
4632,3703,greenran_normal,2,59,0,0,0,0,not_in_active_ul
4632,3703,greenran_normal,2,60,0,0,0,0,not_in_active_ul
4632,3703,greenran_normal,2,61,0,0,0,0,not_in_active_ul
4632,3703,greenran_normal,2,62,0,0,0,0,not_in_active_ul
4632,3703,greenran_normal,2,63,0,0,0,0,not_in_active_ul
4632,3703,greenran_normal,2,64,0,0,0,0,not_in_active_ul
4788,3803,greenran_normal,0,1,1,1200005,0,0,in_active_ul
4788,3803,greenran_normal,0,2,1,1200005,0,0,in_active_ul
4788,3803,greenran_normal,0,3,1,1200005,0,0,in_active_ul
4788,3803,greenran_normal,0,4,1,1199962,0,0,in_active_ul
4788,3803,greenran_normal,0,5,1,1200005,0,0,in_active_ul
4788,3803,greenran_normal,1,6,0,0,0,0,not_in_active_ul
4788,3803,greenran_normal,1,7,0,0,0,0,not_in_active_ul
4788,3803,greenran_normal,1,8,0,0,0,0,not_in_active_ul
4788,3803,greenran_normal,1,9,0,0,0,0,not_in_active_ul
4788,3803,greenran_normal,1,10,0,0,0,0,not_in_active_ul
4788,3803,greenran_normal,1,11,0,0,0,0,not_in_active_ul
4788,3803,greenran_normal,1,12,0,0,0,0,not_in_active_ul
4788,3803,greenran_normal,1,34,0,0,0,0,not_in_active_ul
4788,3803,greenran_normal,2,35,0,0,0,0,not_in_active_ul
4788,3803,greenran_normal,2,36,0,0,0,0,not_in_active_ul
4788,3803,greenran_normal,2,37,0,0,0,0,not_in_active_ul
4788,3803,greenran_normal,2,38,0,0,0,0,not_in_active_ul
4788,3803,greenran_normal,2,39,0,0,0,0,not_in_active_ul
4788,3803,greenran_normal,2,40,0,0,0,0,not_in_active_ul
4788,3803,greenran_normal,2,41,0,0,0,0,not_in_active_ul
4788,3803,greenran_normal,2,42,0,0,0,0,not_in_active_ul
4788,3803,greenran_normal,2,43,0,0,0,0,not_in_active_ul
4788,3803,greenran_normal,2,44,0,0,0,0,not_in_active_ul
4788,3803,greenran_normal,2,55,0,0,0,0,not_in_active_ul
4788,3803,greenran_normal,2,56,0,0,0,0,not_in_active_ul
4788,3803,greenran_normal,2,57,0,0,0,0,not_in_active_ul
4788,3803,greenran_normal,2,58,0,0,0,0,not_in_active_ul
4788,3803,greenran_normal,2,59,0,0,0,0,not_in_active_ul
4788,3803,greenran_normal,2,60,0,0,0,0,not_in_active_ul
4788,3803,greenran_normal,2,61,0,0,0,0,not_in_active_ul
4788,3803,greenran_normal,2,62,0,0,0,0,not_in_active_ul
4788,3803,greenran_normal,2,63,0,0,0,0,not_in_active_ul
4788,3803,greenran_normal,2,64,0,0,0,0,not_in_active_ul
4940,3903,greenran_normal,0,1,1,1199950,0,0,in_active_ul
4940,3903,greenran_normal,0,2,1,1200005,0,0,in_active_ul
4940,3903,greenran_normal,0,3,0,0,0,0,not_in_active_ul
4940,3903,greenran_normal,0,4,1,1200005,0,0,in_active_ul
4940,3903,greenran_normal,0,5,1,1200005,0,0,in_active_ul
4940,3903,greenran_normal,1,6,0,0,0,0,not_in_active_ul
4940,3903,greenran_normal,1,7,0,0,0,0,not_in_active_ul
4940,3903,greenran_normal,1,8,0,0,0,0,not_in_active_ul
4940,3903,greenran_normal,1,9,0,0,0,0,not_in_active_ul
4940,3903,greenran_normal,1,10,0,0,0,0,not_in_active_ul
4940,3903,greenran_normal,1,11,0,0,0,0,not_in_active_ul
4940,3903,greenran_normal,1,12,0,0,0,0,not_in_active_ul
4940,3903,greenran_normal,1,34,0,0,0,0,not_in_active_ul
4940,3903,greenran_normal,2,35,0,0,0,0,not_in_active_ul
4940,3903,greenran_normal,2,36,0,0,0,0,not_in_active_ul
4940,3903,greenran_normal,2,37,0,0,0,0,not_in_active_ul
4940,3903,greenran_normal,2,38,0,0,0,0,not_in_active_ul
4940,3903,greenran_normal,2,39,0,0,0,0,not_in_active_ul
4940,3903,greenran_normal,2,40,0,0,0,0,not_in_active_ul
4940,3903,greenran_normal,2,41,0,0,0,0,not_in_active_ul
4940,3903,greenran_normal,2,42,0,0,0,0,not_in_active_ul
4940,3903,greenran_normal,2,43,0,0,0,0,not_in_active_ul
4940,3903,greenran_normal,2,44,0,0,0,0,not_in_active_ul
4940,3903,greenran_normal,2,55,0,0,0,0,not_in_active_ul
4940,3903,greenran_normal,2,56,0,0,0,0,not_in_active_ul
4940,3903,greenran_normal,2,57,0,0,0,0,not_in_active_ul
4940,3903,greenran_normal,2,58,0,0,0,0,not_in_active_ul
4940,3903,greenran_normal,2,59,0,0,0,0,not_in_active_ul
4940,3903,greenran_normal,2,60,0,0,0,0,not_in_active_ul
4940,3903,greenran_normal,2,61,0,0,0,0,not_in_active_ul
4940,3903,greenran_normal,2,62,0,0,0,0,not_in_active_ul
4940,3903,greenran_normal,2,63,0,0,0,0,not_in_active_ul
4940,3903,greenran_normal,2,64,0,0,0,0,not_in_active_ul
5069,4003,greenran_normal,0,1,1,1200005,0,0,in_active_ul
5069,4003,greenran_normal,0,2,0,0,0,0,not_in_active_ul
5069,4003,greenran_normal,0,3,0,0,0,0,not_in_active_ul
5069,4003,greenran_normal,0,4,1,1199940,0,0,in_active_ul
5069,4003,greenran_normal,0,5,0,0,0,0,not_in_active_ul
5069,4003,greenran_normal,1,6,0,0,0,0,not_in_active_ul
5069,4003,greenran_normal,1,7,0,0,0,0,not_in_active_ul
5069,4003,greenran_normal,1,8,0,0,0,0,not_in_active_ul
5069,4003,greenran_normal,1,9,0,0,0,0,not_in_active_ul
5069,4003,greenran_normal,1,10,0,0,0,0,not_in_active_ul
5069,4003,greenran_normal,1,11,0,0,0,0,not_in_active_ul
5069,4003,greenran_normal,1,12,0,0,0,0,not_in_active_ul
5069,4003,greenran_normal,1,34,0,0,0,0,not_in_active_ul
5069,4003,greenran_normal,2,35,0,0,0,0,not_in_active_ul
5069,4003,greenran_normal,2,36,0,0,0,0,not_in_active_ul
5069,4003,greenran_normal,2,37,1,34,0,0,in_active_ul
5069,4003,greenran_normal,2,38,0,0,0,0,not_in_active_ul
5069,4003,greenran_normal,2,39,0,0,0,0,not_in_active_ul
5069,4003,greenran_normal,2,40,0,0,0,0,not_in_active_ul
5069,4003,greenran_normal,2,41,0,0,0,0,not_in_active_ul
5069,4003,greenran_normal,2,42,0,0,0,0,not_in_active_ul
5069,4003,greenran_normal,2,43,0,0,0,0,not_in_active_ul
5069,4003,greenran_normal,2,44,0,0,0,0,not_in_active_ul
5069,4003,greenran_normal,2,55,0,0,0,0,not_in_active_ul
5069,4003,greenran_normal,2,56,0,0,0,0,not_in_active_ul
5069,4003,greenran_normal,2,57,0,0,0,0,not_in_active_ul
5069,4003,greenran_normal,2,58,0,0,0,0,not_in_active_ul
5069,4003,greenran_normal,2,59,0,0,0,0,not_in_active_ul
5069,4003,greenran_normal,2,60,0,0,0,0,not_in_active_ul
5069,4003,greenran_normal,2,61,0,0,0,0,not_in_active_ul
5069,4003,greenran_normal,2,62,0,0,0,0,not_in_active_ul
5069,4003,greenran_normal,2,63,0,0,0,0,not_in_active_ul
5069,4003,greenran_normal,2,64,0,0,0,0,not_in_active_ul
5199,4103,greenran_normal,0,1,1,1200005,0,0,in_active_ul
5199,4103,greenran_normal,0,2,1,1200005,0,0,in_active_ul
5199,4103,greenran_normal,0,3,1,1200005,0,0,in_active_ul
5199,4103,greenran_normal,0,4,0,0,0,0,not_in_active_ul
5199,4103,greenran_normal,0,5,1,1200005,0,0,in_active_ul
5199,4103,greenran_normal,1,6,0,0,0,0,not_in_active_ul
5199,4103,greenran_normal,1,7,0,0,0,0,not_in_active_ul
5199,4103,greenran_normal,1,8,0,0,0,0,not_in_active_ul
5199,4103,greenran_normal,1,9,0,0,0,0,not_in_active_ul
5199,4103,greenran_normal,1,10,0,0,0,0,not_in_active_ul
5199,4103,greenran_normal,1,11,0,0,0,0,not_in_active_ul
5199,4103,greenran_normal,1,12,0,0,0,0,not_in_active_ul
5199,4103,greenran_normal,1,34,0,0,0,0,not_in_active_ul
5199,4103,greenran_normal,2,35,0,0,0,0,not_in_active_ul
5199,4103,greenran_normal,2,36,0,0,0,0,not_in_active_ul
5199,4103,greenran_normal,2,37,0,0,0,0,not_in_active_ul
5199,4103,greenran_normal,2,38,0,0,0,0,not_in_active_ul
5199,4103,greenran_normal,2,39,0,0,0,0,not_in_active_ul
5199,4103,greenran_normal,2,40,0,0,0,0,not_in_active_ul
5199,4103,greenran_normal,2,41,0,0,0,0,not_in_active_ul
5199,4103,greenran_normal,2,42,0,0,0,0,not_in_active_ul
5199,4103,greenran_normal,2,43,0,0,0,0,not_in_active_ul
5199,4103,greenran_normal,2,44,0,0,0,0,not_in_active_ul
5199,4103,greenran_normal,2,55,0,0,0,0,not_in_active_ul
5199,4103,greenran_normal,2,56,0,0,0,0,not_in_active_ul
5199,4103,greenran_normal,2,57,0,0,0,0,not_in_active_ul
5199,4103,greenran_normal,2,58,0,0,0,0,not_in_active_ul
5199,4103,greenran_normal,2,59,0,0,0,0,not_in_active_ul
5199,4103,greenran_normal,2,60,0,0,0,0,not_in_active_ul
5199,4103,greenran_normal,2,61,0,0,0,0,not_in_active_ul
5199,4103,greenran_normal,2,62,0,0,0,0,not_in_active_ul
5199,4103,greenran_normal,2,63,0,0,0,0,not_in_active_ul
5199,4103,greenran_normal,2,64,0,0,0,0,not_in_active_ul
5343,4203,greenran_normal,0,1,1,1200005,0,0,in_active_ul
5343,4203,greenran_normal,0,2,1,1200005,0,0,in_active_ul
5343,4203,greenran_normal,0,3,1,1200005,0,0,in_active_ul
5343,4203,greenran_normal,0,4,0,0,0,0,not_in_active_ul
5343,4203,greenran_normal,0,5,1,1200005,0,0,in_active_ul
5343,4203,greenran_normal,1,6,0,0,0,0,not_in_active_ul
5343,4203,greenran_normal,1,7,0,0,0,0,not_in_active_ul
5343,4203,greenran_normal,1,8,0,0,0,0,not_in_active_ul
5343,4203,greenran_normal,1,9,0,0,0,0,not_in_active_ul
5343,4203,greenran_normal,1,10,0,0,0,0,not_in_active_ul
5343,4203,greenran_normal,1,11,0,0,0,0,not_in_active_ul
5343,4203,greenran_normal,1,12,0,0,0,0,not_in_active_ul
5343,4203,greenran_normal,1,34,0,0,0,0,not_in_active_ul
5343,4203,greenran_normal,2,35,0,0,0,0,not_in_active_ul
5343,4203,greenran_normal,2,36,0,0,0,0,not_in_active_ul
5343,4203,greenran_normal,2,37,0,0,0,0,not_in_active_ul
5343,4203,greenran_normal,2,38,0,0,0,0,not_in_active_ul
5343,4203,greenran_normal,2,39,0,0,0,0,not_in_active_ul
5343,4203,greenran_normal,2,40,0,0,0,0,not_in_active_ul
5343,4203,greenran_normal,2,41,0,0,0,0,not_in_active_ul
5343,4203,greenran_normal,2,42,0,0,0,0,not_in_active_ul
5343,4203,greenran_normal,2,43,0,0,0,0,not_in_active_ul
5343,4203,greenran_normal,2,44,0,0,0,0,not_in_active_ul
5343,4203,greenran_normal,2,55,0,0,0,0,not_in_active_ul
5343,4203,greenran_normal,2,56,0,0,0,0,not_in_active_ul
5343,4203,greenran_normal,2,57,0,0,0,0,not_in_active_ul
5343,4203,greenran_normal,2,58,0,0,0,0,not_in_active_ul
5343,4203,greenran_normal,2,59,0,0,0,0,not_in_active_ul
5343,4203,greenran_normal,2,60,0,0,0,0,not_in_active_ul
5343,4203,greenran_normal,2,61,0,0,0,0,not_in_active_ul
5343,4203,greenran_normal,2,62,0,0,0,0,not_in_active_ul
5343,4203,greenran_normal,2,63,0,0,0,0,not_in_active_ul
5343,4203,greenran_normal,2,64,0,0,0,0,not_in_active_ul
5491,4303,greenran_normal,0,1,1,1199978,0,0,in_active_ul
5491,4303,greenran_normal,0,2,0,0,0,0,not_in_active_ul
5491,4303,greenran_normal,0,3,1,1200005,0,0,in_active_ul
5491,4303,greenran_normal,0,4,1,1200005,0,0,in_active_ul
5491,4303,greenran_normal,0,5,1,1199805,0,0,in_active_ul
5491,4303,greenran_normal,1,6,0,0,0,0,not_in_active_ul
5491,4303,greenran_normal,1,7,0,0,0,0,not_in_active_ul
5491,4303,greenran_normal,1,8,0,0,0,0,not_in_active_ul
5491,4303,greenran_normal,1,9,0,0,0,0,not_in_active_ul
5491,4303,greenran_normal,1,10,0,0,0,0,not_in_active_ul
5491,4303,greenran_normal,1,11,0,0,0,0,not_in_active_ul
5491,4303,greenran_normal,1,12,0,0,0,0,not_in_active_ul
5491,4303,greenran_normal,1,34,0,0,0,0,not_in_active_ul
5491,4303,greenran_normal,2,35,0,0,0,0,not_in_active_ul
5491,4303,greenran_normal,2,36,0,0,0,0,not_in_active_ul
5491,4303,greenran_normal,2,37,0,0,0,0,not_in_active_ul
5491,4303,greenran_normal,2,38,0,0,0,0,not_in_active_ul
5491,4303,greenran_normal,2,39,0,0,0,0,not_in_active_ul
5491,4303,greenran_normal,2,40,0,0,0,0,not_in_active_ul
5491,4303,greenran_normal,2,41,0,0,0,0,not_in_active_ul
5491,4303,greenran_normal,2,42,0,0,0,0,not_in_active_ul
5491,4303,greenran_normal,2,43,0,0,0,0,not_in_active_ul
5491,4303,greenran_normal,2,44,0,0,0,0,not_in_active_ul
5491,4303,greenran_normal,2,55,0,0,0,0,not_in_active_ul
5491,4303,greenran_normal,2,56,1,281,0,0,in_active_ul
5491,4303,greenran_normal,2,57,0,0,0,0,not_in_active_ul
5491,4303,greenran_normal,2,58,0,0,0,0,not_in_active_ul
5491,4303,greenran_normal,2,59,0,0,0,0,not_in_active_ul
5491,4303,greenran_normal,2,60,0,0,0,0,not_in_active_ul
5491,4303,greenran_normal,2,61,0,0,0,0,not_in_active_ul
5491,4303,greenran_normal,2,62,0,0,0,0,not_in_active_ul
5491,4303,greenran_normal,2,63,0,0,0,0,not_in_active_ul
5491,4303,greenran_normal,2,64,0,0,0,0,not_in_active_ul
5647,4403,greenran_normal,0,1,1,1200005,0,0,in_active_ul
5647,4403,greenran_normal,0,2,1,1200005,0,0,in_active_ul
5647,4403,greenran_normal,0,3,1,1200005,0,0,in_active_ul
5647,4403,greenran_normal,0,4,1,1199616,0,0,in_active_ul
5647,4403,greenran_normal,0,5,1,1200005,0,0,in_active_ul
5647,4403,greenran_normal,1,6,0,0,0,0,not_in_active_ul
5647,4403,greenran_normal,1,7,0,0,0,0,not_in_active_ul
5647,4403,greenran_normal,1,8,0,0,0,0,not_in_active_ul
5647,4403,greenran_normal,1,9,0,0,0,0,not_in_active_ul
5647,4403,greenran_normal,1,10,0,0,0,0,not_in_active_ul
5647,4403,greenran_normal,1,11,0,0,0,0,not_in_active_ul
5647,4403,greenran_normal,1,12,0,0,0,0,not_in_active_ul
5647,4403,greenran_normal,1,34,0,0,0,0,not_in_active_ul
5647,4403,greenran_normal,2,35,0,0,0,0,not_in_active_ul
5647,4403,greenran_normal,2,36,0,0,0,0,not_in_active_ul
5647,4403,greenran_normal,2,37,1,51,0,0,in_active_ul
5647,4403,greenran_normal,2,38,0,0,0,0,not_in_active_ul
5647,4403,greenran_normal,2,39,0,0,0,0,not_in_active_ul
5647,4403,greenran_normal,2,40,0,0,0,0,not_in_active_ul
5647,4403,greenran_normal,2,41,0,0,0,0,not_in_active_ul
5647,4403,greenran_normal,2,42,0,0,0,0,not_in_active_ul
5647,4403,greenran_normal,2,43,0,0,0,0,not_in_active_ul
5647,4403,greenran_normal,2,44,0,0,0,0,not_in_active_ul
5647,4403,greenran_normal,2,55,0,0,0,0,not_in_active_ul
5647,4403,greenran_normal,2,56,0,0,0,0,not_in_active_ul
5647,4403,greenran_normal,2,57,0,0,0,0,not_in_active_ul
5647,4403,greenran_normal,2,58,0,0,0,0,not_in_active_ul
5647,4403,greenran_normal,2,59,0,0,0,0,not_in_active_ul
5647,4403,greenran_normal,2,60,0,0,0,0,not_in_active_ul
5647,4403,greenran_normal,2,61,0,0,0,0,not_in_active_ul
5647,4403,greenran_normal,2,62,0,0,0,0,not_in_active_ul
5647,4403,greenran_normal,2,63,0,0,0,0,not_in_active_ul
5647,4403,greenran_normal,2,64,0,0,0,0,not_in_active_ul
5781,4503,greenran_normal,0,1,1,1200005,0,0,in_active_ul
5781,4503,greenran_normal,0,2,0,0,0,0,not_in_active_ul
5781,4503,greenran_normal,0,3,1,1199865,0,0,in_active_ul
5781,4503,greenran_normal,0,4,1,1200005,0,0,in_active_ul
5781,4503,greenran_normal,0,5,1,1200005,0,0,in_active_ul
5781,4503,greenran_normal,1,6,0,0,0,0,not_in_active_ul
5781,4503,greenran_normal,1,7,0,0,0,0,not_in_active_ul
5781,4503,greenran_normal,1,8,0,0,0,0,not_in_active_ul
5781,4503,greenran_normal,1,9,0,0,0,0,not_in_active_ul
5781,4503,greenran_normal,1,10,0,0,0,0,not_in_active_ul
5781,4503,greenran_normal,1,11,0,0,0,0,not_in_active_ul
5781,4503,greenran_normal,1,12,0,0,0,0,not_in_active_ul
5781,4503,greenran_normal,1,34,0,0,0,0,not_in_active_ul
5781,4503,greenran_normal,2,35,0,0,0,0,not_in_active_ul
5781,4503,greenran_normal,2,36,0,0,0,0,not_in_active_ul
5781,4503,greenran_normal,2,37,0,0,0,0,not_in_active_ul
5781,4503,greenran_normal,2,38,0,0,0,0,not_in_active_ul
5781,4503,greenran_normal,2,39,0,0,0,0,not_in_active_ul
5781,4503,greenran_normal,2,40,0,0,0,0,not_in_active_ul
5781,4503,greenran_normal,2,41,0,0,0,0,not_in_active_ul
5781,4503,greenran_normal,2,42,0,0,0,0,not_in_active_ul
5781,4503,greenran_normal,2,43,0,0,0,0,not_in_active_ul
5781,4503,greenran_normal,2,44,0,0,0,0,not_in_active_ul
5781,4503,greenran_normal,2,55,0,0,0,0,not_in_active_ul
5781,4503,greenran_normal,2,56,0,0,0,0,not_in_active_ul
5781,4503,greenran_normal,2,57,0,0,0,0,not_in_active_ul
5781,4503,greenran_normal,2,58,0,0,0,0,not_in_active_ul
5781,4503,greenran_normal,2,59,0,0,0,0,not_in_active_ul
5781,4503,greenran_normal,2,60,0,0,0,0,not_in_active_ul
5781,4503,greenran_normal,2,61,0,0,0,0,not_in_active_ul
5781,4503,greenran_normal,2,62,0,0,0,0,not_in_active_ul
5781,4503,greenran_normal,2,63,0,0,0,0,not_in_active_ul
5781,4503,greenran_normal,2,64,0,0,0,0,not_in_active_ul
5932,4603,greenran_normal,0,1,1,1200005,0,0,in_active_ul
5932,4603,greenran_normal,0,2,1,1200005,0,0,in_active_ul
5932,4603,greenran_normal,0,3,1,1200005,0,0,in_active_ul
5932,4603,greenran_normal,0,4,0,0,0,0,not_in_active_ul
5932,4603,greenran_normal,0,5,1,1200005,0,0,in_active_ul
5932,4603,greenran_normal,1,6,0,0,0,0,not_in_active_ul
5932,4603,greenran_normal,1,7,0,0,0,0,not_in_active_ul
5932,4603,greenran_normal,1,8,0,0,0,0,not_in_active_ul
5932,4603,greenran_normal,1,9,0,0,0,0,not_in_active_ul
5932,4603,greenran_normal,1,10,0,0,0,0,not_in_active_ul
5932,4603,greenran_normal,1,11,0,0,0,0,not_in_active_ul
5932,4603,greenran_normal,1,12,0,0,0,0,not_in_active_ul
5932,4603,greenran_normal,1,34,0,0,0,0,not_in_active_ul
5932,4603,greenran_normal,2,35,0,0,0,0,not_in_active_ul
5932,4603,greenran_normal,2,36,0,0,0,0,not_in_active_ul
5932,4603,greenran_normal,2,37,0,0,0,0,not_in_active_ul
5932,4603,greenran_normal,2,38,0,0,0,0,not_in_active_ul
5932,4603,greenran_normal,2,39,0,0,0,0,not_in_active_ul
5932,4603,greenran_normal,2,40,0,0,0,0,not_in_active_ul
5932,4603,greenran_normal,2,41,0,0,0,0,not_in_active_ul
5932,4603,greenran_normal,2,42,0,0,0,0,not_in_active_ul
5932,4603,greenran_normal,2,43,0,0,0,0,not_in_active_ul
5932,4603,greenran_normal,2,44,0,0,0,0,not_in_active_ul
5932,4603,greenran_normal,2,55,0,0,0,0,not_in_active_ul
5932,4603,greenran_normal,2,56,0,0,0,0,not_in_active_ul
5932,4603,greenran_normal,2,57,0,0,0,0,not_in_active_ul
5932,4603,greenran_normal,2,58,0,0,0,0,not_in_active_ul
5932,4603,greenran_normal,2,59,0,0,0,0,not_in_active_ul
5932,4603,greenran_normal,2,60,0,0,0,0,not_in_active_ul
5932,4603,greenran_normal,2,61,0,0,0,0,not_in_active_ul
5932,4603,greenran_normal,2,62,0,0,0,0,not_in_active_ul
5932,4603,greenran_normal,2,63,0,0,0,0,not_in_active_ul
5932,4603,greenran_normal,2,64,0,0,0,0,not_in_active_ul
6065,4703,greenran_normal,0,1,1,1199585,0,0,in_active_ul
6065,4703,greenran_normal,0,2,1,1199698,0,0,in_active_ul
6065,4703,greenran_normal,0,3,1,1200005,0,0,in_active_ul
6065,4703,greenran_normal,0,4,1,1200005,0,0,in_active_ul
6065,4703,greenran_normal,0,5,1,1199430,0,0,in_active_ul
6065,4703,greenran_normal,1,6,0,0,0,0,not_in_active_ul
6065,4703,greenran_normal,1,7,0,0,0,0,not_in_active_ul
6065,4703,greenran_normal,1,8,0,0,0,0,not_in_active_ul
6065,4703,greenran_normal,1,9,0,0,0,0,not_in_active_ul
6065,4703,greenran_normal,1,10,0,0,0,0,not_in_active_ul
6065,4703,greenran_normal,1,11,0,0,0,0,not_in_active_ul
6065,4703,greenran_normal,1,12,0,0,0,0,not_in_active_ul
6065,4703,greenran_normal,1,34,0,0,0,0,not_in_active_ul
6065,4703,greenran_normal,2,35,0,0,0,0,not_in_active_ul
6065,4703,greenran_normal,2,36,0,0,0,0,not_in_active_ul
6065,4703,greenran_normal,2,37,0,0,0,0,not_in_active_ul
6065,4703,greenran_normal,2,38,0,0,0,0,not_in_active_ul
6065,4703,greenran_normal,2,39,0,0,0,0,not_in_active_ul
6065,4703,greenran_normal,2,40,0,0,0,0,not_in_active_ul
6065,4703,greenran_normal,2,41,0,0,0,0,not_in_active_ul
6065,4703,greenran_normal,2,42,0,0,0,0,not_in_active_ul
6065,4703,greenran_normal,2,43,0,0,0,0,not_in_active_ul
6065,4703,greenran_normal,2,44,0,0,0,0,not_in_active_ul
6065,4703,greenran_normal,2,55,0,0,0,0,not_in_active_ul
6065,4703,greenran_normal,2,56,0,0,0,0,not_in_active_ul
6065,4703,greenran_normal,2,57,0,0,0,0,not_in_active_ul
6065,4703,greenran_normal,2,58,0,0,0,0,not_in_active_ul
6065,4703,greenran_normal,2,59,0,0,0,0,not_in_active_ul
6065,4703,greenran_normal,2,60,0,0,0,0,not_in_active_ul
6065,4703,greenran_normal,2,61,0,0,0,0,not_in_active_ul
6065,4703,greenran_normal,2,62,0,0,0,0,not_in_active_ul
6065,4703,greenran_normal,2,63,0,0,0,0,not_in_active_ul
6065,4703,greenran_normal,2,64,0,0,0,0,not_in_active_ul
6212,4803,greenran_normal,0,1,1,1199929,0,0,in_active_ul
6212,4803,greenran_normal,0,2,1,1199929,0,0,in_active_ul
6212,4803,greenran_normal,0,3,1,1199179,0,0,in_active_ul
6212,4803,greenran_normal,0,4,1,1199942,0,0,in_active_ul
6212,4803,greenran_normal,0,5,1,1199899,0,0,in_active_ul
6212,4803,greenran_normal,1,6,0,0,0,0,not_in_active_ul
6212,4803,greenran_normal,1,7,0,0,0,0,not_in_active_ul
6212,4803,greenran_normal,1,8,0,0,0,0,not_in_active_ul
6212,4803,greenran_normal,1,9,0,0,0,0,not_in_active_ul
6212,4803,greenran_normal,1,10,0,0,0,0,not_in_active_ul
6212,4803,greenran_normal,1,11,0,0,0,0,not_in_active_ul
6212,4803,greenran_normal,1,12,0,0,0,0,not_in_active_ul
6212,4803,greenran_normal,1,34,0,0,0,0,not_in_active_ul
6212,4803,greenran_normal,2,35,0,0,0,0,not_in_active_ul
6212,4803,greenran_normal,2,36,0,0,0,0,not_in_active_ul
6212,4803,greenran_normal,2,37,0,0,0,0,not_in_active_ul
6212,4803,greenran_normal,2,38,0,0,0,0,not_in_active_ul
6212,4803,greenran_normal,2,39,0,0,0,0,not_in_active_ul
6212,4803,greenran_normal,2,40,0,0,0,0,not_in_active_ul
6212,4803,greenran_normal,2,41,0,0,0,0,not_in_active_ul
6212,4803,greenran_normal,2,42,0,0,0,0,not_in_active_ul
6212,4803,greenran_normal,2,43,0,0,0,0,not_in_active_ul
6212,4803,greenran_normal,2,44,0,0,0,0,not_in_active_ul
6212,4803,greenran_normal,2,55,0,0,0,0,not_in_active_ul
6212,4803,greenran_normal,2,56,0,0,0,0,not_in_active_ul
6212,4803,greenran_normal,2,57,0,0,0,0,not_in_active_ul
6212,4803,greenran_normal,2,58,0,0,0,0,not_in_active_ul
6212,4803,greenran_normal,2,59,0,0,0,0,not_in_active_ul
6212,4803,greenran_normal,2,60,0,0,0,0,not_in_active_ul
6212,4803,greenran_normal,2,61,0,0,0,0,not_in_active_ul
6212,4803,greenran_normal,2,62,0,0,0,0,not_in_active_ul
6212,4803,greenran_normal,2,63,0,0,0,0,not_in_active_ul
6212,4803,greenran_normal,2,64,0,0,0,0,not_in_active_ul
6349,4903,greenran_normal,0,1,1,1199991,0,0,in_active_ul
6349,4903,greenran_normal,0,2,1,1200005,0,0,in_active_ul
6349,4903,greenran_normal,0,3,1,1199778,0,0,in_active_ul
6349,4903,greenran_normal,0,4,0,0,0,0,not_in_active_ul
6349,4903,greenran_normal,0,5,1,1200005,0,0,in_active_ul
6349,4903,greenran_normal,1,6,0,0,0,0,not_in_active_ul
6349,4903,greenran_normal,1,7,0,0,0,0,not_in_active_ul
6349,4903,greenran_normal,1,8,0,0,0,0,not_in_active_ul
6349,4903,greenran_normal,1,9,0,0,0,0,not_in_active_ul
6349,4903,greenran_normal,1,10,0,0,0,0,not_in_active_ul
6349,4903,greenran_normal,1,11,0,0,0,0,not_in_active_ul
6349,4903,greenran_normal,1,12,0,0,0,0,not_in_active_ul
6349,4903,greenran_normal,1,34,0,0,0,0,not_in_active_ul
6349,4903,greenran_normal,2,35,0,0,0,0,not_in_active_ul
6349,4903,greenran_normal,2,36,0,0,0,0,not_in_active_ul
6349,4903,greenran_normal,2,37,0,0,0,0,not_in_active_ul
6349,4903,greenran_normal,2,38,0,0,0,0,not_in_active_ul
6349,4903,greenran_normal,2,39,0,0,0,0,not_in_active_ul
6349,4903,greenran_normal,2,40,0,0,0,0,not_in_active_ul
6349,4903,greenran_normal,2,41,0,0,0,0,not_in_active_ul
6349,4903,greenran_normal,2,42,0,0,0,0,not_in_active_ul
6349,4903,greenran_normal,2,43,0,0,0,0,not_in_active_ul
6349,4903,greenran_normal,2,44,0,0,0,0,not_in_active_ul
6349,4903,greenran_normal,2,55,0,0,0,0,not_in_active_ul
6349,4903,greenran_normal,2,56,0,0,0,0,not_in_active_ul
6349,4903,greenran_normal,2,57,0,0,0,0,not_in_active_ul
6349,4903,greenran_normal,2,58,0,0,0,0,not_in_active_ul
6349,4903,greenran_normal,2,59,0,0,0,0,not_in_active_ul
6349,4903,greenran_normal,2,60,0,0,0,0,not_in_active_ul
6349,4903,greenran_normal,2,61,0,0,0,0,not_in_active_ul
6349,4903,greenran_normal,2,62,0,0,0,0,not_in_active_ul
6349,4903,greenran_normal,2,63,0,0,0,0,not_in_active_ul
6349,4903,greenran_normal,2,64,0,0,0,0,not_in_active_ul
6494,5004,greenran_normal,0,1,1,1200005,0,0,in_active_ul
6494,5004,greenran_normal,0,2,1,1200005,0,0,in_active_ul
6494,5004,greenran_normal,0,3,1,1200005,0,0,in_active_ul
6494,5004,greenran_normal,0,4,0,0,0,0,not_in_active_ul
6494,5004,greenran_normal,0,5,1,1200005,0,0,in_active_ul
6494,5004,greenran_normal,1,6,0,0,0,0,not_in_active_ul
6494,5004,greenran_normal,1,7,0,0,0,0,not_in_active_ul
6494,5004,greenran_normal,1,8,0,0,0,0,not_in_active_ul
6494,5004,greenran_normal,1,9,0,0,0,0,not_in_active_ul
6494,5004,greenran_normal,1,10,0,0,0,0,not_in_active_ul
6494,5004,greenran_normal,1,11,0,0,0,0,not_in_active_ul
6494,5004,greenran_normal,1,12,0,0,0,0,not_in_active_ul
6494,5004,greenran_normal,1,34,0,0,0,0,not_in_active_ul
6494,5004,greenran_normal,2,35,0,0,0,0,not_in_active_ul
6494,5004,greenran_normal,2,36,0,0,0,0,not_in_active_ul
6494,5004,greenran_normal,2,37,0,0,0,0,not_in_active_ul
6494,5004,greenran_normal,2,38,0,0,0,0,not_in_active_ul
6494,5004,greenran_normal,2,39,0,0,0,0,not_in_active_ul
6494,5004,greenran_normal,2,40,0,0,0,0,not_in_active_ul
6494,5004,greenran_normal,2,41,0,0,0,0,not_in_active_ul
6494,5004,greenran_normal,2,42,0,0,0,0,not_in_active_ul
6494,5004,greenran_normal,2,43,0,0,0,0,not_in_active_ul
6494,5004,greenran_normal,2,44,0,0,0,0,not_in_active_ul
6494,5004,greenran_normal,2,55,0,0,0,0,not_in_active_ul
6494,5004,greenran_normal,2,56,0,0,0,0,not_in_active_ul
6494,5004,greenran_normal,2,57,0,0,0,0,not_in_active_ul
6494,5004,greenran_normal,2,58,0,0,0,0,not_in_active_ul
6494,5004,greenran_normal,2,59,0,0,0,0,not_in_active_ul
6494,5004,greenran_normal,2,60,0,0,0,0,not_in_active_ul
6494,5004,greenran_normal,2,61,0,0,0,0,not_in_active_ul
6494,5004,greenran_normal,2,62,0,0,0,0,not_in_active_ul
6494,5004,greenran_normal,2,63,0,0,0,0,not_in_active_ul
6494,5004,greenran_normal,2,64,0,0,0,0,not_in_active_ul
6624,5104,greenran_normal,0,1,1,1200005,0,0,in_active_ul
6624,5104,greenran_normal,0,2,1,1199931,0,0,in_active_ul
6624,5104,greenran_normal,0,3,1,1199002,0,0,in_active_ul
6624,5104,greenran_normal,0,4,1,1200005,0,0,in_active_ul
6624,5104,greenran_normal,0,5,1,1200005,0,0,in_active_ul
6624,5104,greenran_normal,1,6,0,0,0,0,not_in_active_ul
6624,5104,greenran_normal,1,7,0,0,0,0,not_in_active_ul
6624,5104,greenran_normal,1,8,0,0,0,0,not_in_active_ul
6624,5104,greenran_normal,1,9,0,0,0,0,not_in_active_ul
6624,5104,greenran_normal,1,10,0,0,0,0,not_in_active_ul
6624,5104,greenran_normal,1,11,0,0,0,0,not_in_active_ul
6624,5104,greenran_normal,1,12,0,0,0,0,not_in_active_ul
6624,5104,greenran_normal,1,34,0,0,0,0,not_in_active_ul
6624,5104,greenran_normal,2,35,0,0,0,0,not_in_active_ul
6624,5104,greenran_normal,2,36,0,0,0,0,not_in_active_ul
6624,5104,greenran_normal,2,37,1,34,0,0,in_active_ul
6624,5104,greenran_normal,2,38,0,0,0,0,not_in_active_ul
6624,5104,greenran_normal,2,39,0,0,0,0,not_in_active_ul
6624,5104,greenran_normal,2,40,0,0,0,0,not_in_active_ul
6624,5104,greenran_normal,2,41,0,0,0,0,not_in_active_ul
6624,5104,greenran_normal,2,42,0,0,0,0,not_in_active_ul
6624,5104,greenran_normal,2,43,0,0,0,0,not_in_active_ul
6624,5104,greenran_normal,2,44,0,0,0,0,not_in_active_ul
6624,5104,greenran_normal,2,55,0,0,0,0,not_in_active_ul
6624,5104,greenran_normal,2,56,0,0,0,0,not_in_active_ul
6624,5104,greenran_normal,2,57,0,0,0,0,not_in_active_ul
6624,5104,greenran_normal,2,58,0,0,0,0,not_in_active_ul
6624,5104,greenran_normal,2,59,0,0,0,0,not_in_active_ul
6624,5104,greenran_normal,2,60,0,0,0,0,not_in_active_ul
6624,5104,greenran_normal,2,61,0,0,0,0,not_in_active_ul
6624,5104,greenran_normal,2,62,0,0,0,0,not_in_active_ul
6624,5104,greenran_normal,2,63,0,0,0,0,not_in_active_ul
6624,5104,greenran_normal,2,64,0,0,0,0,not_in_active_ul
6745,5204,greenran_normal,0,1,1,1199957,0,0,in_active_ul
6745,5204,greenran_normal,0,2,1,1200005,0,0,in_active_ul
6745,5204,greenran_normal,0,3,1,1200005,0,0,in_active_ul
6745,5204,greenran_normal,0,4,0,0,0,0,not_in_active_ul
6745,5204,greenran_normal,0,5,1,1200005,0,0,in_active_ul
6745,5204,greenran_normal,1,6,0,0,0,0,not_in_active_ul
6745,5204,greenran_normal,1,7,0,0,0,0,not_in_active_ul
6745,5204,greenran_normal,1,8,0,0,0,0,not_in_active_ul
6745,5204,greenran_normal,1,9,0,0,0,0,not_in_active_ul
6745,5204,greenran_normal,1,10,0,0,0,0,not_in_active_ul
6745,5204,greenran_normal,1,11,0,0,0,0,not_in_active_ul
6745,5204,greenran_normal,1,12,0,0,0,0,not_in_active_ul
6745,5204,greenran_normal,1,34,0,0,0,0,not_in_active_ul
6745,5204,greenran_normal,2,35,0,0,0,0,not_in_active_ul
6745,5204,greenran_normal,2,36,0,0,0,0,not_in_active_ul
6745,5204,greenran_normal,2,37,1,203,0,0,in_active_ul
6745,5204,greenran_normal,2,38,0,0,0,0,not_in_active_ul
6745,5204,greenran_normal,2,39,0,0,0,0,not_in_active_ul
6745,5204,greenran_normal,2,40,0,0,0,0,not_in_active_ul
6745,5204,greenran_normal,2,41,0,0,0,0,not_in_active_ul
6745,5204,greenran_normal,2,42,0,0,0,0,not_in_active_ul
6745,5204,greenran_normal,2,43,0,0,0,0,not_in_active_ul
6745,5204,greenran_normal,2,44,0,0,0,0,not_in_active_ul
6745,5204,greenran_normal,2,55,0,0,0,0,not_in_active_ul
6745,5204,greenran_normal,2,56,0,0,0,0,not_in_active_ul
6745,5204,greenran_normal,2,57,0,0,0,0,not_in_active_ul
6745,5204,greenran_normal,2,58,0,0,0,0,not_in_active_ul
6745,5204,greenran_normal,2,59,0,0,0,0,not_in_active_ul
6745,5204,greenran_normal,2,60,0,0,0,0,not_in_active_ul
6745,5204,greenran_normal,2,61,0,0,0,0,not_in_active_ul
6745,5204,greenran_normal,2,62,0,0,0,0,not_in_active_ul
6745,5204,greenran_normal,2,63,0,0,0,0,not_in_active_ul
6745,5204,greenran_normal,2,64,0,0,0,0,not_in_active_ul
6865,5304,greenran_normal,0,1,1,1200005,0,0,in_active_ul
6865,5304,greenran_normal,0,2,1,1200005,0,0,in_active_ul
6865,5304,greenran_normal,0,3,1,1200005,0,0,in_active_ul
6865,5304,greenran_normal,0,4,1,1200005,0,0,in_active_ul
6865,5304,greenran_normal,0,5,1,1200005,0,0,in_active_ul
6865,5304,greenran_normal,1,6,0,0,0,0,not_in_active_ul
6865,5304,greenran_normal,1,7,0,0,0,0,not_in_active_ul
6865,5304,greenran_normal,1,8,0,0,0,0,not_in_active_ul
6865,5304,greenran_normal,1,9,0,0,0,0,not_in_active_ul
6865,5304,greenran_normal,1,10,0,0,0,0,not_in_active_ul
6865,5304,greenran_normal,1,11,0,0,0,0,not_in_active_ul
6865,5304,greenran_normal,1,12,0,0,0,0,not_in_active_ul
6865,5304,greenran_normal,1,34,0,0,0,0,not_in_active_ul
6865,5304,greenran_normal,2,35,0,0,0,0,not_in_active_ul
6865,5304,greenran_normal,2,36,0,0,0,0,not_in_active_ul
6865,5304,greenran_normal,2,37,0,0,0,0,not_in_active_ul
6865,5304,greenran_normal,2,38,0,0,0,0,not_in_active_ul
6865,5304,greenran_normal,2,39,0,0,0,0,not_in_active_ul
6865,5304,greenran_normal,2,40,0,0,0,0,not_in_active_ul
6865,5304,greenran_normal,2,41,0,0,0,0,not_in_active_ul
6865,5304,greenran_normal,2,42,0,0,0,0,not_in_active_ul
6865,5304,greenran_normal,2,43,0,0,0,0,not_in_active_ul
6865,5304,greenran_normal,2,44,0,0,0,0,not_in_active_ul
6865,5304,greenran_normal,2,55,0,0,0,0,not_in_active_ul
6865,5304,greenran_normal,2,56,0,0,0,0,not_in_active_ul
6865,5304,greenran_normal,2,57,0,0,0,0,not_in_active_ul
6865,5304,greenran_normal,2,58,0,0,0,0,not_in_active_ul
6865,5304,greenran_normal,2,59,0,0,0,0,not_in_active_ul
6865,5304,greenran_normal,2,60,0,0,0,0,not_in_active_ul
6865,5304,greenran_normal,2,61,0,0,0,0,not_in_active_ul
6865,5304,greenran_normal,2,62,0,0,0,0,not_in_active_ul
6865,5304,greenran_normal,2,63,0,0,0,0,not_in_active_ul
6865,5304,greenran_normal,2,64,0,0,0,0,not_in_active_ul
7000,5404,greenran_normal,0,1,1,1200005,0,0,in_active_ul
7000,5404,greenran_normal,0,2,1,1200005,0,0,in_active_ul
7000,5404,greenran_normal,0,3,1,1199941,0,0,in_active_ul
7000,5404,greenran_normal,0,4,0,0,0,0,not_in_active_ul
7000,5404,greenran_normal,0,5,1,1200005,0,0,in_active_ul
7000,5404,greenran_normal,1,6,0,0,0,0,not_in_active_ul
7000,5404,greenran_normal,1,7,0,0,0,0,not_in_active_ul
7000,5404,greenran_normal,1,8,0,0,0,0,not_in_active_ul
7000,5404,greenran_normal,1,9,0,0,0,0,not_in_active_ul
7000,5404,greenran_normal,1,10,0,0,0,0,not_in_active_ul
7000,5404,greenran_normal,1,11,0,0,0,0,not_in_active_ul
7000,5404,greenran_normal,1,12,1,17,0,0,in_active_ul
7000,5404,greenran_normal,1,34,0,0,0,0,not_in_active_ul
7000,5404,greenran_normal,2,35,0,0,0,0,not_in_active_ul
7000,5404,greenran_normal,2,36,0,0,0,0,not_in_active_ul
7000,5404,greenran_normal,2,37,0,0,0,0,not_in_active_ul
7000,5404,greenran_normal,2,38,0,0,0,0,not_in_active_ul
7000,5404,greenran_normal,2,39,0,0,0,0,not_in_active_ul
7000,5404,greenran_normal,2,40,0,0,0,0,not_in_active_ul
7000,5404,greenran_normal,2,41,0,0,0,0,not_in_active_ul
7000,5404,greenran_normal,2,42,0,0,0,0,not_in_active_ul
7000,5404,greenran_normal,2,43,0,0,0,0,not_in_active_ul
7000,5404,greenran_normal,2,44,0,0,0,0,not_in_active_ul
7000,5404,greenran_normal,2,55,0,0,0,0,not_in_active_ul
7000,5404,greenran_normal,2,56,0,0,0,0,not_in_active_ul
7000,5404,greenran_normal,2,57,0,0,0,0,not_in_active_ul
7000,5404,greenran_normal,2,58,0,0,0,0,not_in_active_ul
7000,5404,greenran_normal,2,59,0,0,0,0,not_in_active_ul
7000,5404,greenran_normal,2,60,0,0,0,0,not_in_active_ul
7000,5404,greenran_normal,2,61,0,0,0,0,not_in_active_ul
7000,5404,greenran_normal,2,62,0,0,0,0,not_in_active_ul
7000,5404,greenran_normal,2,63,0,0,0,0,not_in_active_ul
7000,5404,greenran_normal,2,64,0,0,0,0,not_in_active_ul
7140,5504,greenran_normal,0,1,1,1200005,0,0,in_active_ul
7140,5504,greenran_normal,0,2,1,1200005,0,0,in_active_ul
7140,5504,greenran_normal,0,3,1,1200005,0,0,in_active_ul
7140,5504,greenran_normal,0,4,1,1200005,0,0,in_active_ul
7140,5504,greenran_normal,0,5,1,1199989,0,0,in_active_ul
7140,5504,greenran_normal,1,6,0,0,0,0,not_in_active_ul
7140,5504,greenran_normal,1,7,0,0,0,0,not_in_active_ul
7140,5504,greenran_normal,1,8,0,0,0,0,not_in_active_ul
7140,5504,greenran_normal,1,9,0,0,0,0,not_in_active_ul
7140,5504,greenran_normal,1,10,0,0,0,0,not_in_active_ul
7140,5504,greenran_normal,1,11,0,0,0,0,not_in_active_ul
7140,5504,greenran_normal,1,12,0,0,0,0,not_in_active_ul
7140,5504,greenran_normal,1,34,0,0,0,0,not_in_active_ul
7140,5504,greenran_normal,2,35,0,0,0,0,not_in_active_ul
7140,5504,greenran_normal,2,36,0,0,0,0,not_in_active_ul
7140,5504,greenran_normal,2,37,1,203,0,0,in_active_ul
7140,5504,greenran_normal,2,38,0,0,0,0,not_in_active_ul
7140,5504,greenran_normal,2,39,0,0,0,0,not_in_active_ul
7140,5504,greenran_normal,2,40,0,0,0,0,not_in_active_ul
7140,5504,greenran_normal,2,41,0,0,0,0,not_in_active_ul
7140,5504,greenran_normal,2,42,0,0,0,0,not_in_active_ul
7140,5504,greenran_normal,2,43,0,0,0,0,not_in_active_ul
7140,5504,greenran_normal,2,44,0,0,0,0,not_in_active_ul
7140,5504,greenran_normal,2,55,0,0,0,0,not_in_active_ul
7140,5504,greenran_normal,2,56,0,0,0,0,not_in_active_ul
7140,5504,greenran_normal,2,57,0,0,0,0,not_in_active_ul
7140,5504,greenran_normal,2,58,0,0,0,0,not_in_active_ul
7140,5504,greenran_normal,2,59,0,0,0,0,not_in_active_ul
7140,5504,greenran_normal,2,60,0,0,0,0,not_in_active_ul
7140,5504,greenran_normal,2,61,0,0,0,0,not_in_active_ul
7140,5504,greenran_normal,2,62,0,0,0,0,not_in_active_ul
7140,5504,greenran_normal,2,63,0,0,0,0,not_in_active_ul
7140,5504,greenran_normal,2,64,0,0,0,0,not_in_active_ul
7281,5604,greenran_normal,0,1,1,1199628,0,0,in_active_ul
7281,5604,greenran_normal,0,2,0,0,0,0,not_in_active_ul
7281,5604,greenran_normal,0,3,1,1200005,0,0,in_active_ul
7281,5604,greenran_normal,0,4,1,1199805,0,0,in_active_ul
7281,5604,greenran_normal,0,5,1,1199251,0,0,in_active_ul
7281,5604,greenran_normal,1,6,0,0,0,0,not_in_active_ul
7281,5604,greenran_normal,1,7,0,0,0,0,not_in_active_ul
7281,5604,greenran_normal,1,8,0,0,0,0,not_in_active_ul
7281,5604,greenran_normal,1,9,0,0,0,0,not_in_active_ul
7281,5604,greenran_normal,1,10,0,0,0,0,not_in_active_ul
7281,5604,greenran_normal,1,11,0,0,0,0,not_in_active_ul
7281,5604,greenran_normal,1,12,0,0,0,0,not_in_active_ul
7281,5604,greenran_normal,1,34,0,0,0,0,not_in_active_ul
7281,5604,greenran_normal,2,35,0,0,0,0,not_in_active_ul
7281,5604,greenran_normal,2,36,0,0,0,0,not_in_active_ul
7281,5604,greenran_normal,2,37,1,147,0,0,in_active_ul
7281,5604,greenran_normal,2,38,0,0,0,0,not_in_active_ul
7281,5604,greenran_normal,2,39,0,0,0,0,not_in_active_ul
7281,5604,greenran_normal,2,40,0,0,0,0,not_in_active_ul
7281,5604,greenran_normal,2,41,0,0,0,0,not_in_active_ul
7281,5604,greenran_normal,2,42,0,0,0,0,not_in_active_ul
7281,5604,greenran_normal,2,43,0,0,0,0,not_in_active_ul
7281,5604,greenran_normal,2,44,0,0,0,0,not_in_active_ul
7281,5604,greenran_normal,2,55,0,0,0,0,not_in_active_ul
7281,5604,greenran_normal,2,56,0,0,0,0,not_in_active_ul
7281,5604,greenran_normal,2,57,0,0,0,0,not_in_active_ul
7281,5604,greenran_normal,2,58,0,0,0,0,not_in_active_ul
7281,5604,greenran_normal,2,59,0,0,0,0,not_in_active_ul
7281,5604,greenran_normal,2,60,0,0,0,0,not_in_active_ul
7281,5604,greenran_normal,2,61,0,0,0,0,not_in_active_ul
7281,5604,greenran_normal,2,62,0,0,0,0,not_in_active_ul
7281,5604,greenran_normal,2,63,0,0,0,0,not_in_active_ul
7281,5604,greenran_normal,2,64,0,0,0,0,not_in_active_ul
7444,5704,greenran_normal,0,1,1,1199962,0,0,in_active_ul
7444,5704,greenran_normal,0,2,1,1200005,0,0,in_active_ul
7444,5704,greenran_normal,0,3,1,1200005,0,0,in_active_ul
7444,5704,greenran_normal,0,4,0,0,0,0,not_in_active_ul
7444,5704,greenran_normal,0,5,1,1200005,0,0,in_active_ul
7444,5704,greenran_normal,1,6,0,0,0,0,not_in_active_ul
7444,5704,greenran_normal,1,7,0,0,0,0,not_in_active_ul
7444,5704,greenran_normal,1,8,0,0,0,0,not_in_active_ul
7444,5704,greenran_normal,1,9,0,0,0,0,not_in_active_ul
7444,5704,greenran_normal,1,10,0,0,0,0,not_in_active_ul
7444,5704,greenran_normal,1,11,0,0,0,0,not_in_active_ul
7444,5704,greenran_normal,1,12,0,0,0,0,not_in_active_ul
7444,5704,greenran_normal,1,34,0,0,0,0,not_in_active_ul
7444,5704,greenran_normal,2,35,0,0,0,0,not_in_active_ul
7444,5704,greenran_normal,2,36,0,0,0,0,not_in_active_ul
7444,5704,greenran_normal,2,37,1,147,0,0,in_active_ul
7444,5704,greenran_normal,2,38,0,0,0,0,not_in_active_ul
7444,5704,greenran_normal,2,39,0,0,0,0,not_in_active_ul
7444,5704,greenran_normal,2,40,0,0,0,0,not_in_active_ul
7444,5704,greenran_normal,2,41,0,0,0,0,not_in_active_ul
7444,5704,greenran_normal,2,42,0,0,0,0,not_in_active_ul
7444,5704,greenran_normal,2,43,0,0,0,0,not_in_active_ul
7444,5704,greenran_normal,2,44,0,0,0,0,not_in_active_ul
7444,5704,greenran_normal,2,55,0,0,0,0,not_in_active_ul
7444,5704,greenran_normal,2,56,0,0,0,0,not_in_active_ul
7444,5704,greenran_normal,2,57,0,0,0,0,not_in_active_ul
7444,5704,greenran_normal,2,58,0,0,0,0,not_in_active_ul
7444,5704,greenran_normal,2,59,0,0,0,0,not_in_active_ul
7444,5704,greenran_normal,2,60,0,0,0,0,not_in_active_ul
7444,5704,greenran_normal,2,61,0,0,0,0,not_in_active_ul
7444,5704,greenran_normal,2,62,0,0,0,0,not_in_active_ul
7444,5704,greenran_normal,2,63,0,0,0,0,not_in_active_ul
7444,5704,greenran_normal,2,64,0,0,0,0,not_in_active_ul
7586,5804,greenran_normal,0,1,1,1199927,0,0,in_active_ul
7586,5804,greenran_normal,0,2,1,1199900,0,0,in_active_ul
7586,5804,greenran_normal,0,3,1,1200005,0,0,in_active_ul
7586,5804,greenran_normal,0,4,0,0,0,0,not_in_active_ul
7586,5804,greenran_normal,0,5,0,0,0,0,not_in_active_ul
7586,5804,greenran_normal,1,6,0,0,0,0,not_in_active_ul
7586,5804,greenran_normal,1,7,0,0,0,0,not_in_active_ul
7586,5804,greenran_normal,1,8,0,0,0,0,not_in_active_ul
7586,5804,greenran_normal,1,9,0,0,0,0,not_in_active_ul
7586,5804,greenran_normal,1,10,0,0,0,0,not_in_active_ul
7586,5804,greenran_normal,1,11,0,0,0,0,not_in_active_ul
7586,5804,greenran_normal,1,12,0,0,0,0,not_in_active_ul
7586,5804,greenran_normal,1,34,0,0,0,0,not_in_active_ul
7586,5804,greenran_normal,2,35,0,0,0,0,not_in_active_ul
7586,5804,greenran_normal,2,36,0,0,0,0,not_in_active_ul
7586,5804,greenran_normal,2,37,0,0,0,0,not_in_active_ul
7586,5804,greenran_normal,2,38,0,0,0,0,not_in_active_ul
7586,5804,greenran_normal,2,39,0,0,0,0,not_in_active_ul
7586,5804,greenran_normal,2,40,0,0,0,0,not_in_active_ul
7586,5804,greenran_normal,2,41,0,0,0,0,not_in_active_ul
7586,5804,greenran_normal,2,42,0,0,0,0,not_in_active_ul
7586,5804,greenran_normal,2,43,0,0,0,0,not_in_active_ul
7586,5804,greenran_normal,2,44,0,0,0,0,not_in_active_ul
7586,5804,greenran_normal,2,55,0,0,0,0,not_in_active_ul
7586,5804,greenran_normal,2,56,0,0,0,0,not_in_active_ul
7586,5804,greenran_normal,2,57,0,0,0,0,not_in_active_ul
7586,5804,greenran_normal,2,58,0,0,0,0,not_in_active_ul
7586,5804,greenran_normal,2,59,0,0,0,0,not_in_active_ul
7586,5804,greenran_normal,2,60,0,0,0,0,not_in_active_ul
7586,5804,greenran_normal,2,61,0,0,0,0,not_in_active_ul
7586,5804,greenran_normal,2,62,0,0,0,0,not_in_active_ul
7586,5804,greenran_normal,2,63,0,0,0,0,not_in_active_ul
7586,5804,greenran_normal,2,64,0,0,0,0,not_in_active_ul
7721,5904,greenran_normal,0,1,1,1199926,0,0,in_active_ul
7721,5904,greenran_normal,0,2,1,1199945,0,0,in_active_ul
7721,5904,greenran_normal,0,3,1,1199337,0,0,in_active_ul
7721,5904,greenran_normal,0,4,1,1200005,0,0,in_active_ul
7721,5904,greenran_normal,0,5,1,1199876,0,0,in_active_ul
7721,5904,greenran_normal,1,6,0,0,0,0,not_in_active_ul
7721,5904,greenran_normal,1,7,0,0,0,0,not_in_active_ul
7721,5904,greenran_normal,1,8,0,0,0,0,not_in_active_ul
7721,5904,greenran_normal,1,9,0,0,0,0,not_in_active_ul
7721,5904,greenran_normal,1,10,0,0,0,0,not_in_active_ul
7721,5904,greenran_normal,1,11,0,0,0,0,not_in_active_ul
7721,5904,greenran_normal,1,12,0,0,0,0,not_in_active_ul
7721,5904,greenran_normal,1,34,0,0,0,0,not_in_active_ul
7721,5904,greenran_normal,2,35,0,0,0,0,not_in_active_ul
7721,5904,greenran_normal,2,36,0,0,0,0,not_in_active_ul
7721,5904,greenran_normal,2,37,1,17,0,0,in_active_ul
7721,5904,greenran_normal,2,38,0,0,0,0,not_in_active_ul
7721,5904,greenran_normal,2,39,0,0,0,0,not_in_active_ul
7721,5904,greenran_normal,2,40,0,0,0,0,not_in_active_ul
7721,5904,greenran_normal,2,41,0,0,0,0,not_in_active_ul
7721,5904,greenran_normal,2,42,0,0,0,0,not_in_active_ul
7721,5904,greenran_normal,2,43,0,0,0,0,not_in_active_ul
7721,5904,greenran_normal,2,44,0,0,0,0,not_in_active_ul
7721,5904,greenran_normal,2,55,0,0,0,0,not_in_active_ul
7721,5904,greenran_normal,2,56,0,0,0,0,not_in_active_ul
7721,5904,greenran_normal,2,57,0,0,0,0,not_in_active_ul
7721,5904,greenran_normal,2,58,0,0,0,0,not_in_active_ul
7721,5904,greenran_normal,2,59,0,0,0,0,not_in_active_ul
7721,5904,greenran_normal,2,60,0,0,0,0,not_in_active_ul
7721,5904,greenran_normal,2,61,0,0,0,0,not_in_active_ul
7721,5904,greenran_normal,2,62,0,0,0,0,not_in_active_ul
7721,5904,greenran_normal,2,63,0,0,0,0,not_in_active_ul
7721,5904,greenran_normal,2,64,0,0,0,0,not_in_active_ul
7854,6004,greenran_normal,0,1,1,1200005,0,0,in_active_ul
7854,6004,greenran_normal,0,2,1,1200005,0,0,in_active_ul
7854,6004,greenran_normal,0,3,1,1200005,0,0,in_active_ul
7854,6004,greenran_normal,0,4,0,0,0,0,not_in_active_ul
7854,6004,greenran_normal,0,5,1,1200005,0,0,in_active_ul
7854,6004,greenran_normal,1,6,0,0,0,0,not_in_active_ul
7854,6004,greenran_normal,1,7,0,0,0,0,not_in_active_ul
7854,6004,greenran_normal,1,8,0,0,0,0,not_in_active_ul
7854,6004,greenran_normal,1,9,0,0,0,0,not_in_active_ul
7854,6004,greenran_normal,1,10,0,0,0,0,not_in_active_ul
7854,6004,greenran_normal,1,11,0,0,0,0,not_in_active_ul
7854,6004,greenran_normal,1,12,0,0,0,0,not_in_active_ul
7854,6004,greenran_normal,1,34,0,0,0,0,not_in_active_ul
7854,6004,greenran_normal,2,35,0,0,0,0,not_in_active_ul
7854,6004,greenran_normal,2,36,0,0,0,0,not_in_active_ul
7854,6004,greenran_normal,2,37,0,0,0,0,not_in_active_ul
7854,6004,greenran_normal,2,38,0,0,0,0,not_in_active_ul
7854,6004,greenran_normal,2,39,0,0,0,0,not_in_active_ul
7854,6004,greenran_normal,2,40,0,0,0,0,not_in_active_ul
7854,6004,greenran_normal,2,41,0,0,0,0,not_in_active_ul
7854,6004,greenran_normal,2,42,0,0,0,0,not_in_active_ul
7854,6004,greenran_normal,2,43,0,0,0,0,not_in_active_ul
7854,6004,greenran_normal,2,44,0,0,0,0,not_in_active_ul
7854,6004,greenran_normal,2,55,0,0,0,0,not_in_active_ul
7854,6004,greenran_normal,2,56,0,0,0,0,not_in_active_ul
7854,6004,greenran_normal,2,57,0,0,0,0,not_in_active_ul
7854,6004,greenran_normal,2,58,0,0,0,0,not_in_active_ul
7854,6004,greenran_normal,2,59,0,0,0,0,not_in_active_ul
7854,6004,greenran_normal,2,60,0,0,0,0,not_in_active_ul
7854,6004,greenran_normal,2,61,0,0,0,0,not_in_active_ul
7854,6004,greenran_normal,2,62,0,0,0,0,not_in_active_ul
7854,6004,greenran_normal,2,63,0,0,0,0,not_in_active_ul
7854,6004,greenran_normal,2,64,0,0,0,0,not_in_active_ul
7995,6104,greenran_normal,0,1,0,0,0,0,not_in_active_ul
7995,6104,greenran_normal,0,2,1,1199847,0,0,in_active_ul
7995,6104,greenran_normal,0,3,1,1198931,0,0,in_active_ul
7995,6104,greenran_normal,0,4,1,1199994,0,0,in_active_ul
7995,6104,greenran_normal,0,5,1,1200005,0,0,in_active_ul
7995,6104,greenran_normal,1,6,0,0,0,0,not_in_active_ul
7995,6104,greenran_normal,1,7,0,0,0,0,not_in_active_ul
7995,6104,greenran_normal,1,8,0,0,0,0,not_in_active_ul
7995,6104,greenran_normal,1,9,0,0,0,0,not_in_active_ul
7995,6104,greenran_normal,1,10,0,0,0,0,not_in_active_ul
7995,6104,greenran_normal,1,11,0,0,0,0,not_in_active_ul
7995,6104,greenran_normal,1,12,0,0,0,0,not_in_active_ul
7995,6104,greenran_normal,1,34,0,0,0,0,not_in_active_ul
7995,6104,greenran_normal,2,35,0,0,0,0,not_in_active_ul
7995,6104,greenran_normal,2,36,0,0,0,0,not_in_active_ul
7995,6104,greenran_normal,2,37,0,0,0,0,not_in_active_ul
7995,6104,greenran_normal,2,38,0,0,0,0,not_in_active_ul
7995,6104,greenran_normal,2,39,0,0,0,0,not_in_active_ul
7995,6104,greenran_normal,2,40,0,0,0,0,not_in_active_ul
7995,6104,greenran_normal,2,41,0,0,0,0,not_in_active_ul
7995,6104,greenran_normal,2,42,0,0,0,0,not_in_active_ul
7995,6104,greenran_normal,2,43,0,0,0,0,not_in_active_ul
7995,6104,greenran_normal,2,44,0,0,0,0,not_in_active_ul
7995,6104,greenran_normal,2,55,0,0,0,0,not_in_active_ul
7995,6104,greenran_normal,2,56,0,0,0,0,not_in_active_ul
7995,6104,greenran_normal,2,57,0,0,0,0,not_in_active_ul
7995,6104,greenran_normal,2,58,0,0,0,0,not_in_active_ul
7995,6104,greenran_normal,2,59,0,0,0,0,not_in_active_ul
7995,6104,greenran_normal,2,60,0,0,0,0,not_in_active_ul
7995,6104,greenran_normal,2,61,0,0,0,0,not_in_active_ul
7995,6104,greenran_normal,2,62,0,0,0,0,not_in_active_ul
7995,6104,greenran_normal,2,63,0,0,0,0,not_in_active_ul
7995,6104,greenran_normal,2,64,0,0,0,0,not_in_active_ul
8133,6204,greenran_normal,0,1,1,1199944,0,0,in_active_ul
8133,6204,greenran_normal,0,2,1,1199942,0,0,in_active_ul
8133,6204,greenran_normal,0,3,1,1199929,0,0,in_active_ul
8133,6204,greenran_normal,0,4,0,0,0,0,not_in_active_ul
8133,6204,greenran_normal,0,5,1,1200005,0,0,in_active_ul
8133,6204,greenran_normal,1,6,0,0,0,0,not_in_active_ul
8133,6204,greenran_normal,1,7,0,0,0,0,not_in_active_ul
8133,6204,greenran_normal,1,8,0,0,0,0,not_in_active_ul
8133,6204,greenran_normal,1,9,0,0,0,0,not_in_active_ul
8133,6204,greenran_normal,1,10,0,0,0,0,not_in_active_ul
8133,6204,greenran_normal,1,11,0,0,0,0,not_in_active_ul
8133,6204,greenran_normal,1,12,0,0,0,0,not_in_active_ul
8133,6204,greenran_normal,1,34,0,0,0,0,not_in_active_ul
8133,6204,greenran_normal,2,35,0,0,0,0,not_in_active_ul
8133,6204,greenran_normal,2,36,0,0,0,0,not_in_active_ul
8133,6204,greenran_normal,2,37,0,0,0,0,not_in_active_ul
8133,6204,greenran_normal,2,38,0,0,0,0,not_in_active_ul
8133,6204,greenran_normal,2,39,0,0,0,0,not_in_active_ul
8133,6204,greenran_normal,2,40,0,0,0,0,not_in_active_ul
8133,6204,greenran_normal,2,41,0,0,0,0,not_in_active_ul
8133,6204,greenran_normal,2,42,0,0,0,0,not_in_active_ul
8133,6204,greenran_normal,2,43,0,0,0,0,not_in_active_ul
8133,6204,greenran_normal,2,44,0,0,0,0,not_in_active_ul
8133,6204,greenran_normal,2,55,0,0,0,0,not_in_active_ul
8133,6204,greenran_normal,2,56,0,0,0,0,not_in_active_ul
8133,6204,greenran_normal,2,57,0,0,0,0,not_in_active_ul
8133,6204,greenran_normal,2,58,0,0,0,0,not_in_active_ul
8133,6204,greenran_normal,2,59,0,0,0,0,not_in_active_ul
8133,6204,greenran_normal,2,60,0,0,0,0,not_in_active_ul
8133,6204,greenran_normal,2,61,0,0,0,0,not_in_active_ul
8133,6204,greenran_normal,2,62,0,0,0,0,not_in_active_ul
8133,6204,greenran_normal,2,63,0,0,0,0,not_in_active_ul
8133,6204,greenran_normal,2,64,0,0,0,0,not_in_active_ul
8260,6304,greenran_normal,0,1,1,1200005,0,0,in_active_ul
8260,6304,greenran_normal,0,2,1,1200005,0,0,in_active_ul
8260,6304,greenran_normal,0,3,1,1200005,0,0,in_active_ul
8260,6304,greenran_normal,0,4,0,0,0,0,not_in_active_ul
8260,6304,greenran_normal,0,5,1,1200005,0,0,in_active_ul
8260,6304,greenran_normal,1,6,0,0,0,0,not_in_active_ul
8260,6304,greenran_normal,1,7,0,0,0,0,not_in_active_ul
8260,6304,greenran_normal,1,8,0,0,0,0,not_in_active_ul
8260,6304,greenran_normal,1,9,0,0,0,0,not_in_active_ul
8260,6304,greenran_normal,1,10,0,0,0,0,not_in_active_ul
8260,6304,greenran_normal,1,11,0,0,0,0,not_in_active_ul
8260,6304,greenran_normal,1,12,0,0,0,0,not_in_active_ul
8260,6304,greenran_normal,1,34,0,0,0,0,not_in_active_ul
8260,6304,greenran_normal,2,35,0,0,0,0,not_in_active_ul
8260,6304,greenran_normal,2,36,0,0,0,0,not_in_active_ul
8260,6304,greenran_normal,2,37,1,51,0,0,in_active_ul
8260,6304,greenran_normal,2,38,0,0,0,0,not_in_active_ul
8260,6304,greenran_normal,2,39,0,0,0,0,not_in_active_ul
8260,6304,greenran_normal,2,40,0,0,0,0,not_in_active_ul
8260,6304,greenran_normal,2,41,0,0,0,0,not_in_active_ul
8260,6304,greenran_normal,2,42,0,0,0,0,not_in_active_ul
8260,6304,greenran_normal,2,43,0,0,0,0,not_in_active_ul
8260,6304,greenran_normal,2,44,0,0,0,0,not_in_active_ul
8260,6304,greenran_normal,2,55,0,0,0,0,not_in_active_ul
8260,6304,greenran_normal,2,56,0,0,0,0,not_in_active_ul
8260,6304,greenran_normal,2,57,0,0,0,0,not_in_active_ul
8260,6304,greenran_normal,2,58,0,0,0,0,not_in_active_ul
8260,6304,greenran_normal,2,59,0,0,0,0,not_in_active_ul
8260,6304,greenran_normal,2,60,0,0,0,0,not_in_active_ul
8260,6304,greenran_normal,2,61,0,0,0,0,not_in_active_ul
8260,6304,greenran_normal,2,62,0,0,0,0,not_in_active_ul
8260,6304,greenran_normal,2,63,0,0,0,0,not_in_active_ul
8260,6304,greenran_normal,2,64,0,0,0,0,not_in_active_ul
8410,6404,greenran_normal,0,1,0,0,0,0,not_in_active_ul
8410,6404,greenran_normal,0,2,1,1200005,0,0,in_active_ul
8410,6404,greenran_normal,0,3,0,0,0,0,not_in_active_ul
8410,6404,greenran_normal,0,4,0,0,0,0,not_in_active_ul
8410,6404,greenran_normal,0,5,0,0,0,0,not_in_active_ul
8410,6404,greenran_normal,1,6,0,0,0,0,not_in_active_ul
8410,6404,greenran_normal,1,7,0,0,0,0,not_in_active_ul
8410,6404,greenran_normal,1,8,0,0,0,0,not_in_active_ul
8410,6404,greenran_normal,1,9,0,0,0,0,not_in_active_ul
8410,6404,greenran_normal,1,10,0,0,0,0,not_in_active_ul
8410,6404,greenran_normal,1,11,0,0,0,0,not_in_active_ul
8410,6404,greenran_normal,1,12,0,0,0,0,not_in_active_ul
8410,6404,greenran_normal,1,34,0,0,0,0,not_in_active_ul
8410,6404,greenran_normal,2,35,0,0,0,0,not_in_active_ul
8410,6404,greenran_normal,2,36,0,0,0,0,not_in_active_ul
8410,6404,greenran_normal,2,37,0,0,0,0,not_in_active_ul
8410,6404,greenran_normal,2,38,0,0,0,0,not_in_active_ul
8410,6404,greenran_normal,2,39,0,0,0,0,not_in_active_ul
8410,6404,greenran_normal,2,40,0,0,0,0,not_in_active_ul
8410,6404,greenran_normal,2,41,0,0,0,0,not_in_active_ul
8410,6404,greenran_normal,2,42,0,0,0,0,not_in_active_ul
8410,6404,greenran_normal,2,43,0,0,0,0,not_in_active_ul
8410,6404,greenran_normal,2,44,0,0,0,0,not_in_active_ul
8410,6404,greenran_normal,2,55,0,0,0,0,not_in_active_ul
8410,6404,greenran_normal,2,56,1,147,0,0,in_active_ul
8410,6404,greenran_normal,2,57,0,0,0,0,not_in_active_ul
8410,6404,greenran_normal,2,58,0,0,0,0,not_in_active_ul
8410,6404,greenran_normal,2,59,0,0,0,0,not_in_active_ul
8410,6404,greenran_normal,2,60,0,0,0,0,not_in_active_ul
8410,6404,greenran_normal,2,61,0,0,0,0,not_in_active_ul
8410,6404,greenran_normal,2,62,0,0,0,0,not_in_active_ul
8410,6404,greenran_normal,2,63,0,0,0,0,not_in_active_ul
8410,6404,greenran_normal,2,64,0,0,0,0,not_in_active_ul
8566,6504,greenran_normal,0,1,1,1199990,0,0,in_active_ul
8566,6504,greenran_normal,0,2,1,1200005,0,0,in_active_ul
8566,6504,greenran_normal,0,3,1,1200005,0,0,in_active_ul
8566,6504,greenran_normal,0,4,0,0,0,0,not_in_active_ul
8566,6504,greenran_normal,0,5,1,1200005,0,0,in_active_ul
8566,6504,greenran_normal,1,6,0,0,0,0,not_in_active_ul
8566,6504,greenran_normal,1,7,0,0,0,0,not_in_active_ul
8566,6504,greenran_normal,1,8,0,0,0,0,not_in_active_ul
8566,6504,greenran_normal,1,9,0,0,0,0,not_in_active_ul
8566,6504,greenran_normal,1,10,0,0,0,0,not_in_active_ul
8566,6504,greenran_normal,1,11,0,0,0,0,not_in_active_ul
8566,6504,greenran_normal,1,12,0,0,0,0,not_in_active_ul
8566,6504,greenran_normal,1,34,0,0,0,0,not_in_active_ul
8566,6504,greenran_normal,2,35,0,0,0,0,not_in_active_ul
8566,6504,greenran_normal,2,36,0,0,0,0,not_in_active_ul
8566,6504,greenran_normal,2,37,0,0,0,0,not_in_active_ul
8566,6504,greenran_normal,2,38,0,0,0,0,not_in_active_ul
8566,6504,greenran_normal,2,39,0,0,0,0,not_in_active_ul
8566,6504,greenran_normal,2,40,0,0,0,0,not_in_active_ul
8566,6504,greenran_normal,2,41,1,58,0,0,in_active_ul
8566,6504,greenran_normal,2,42,0,0,0,0,not_in_active_ul
8566,6504,greenran_normal,2,43,0,0,0,0,not_in_active_ul
8566,6504,greenran_normal,2,44,0,0,0,0,not_in_active_ul
8566,6504,greenran_normal,2,55,1,58,0,0,in_active_ul
8566,6504,greenran_normal,2,56,0,0,0,0,not_in_active_ul
8566,6504,greenran_normal,2,57,0,0,0,0,not_in_active_ul
8566,6504,greenran_normal,2,58,0,0,0,0,not_in_active_ul
8566,6504,greenran_normal,2,59,0,0,0,0,not_in_active_ul
8566,6504,greenran_normal,2,60,0,0,0,0,not_in_active_ul
8566,6504,greenran_normal,2,61,0,0,0,0,not_in_active_ul
8566,6504,greenran_normal,2,62,1,58,0,0,in_active_ul
8566,6504,greenran_normal,2,63,0,0,0,0,not_in_active_ul
8566,6504,greenran_normal,2,64,0,0,0,0,not_in_active_ul
8720,6604,greenran_normal,0,1,1,1199908,0,0,in_active_ul
8720,6604,greenran_normal,0,2,1,1200005,0,0,in_active_ul
8720,6604,greenran_normal,0,3,1,1199941,0,0,in_active_ul
8720,6604,greenran_normal,0,4,0,0,0,0,not_in_active_ul
8720,6604,greenran_normal,0,5,1,1199865,0,0,in_active_ul
8720,6604,greenran_normal,1,6,0,0,0,0,not_in_active_ul
8720,6604,greenran_normal,1,7,0,0,0,0,not_in_active_ul
8720,6604,greenran_normal,1,8,0,0,0,0,not_in_active_ul
8720,6604,greenran_normal,1,9,0,0,0,0,not_in_active_ul
8720,6604,greenran_normal,1,10,0,0,0,0,not_in_active_ul
8720,6604,greenran_normal,1,11,0,0,0,0,not_in_active_ul
8720,6604,greenran_normal,1,12,0,0,0,0,not_in_active_ul
8720,6604,greenran_normal,1,34,0,0,0,0,not_in_active_ul
8720,6604,greenran_normal,2,35,0,0,0,0,not_in_active_ul
8720,6604,greenran_normal,2,36,0,0,0,0,not_in_active_ul
8720,6604,greenran_normal,2,37,0,0,0,0,not_in_active_ul
8720,6604,greenran_normal,2,38,0,0,0,0,not_in_active_ul
8720,6604,greenran_normal,2,39,0,0,0,0,not_in_active_ul
8720,6604,greenran_normal,2,40,0,0,0,0,not_in_active_ul
8720,6604,greenran_normal,2,41,0,0,0,0,not_in_active_ul
8720,6604,greenran_normal,2,42,0,0,0,0,not_in_active_ul
8720,6604,greenran_normal,2,43,0,0,0,0,not_in_active_ul
8720,6604,greenran_normal,2,44,0,0,0,0,not_in_active_ul
8720,6604,greenran_normal,2,55,0,0,0,0,not_in_active_ul
8720,6604,greenran_normal,2,56,0,0,0,0,not_in_active_ul
8720,6604,greenran_normal,2,57,0,0,0,0,not_in_active_ul
8720,6604,greenran_normal,2,58,0,0,0,0,not_in_active_ul
8720,6604,greenran_normal,2,59,0,0,0,0,not_in_active_ul
8720,6604,greenran_normal,2,60,0,0,0,0,not_in_active_ul
8720,6604,greenran_normal,2,61,0,0,0,0,not_in_active_ul
8720,6604,greenran_normal,2,62,0,0,0,0,not_in_active_ul
8720,6604,greenran_normal,2,63,0,0,0,0,not_in_active_ul
8720,6604,greenran_normal,2,64,0,0,0,0,not_in_active_ul
8843,6704,greenran_normal,0,1,1,1200005,0,0,in_active_ul
8843,6704,greenran_normal,0,2,1,1200005,0,0,in_active_ul
8843,6704,greenran_normal,0,3,1,1200005,0,0,in_active_ul
8843,6704,greenran_normal,0,4,1,1200005,0,0,in_active_ul
8843,6704,greenran_normal,0,5,0,0,0,0,not_in_active_ul
8843,6704,greenran_normal,1,6,0,0,0,0,not_in_active_ul
8843,6704,greenran_normal,1,7,0,0,0,0,not_in_active_ul
8843,6704,greenran_normal,1,8,0,0,0,0,not_in_active_ul
8843,6704,greenran_normal,1,9,0,0,0,0,not_in_active_ul
8843,6704,greenran_normal,1,10,0,0,0,0,not_in_active_ul
8843,6704,greenran_normal,1,11,0,0,0,0,not_in_active_ul
8843,6704,greenran_normal,1,12,0,0,0,0,not_in_active_ul
8843,6704,greenran_normal,1,34,0,0,0,0,not_in_active_ul
8843,6704,greenran_normal,2,35,0,0,0,0,not_in_active_ul
8843,6704,greenran_normal,2,36,0,0,0,0,not_in_active_ul
8843,6704,greenran_normal,2,37,0,0,0,0,not_in_active_ul
8843,6704,greenran_normal,2,38,0,0,0,0,not_in_active_ul
8843,6704,greenran_normal,2,39,0,0,0,0,not_in_active_ul
8843,6704,greenran_normal,2,40,0,0,0,0,not_in_active_ul
8843,6704,greenran_normal,2,41,0,0,0,0,not_in_active_ul
8843,6704,greenran_normal,2,42,0,0,0,0,not_in_active_ul
8843,6704,greenran_normal,2,43,0,0,0,0,not_in_active_ul
8843,6704,greenran_normal,2,44,0,0,0,0,not_in_active_ul
8843,6704,greenran_normal,2,55,0,0,0,0,not_in_active_ul
8843,6704,greenran_normal,2,56,0,0,0,0,not_in_active_ul
8843,6704,greenran_normal,2,57,0,0,0,0,not_in_active_ul
8843,6704,greenran_normal,2,58,0,0,0,0,not_in_active_ul
8843,6704,greenran_normal,2,59,0,0,0,0,not_in_active_ul
8843,6704,greenran_normal,2,60,0,0,0,0,not_in_active_ul
8843,6704,greenran_normal,2,61,0,0,0,0,not_in_active_ul
8843,6704,greenran_normal,2,62,0,0,0,0,not_in_active_ul
8843,6704,greenran_normal,2,63,0,0,0,0,not_in_active_ul
8843,6704,greenran_normal,2,64,0,0,0,0,not_in_active_ul
8996,6804,greenran_normal,0,1,1,1199904,0,0,in_active_ul
8996,6804,greenran_normal,0,2,1,1199904,0,0,in_active_ul
8996,6804,greenran_normal,0,3,0,0,0,0,not_in_active_ul
8996,6804,greenran_normal,0,4,0,0,0,0,not_in_active_ul
8996,6804,greenran_normal,0,5,0,0,0,0,not_in_active_ul
8996,6804,greenran_normal,1,6,0,0,0,0,not_in_active_ul
8996,6804,greenran_normal,1,7,0,0,0,0,not_in_active_ul
8996,6804,greenran_normal,1,8,0,0,0,0,not_in_active_ul
8996,6804,greenran_normal,1,9,0,0,0,0,not_in_active_ul
8996,6804,greenran_normal,1,10,0,0,0,0,not_in_active_ul
8996,6804,greenran_normal,1,11,0,0,0,0,not_in_active_ul
8996,6804,greenran_normal,1,12,0,0,0,0,not_in_active_ul
8996,6804,greenran_normal,1,34,0,0,0,0,not_in_active_ul
8996,6804,greenran_normal,2,35,0,0,0,0,not_in_active_ul
8996,6804,greenran_normal,2,36,0,0,0,0,not_in_active_ul
8996,6804,greenran_normal,2,37,0,0,0,0,not_in_active_ul
8996,6804,greenran_normal,2,38,0,0,0,0,not_in_active_ul
8996,6804,greenran_normal,2,39,0,0,0,0,not_in_active_ul
8996,6804,greenran_normal,2,40,1,203,0,0,in_active_ul
8996,6804,greenran_normal,2,41,1,203,0,0,in_active_ul
8996,6804,greenran_normal,2,42,0,0,0,0,not_in_active_ul
8996,6804,greenran_normal,2,43,0,0,0,0,not_in_active_ul
8996,6804,greenran_normal,2,44,0,0,0,0,not_in_active_ul
8996,6804,greenran_normal,2,55,1,203,0,0,in_active_ul
8996,6804,greenran_normal,2,56,1,203,0,0,in_active_ul
8996,6804,greenran_normal,2,57,0,0,0,0,not_in_active_ul
8996,6804,greenran_normal,2,58,0,0,0,0,not_in_active_ul
8996,6804,greenran_normal,2,59,0,0,0,0,not_in_active_ul
8996,6804,greenran_normal,2,60,0,0,0,0,not_in_active_ul
8996,6804,greenran_normal,2,61,0,0,0,0,not_in_active_ul
8996,6804,greenran_normal,2,62,1,203,0,0,in_active_ul
8996,6804,greenran_normal,2,63,0,0,0,0,not_in_active_ul
8996,6804,greenran_normal,2,64,0,0,0,0,not_in_active_ul
9147,6904,greenran_normal,0,1,1,1200005,0,0,in_active_ul
9147,6904,greenran_normal,0,2,1,1200005,0,0,in_active_ul
9147,6904,greenran_normal,0,3,1,1200005,0,0,in_active_ul
9147,6904,greenran_normal,0,4,0,0,0,0,not_in_active_ul
9147,6904,greenran_normal,0,5,1,1200005,0,0,in_active_ul
9147,6904,greenran_normal,1,6,0,0,0,0,not_in_active_ul
9147,6904,greenran_normal,1,7,0,0,0,0,not_in_active_ul
9147,6904,greenran_normal,1,8,0,0,0,0,not_in_active_ul
9147,6904,greenran_normal,1,9,0,0,0,0,not_in_active_ul
9147,6904,greenran_normal,1,10,0,0,0,0,not_in_active_ul
9147,6904,greenran_normal,1,11,0,0,0,0,not_in_active_ul
9147,6904,greenran_normal,1,12,0,0,0,0,not_in_active_ul
9147,6904,greenran_normal,1,34,0,0,0,0,not_in_active_ul
9147,6904,greenran_normal,2,35,0,0,0,0,not_in_active_ul
9147,6904,greenran_normal,2,36,0,0,0,0,not_in_active_ul
9147,6904,greenran_normal,2,37,1,107,0,0,in_active_ul
9147,6904,greenran_normal,2,38,0,0,0,0,not_in_active_ul
9147,6904,greenran_normal,2,39,0,0,0,0,not_in_active_ul
9147,6904,greenran_normal,2,40,0,0,0,0,not_in_active_ul
9147,6904,greenran_normal,2,41,0,0,0,0,not_in_active_ul
9147,6904,greenran_normal,2,42,0,0,0,0,not_in_active_ul
9147,6904,greenran_normal,2,43,0,0,0,0,not_in_active_ul
9147,6904,greenran_normal,2,44,0,0,0,0,not_in_active_ul
9147,6904,greenran_normal,2,55,0,0,0,0,not_in_active_ul
9147,6904,greenran_normal,2,56,0,0,0,0,not_in_active_ul
9147,6904,greenran_normal,2,57,0,0,0,0,not_in_active_ul
9147,6904,greenran_normal,2,58,0,0,0,0,not_in_active_ul
9147,6904,greenran_normal,2,59,0,0,0,0,not_in_active_ul
9147,6904,greenran_normal,2,60,0,0,0,0,not_in_active_ul
9147,6904,greenran_normal,2,61,0,0,0,0,not_in_active_ul
9147,6904,greenran_normal,2,62,0,0,0,0,not_in_active_ul
9147,6904,greenran_normal,2,63,0,0,0,0,not_in_active_ul
9147,6904,greenran_normal,2,64,0,0,0,0,not_in_active_ul
9289,7004,greenran_normal,0,1,1,1199914,0,0,in_active_ul
9289,7004,greenran_normal,0,2,1,1199921,0,0,in_active_ul
9289,7004,greenran_normal,0,3,1,1199179,0,0,in_active_ul
9289,7004,greenran_normal,0,4,0,0,0,0,not_in_active_ul
9289,7004,greenran_normal,0,5,1,1199891,0,0,in_active_ul
9289,7004,greenran_normal,1,6,0,0,0,0,not_in_active_ul
9289,7004,greenran_normal,1,7,0,0,0,0,not_in_active_ul
9289,7004,greenran_normal,1,8,0,0,0,0,not_in_active_ul
9289,7004,greenran_normal,1,9,0,0,0,0,not_in_active_ul
9289,7004,greenran_normal,1,10,0,0,0,0,not_in_active_ul
9289,7004,greenran_normal,1,11,0,0,0,0,not_in_active_ul
9289,7004,greenran_normal,1,12,0,0,0,0,not_in_active_ul
9289,7004,greenran_normal,1,34,0,0,0,0,not_in_active_ul
9289,7004,greenran_normal,2,35,0,0,0,0,not_in_active_ul
9289,7004,greenran_normal,2,36,0,0,0,0,not_in_active_ul
9289,7004,greenran_normal,2,37,0,0,0,0,not_in_active_ul
9289,7004,greenran_normal,2,38,0,0,0,0,not_in_active_ul
9289,7004,greenran_normal,2,39,0,0,0,0,not_in_active_ul
9289,7004,greenran_normal,2,40,0,0,0,0,not_in_active_ul
9289,7004,greenran_normal,2,41,0,0,0,0,not_in_active_ul
9289,7004,greenran_normal,2,42,0,0,0,0,not_in_active_ul
9289,7004,greenran_normal,2,43,0,0,0,0,not_in_active_ul
9289,7004,greenran_normal,2,44,0,0,0,0,not_in_active_ul
9289,7004,greenran_normal,2,55,0,0,0,0,not_in_active_ul
9289,7004,greenran_normal,2,56,0,0,0,0,not_in_active_ul
9289,7004,greenran_normal,2,57,0,0,0,0,not_in_active_ul
9289,7004,greenran_normal,2,58,0,0,0,0,not_in_active_ul
9289,7004,greenran_normal,2,59,0,0,0,0,not_in_active_ul
9289,7004,greenran_normal,2,60,0,0,0,0,not_in_active_ul
9289,7004,greenran_normal,2,61,0,0,0,0,not_in_active_ul
9289,7004,greenran_normal,2,62,0,0,0,0,not_in_active_ul
9289,7004,greenran_normal,2,63,0,0,0,0,not_in_active_ul
9289,7004,greenran_normal,2,64,0,0,0,0,not_in_active_ul
9413,7104,greenran_normal,0,1,1,1199953,0,0,in_active_ul
9413,7104,greenran_normal,0,2,1,1199953,0,0,in_active_ul
9413,7104,greenran_normal,0,3,1,1200005,0,0,in_active_ul
9413,7104,greenran_normal,0,4,0,0,0,0,not_in_active_ul
9413,7104,greenran_normal,0,5,1,1200005,0,0,in_active_ul
9413,7104,greenran_normal,1,6,0,0,0,0,not_in_active_ul
9413,7104,greenran_normal,1,7,0,0,0,0,not_in_active_ul
9413,7104,greenran_normal,1,8,0,0,0,0,not_in_active_ul
9413,7104,greenran_normal,1,9,0,0,0,0,not_in_active_ul
9413,7104,greenran_normal,1,10,0,0,0,0,not_in_active_ul
9413,7104,greenran_normal,1,11,0,0,0,0,not_in_active_ul
9413,7104,greenran_normal,1,12,0,0,0,0,not_in_active_ul
9413,7104,greenran_normal,1,34,0,0,0,0,not_in_active_ul
9413,7104,greenran_normal,2,35,0,0,0,0,not_in_active_ul
9413,7104,greenran_normal,2,36,0,0,0,0,not_in_active_ul
9413,7104,greenran_normal,2,37,0,0,0,0,not_in_active_ul
9413,7104,greenran_normal,2,38,0,0,0,0,not_in_active_ul
9413,7104,greenran_normal,2,39,0,0,0,0,not_in_active_ul
9413,7104,greenran_normal,2,40,0,0,0,0,not_in_active_ul
9413,7104,greenran_normal,2,41,0,0,0,0,not_in_active_ul
9413,7104,greenran_normal,2,42,0,0,0,0,not_in_active_ul
9413,7104,greenran_normal,2,43,0,0,0,0,not_in_active_ul
9413,7104,greenran_normal,2,44,0,0,0,0,not_in_active_ul
9413,7104,greenran_normal,2,55,0,0,0,0,not_in_active_ul
9413,7104,greenran_normal,2,56,0,0,0,0,not_in_active_ul
9413,7104,greenran_normal,2,57,0,0,0,0,not_in_active_ul
9413,7104,greenran_normal,2,58,0,0,0,0,not_in_active_ul
9413,7104,greenran_normal,2,59,0,0,0,0,not_in_active_ul
9413,7104,greenran_normal,2,60,0,0,0,0,not_in_active_ul
9413,7104,greenran_normal,2,61,0,0,0,0,not_in_active_ul
9413,7104,greenran_normal,2,62,0,0,0,0,not_in_active_ul
9413,7104,greenran_normal,2,63,0,0,0,0,not_in_active_ul
9413,7104,greenran_normal,2,64,0,0,0,0,not_in_active_ul
9557,7204,greenran_normal,0,1,1,1199946,0,0,in_active_ul
9557,7204,greenran_normal,0,2,1,1199923,0,0,in_active_ul
9557,7204,greenran_normal,0,3,1,1199496,0,0,in_active_ul
9557,7204,greenran_normal,0,4,0,0,0,0,not_in_active_ul
9557,7204,greenran_normal,0,5,1,1199882,0,0,in_active_ul
9557,7204,greenran_normal,1,6,0,0,0,0,not_in_active_ul
9557,7204,greenran_normal,1,7,0,0,0,0,not_in_active_ul
9557,7204,greenran_normal,1,8,0,0,0,0,not_in_active_ul
9557,7204,greenran_normal,1,9,0,0,0,0,not_in_active_ul
9557,7204,greenran_normal,1,10,0,0,0,0,not_in_active_ul
9557,7204,greenran_normal,1,11,0,0,0,0,not_in_active_ul
9557,7204,greenran_normal,1,12,0,0,0,0,not_in_active_ul
9557,7204,greenran_normal,1,34,0,0,0,0,not_in_active_ul
9557,7204,greenran_normal,2,35,0,0,0,0,not_in_active_ul
9557,7204,greenran_normal,2,36,0,0,0,0,not_in_active_ul
9557,7204,greenran_normal,2,37,0,0,0,0,not_in_active_ul
9557,7204,greenran_normal,2,38,0,0,0,0,not_in_active_ul
9557,7204,greenran_normal,2,39,0,0,0,0,not_in_active_ul
9557,7204,greenran_normal,2,40,0,0,0,0,not_in_active_ul
9557,7204,greenran_normal,2,41,0,0,0,0,not_in_active_ul
9557,7204,greenran_normal,2,42,0,0,0,0,not_in_active_ul
9557,7204,greenran_normal,2,43,0,0,0,0,not_in_active_ul
9557,7204,greenran_normal,2,44,0,0,0,0,not_in_active_ul
9557,7204,greenran_normal,2,55,0,0,0,0,not_in_active_ul
9557,7204,greenran_normal,2,56,0,0,0,0,not_in_active_ul
9557,7204,greenran_normal,2,57,0,0,0,0,not_in_active_ul
9557,7204,greenran_normal,2,58,0,0,0,0,not_in_active_ul
9557,7204,greenran_normal,2,59,0,0,0,0,not_in_active_ul
9557,7204,greenran_normal,2,60,0,0,0,0,not_in_active_ul
9557,7204,greenran_normal,2,61,0,0,0,0,not_in_active_ul
9557,7204,greenran_normal,2,62,0,0,0,0,not_in_active_ul
9557,7204,greenran_normal,2,63,0,0,0,0,not_in_active_ul
9557,7204,greenran_normal,2,64,0,0,0,0,not_in_active_ul
9703,7304,greenran_normal,0,1,0,0,0,0,not_in_active_ul
9703,7304,greenran_normal,0,2,0,0,0,0,not_in_active_ul
9703,7304,greenran_normal,0,3,1,1200005,0,0,in_active_ul
9703,7304,greenran_normal,0,4,1,1199885,0,0,in_active_ul
9703,7304,greenran_normal,0,5,1,1200005,0,0,in_active_ul
9703,7304,greenran_normal,1,6,0,0,0,0,not_in_active_ul
9703,7304,greenran_normal,1,7,0,0,0,0,not_in_active_ul
9703,7304,greenran_normal,1,8,0,0,0,0,not_in_active_ul
9703,7304,greenran_normal,1,9,0,0,0,0,not_in_active_ul
9703,7304,greenran_normal,1,10,0,0,0,0,not_in_active_ul
9703,7304,greenran_normal,1,11,0,0,0,0,not_in_active_ul
9703,7304,greenran_normal,1,12,0,0,0,0,not_in_active_ul
9703,7304,greenran_normal,1,34,0,0,0,0,not_in_active_ul
9703,7304,greenran_normal,2,35,0,0,0,0,not_in_active_ul
9703,7304,greenran_normal,2,36,0,0,0,0,not_in_active_ul
9703,7304,greenran_normal,2,37,0,0,0,0,not_in_active_ul
9703,7304,greenran_normal,2,38,0,0,0,0,not_in_active_ul
9703,7304,greenran_normal,2,39,0,0,0,0,not_in_active_ul
9703,7304,greenran_normal,2,40,0,0,0,0,not_in_active_ul
9703,7304,greenran_normal,2,41,0,0,0,0,not_in_active_ul
9703,7304,greenran_normal,2,42,0,0,0,0,not_in_active_ul
9703,7304,greenran_normal,2,43,0,0,0,0,not_in_active_ul
9703,7304,greenran_normal,2,44,0,0,0,0,not_in_active_ul
9703,7304,greenran_normal,2,55,0,0,0,0,not_in_active_ul
9703,7304,greenran_normal,2,56,0,0,0,0,not_in_active_ul
9703,7304,greenran_normal,2,57,0,0,0,0,not_in_active_ul
9703,7304,greenran_normal,2,58,0,0,0,0,not_in_active_ul
9703,7304,greenran_normal,2,59,0,0,0,0,not_in_active_ul
9703,7304,greenran_normal,2,60,0,0,0,0,not_in_active_ul
9703,7304,greenran_normal,2,61,0,0,0,0,not_in_active_ul
9703,7304,greenran_normal,2,62,0,0,0,0,not_in_active_ul
9703,7304,greenran_normal,2,63,0,0,0,0,not_in_active_ul
9703,7304,greenran_normal,2,64,0,0,0,0,not_in_active_ul
9835,7404,greenran_normal,0,1,1,1200005,0,0,in_active_ul
9835,7404,greenran_normal,0,2,1,1200005,0,0,in_active_ul
9835,7404,greenran_normal,0,3,1,1200005,0,0,in_active_ul
9835,7404,greenran_normal,0,4,0,0,0,0,not_in_active_ul
9835,7404,greenran_normal,0,5,1,1200005,0,0,in_active_ul
9835,7404,greenran_normal,1,6,0,0,0,0,not_in_active_ul
9835,7404,greenran_normal,1,7,0,0,0,0,not_in_active_ul
9835,7404,greenran_normal,1,8,0,0,0,0,not_in_active_ul
9835,7404,greenran_normal,1,9,0,0,0,0,not_in_active_ul
9835,7404,greenran_normal,1,10,0,0,0,0,not_in_active_ul
9835,7404,greenran_normal,1,11,0,0,0,0,not_in_active_ul
9835,7404,greenran_normal,1,12,0,0,0,0,not_in_active_ul
9835,7404,greenran_normal,1,34,0,0,0,0,not_in_active_ul
9835,7404,greenran_normal,2,35,0,0,0,0,not_in_active_ul
9835,7404,greenran_normal,2,36,0,0,0,0,not_in_active_ul
9835,7404,greenran_normal,2,37,0,0,0,0,not_in_active_ul
9835,7404,greenran_normal,2,38,0,0,0,0,not_in_active_ul
9835,7404,greenran_normal,2,39,0,0,0,0,not_in_active_ul
9835,7404,greenran_normal,2,40,0,0,0,0,not_in_active_ul
9835,7404,greenran_normal,2,41,0,0,0,0,not_in_active_ul
9835,7404,greenran_normal,2,42,0,0,0,0,not_in_active_ul
9835,7404,greenran_normal,2,43,0,0,0,0,not_in_active_ul
9835,7404,greenran_normal,2,44,0,0,0,0,not_in_active_ul
9835,7404,greenran_normal,2,55,0,0,0,0,not_in_active_ul
9835,7404,greenran_normal,2,56,0,0,0,0,not_in_active_ul
9835,7404,greenran_normal,2,57,0,0,0,0,not_in_active_ul
9835,7404,greenran_normal,2,58,0,0,0,0,not_in_active_ul
9835,7404,greenran_normal,2,59,0,0,0,0,not_in_active_ul
9835,7404,greenran_normal,2,60,0,0,0,0,not_in_active_ul
9835,7404,greenran_normal,2,61,0,0,0,0,not_in_active_ul
9835,7404,greenran_normal,2,62,0,0,0,0,not_in_active_ul
9835,7404,greenran_normal,2,63,0,0,0,0,not_in_active_ul
9835,7404,greenran_normal,2,64,0,0,0,0,not_in_active_ul
9985,7504,greenran_normal,0,1,1,1200005,0,0,in_active_ul
9985,7504,greenran_normal,0,2,1,1200005,0,0,in_active_ul
9985,7504,greenran_normal,0,3,1,1200005,0,0,in_active_ul
9985,7504,greenran_normal,0,4,1,1200005,0,0,in_active_ul
9985,7504,greenran_normal,0,5,1,1200005,0,0,in_active_ul
9985,7504,greenran_normal,1,6,0,0,0,0,not_in_active_ul
9985,7504,greenran_normal,1,7,0,0,0,0,not_in_active_ul
9985,7504,greenran_normal,1,8,0,0,0,0,not_in_active_ul
9985,7504,greenran_normal,1,9,0,0,0,0,not_in_active_ul
9985,7504,greenran_normal,1,10,0,0,0,0,not_in_active_ul
9985,7504,greenran_normal,1,11,0,0,0,0,not_in_active_ul
9985,7504,greenran_normal,1,12,0,0,0,0,not_in_active_ul
9985,7504,greenran_normal,1,34,0,0,0,0,not_in_active_ul
9985,7504,greenran_normal,2,35,0,0,0,0,not_in_active_ul
9985,7504,greenran_normal,2,36,0,0,0,0,not_in_active_ul
9985,7504,greenran_normal,2,37,1,281,0,0,in_active_ul
9985,7504,greenran_normal,2,38,0,0,0,0,not_in_active_ul
9985,7504,greenran_normal,2,39,0,0,0,0,not_in_active_ul
9985,7504,greenran_normal,2,40,0,0,0,0,not_in_active_ul
9985,7504,greenran_normal,2,41,0,0,0,0,not_in_active_ul
9985,7504,greenran_normal,2,42,0,0,0,0,not_in_active_ul
9985,7504,greenran_normal,2,43,0,0,0,0,not_in_active_ul
9985,7504,greenran_normal,2,44,0,0,0,0,not_in_active_ul
9985,7504,greenran_normal,2,55,0,0,0,0,not_in_active_ul
9985,7504,greenran_normal,2,56,0,0,0,0,not_in_active_ul
9985,7504,greenran_normal,2,57,0,0,0,0,not_in_active_ul
9985,7504,greenran_normal,2,58,0,0,0,0,not_in_active_ul
9985,7504,greenran_normal,2,59,0,0,0,0,not_in_active_ul
9985,7504,greenran_normal,2,60,0,0,0,0,not_in_active_ul
9985,7504,greenran_normal,2,61,0,0,0,0,not_in_active_ul
9985,7504,greenran_normal,2,62,0,0,0,0,not_in_active_ul
9985,7504,greenran_normal,2,63,0,0,0,0,not_in_active_ul
9985,7504,greenran_normal,2,64,0,0,0,0,not_in_active_ul
10132,7604,greenran_normal,0,1,1,1199888,0,0,in_active_ul
10132,7604,greenran_normal,0,2,1,1199947,0,0,in_active_ul
10132,7604,greenran_normal,0,3,1,1199086,0,0,in_active_ul
10132,7604,greenran_normal,0,4,0,0,0,0,not_in_active_ul
10132,7604,greenran_normal,0,5,1,1199490,0,0,in_active_ul
10132,7604,greenran_normal,1,6,0,0,0,0,not_in_active_ul
10132,7604,greenran_normal,1,7,0,0,0,0,not_in_active_ul
10132,7604,greenran_normal,1,8,0,0,0,0,not_in_active_ul
10132,7604,greenran_normal,1,9,0,0,0,0,not_in_active_ul
10132,7604,greenran_normal,1,10,0,0,0,0,not_in_active_ul
10132,7604,greenran_normal,1,11,0,0,0,0,not_in_active_ul
10132,7604,greenran_normal,1,12,0,0,0,0,not_in_active_ul
10132,7604,greenran_normal,1,34,0,0,0,0,not_in_active_ul
10132,7604,greenran_normal,2,35,0,0,0,0,not_in_active_ul
10132,7604,greenran_normal,2,36,0,0,0,0,not_in_active_ul
10132,7604,greenran_normal,2,37,0,0,0,0,not_in_active_ul
10132,7604,greenran_normal,2,38,0,0,0,0,not_in_active_ul
10132,7604,greenran_normal,2,39,0,0,0,0,not_in_active_ul
10132,7604,greenran_normal,2,40,0,0,0,0,not_in_active_ul
10132,7604,greenran_normal,2,41,0,0,0,0,not_in_active_ul
10132,7604,greenran_normal,2,42,0,0,0,0,not_in_active_ul
10132,7604,greenran_normal,2,43,0,0,0,0,not_in_active_ul
10132,7604,greenran_normal,2,44,0,0,0,0,not_in_active_ul
10132,7604,greenran_normal,2,55,0,0,0,0,not_in_active_ul
10132,7604,greenran_normal,2,56,0,0,0,0,not_in_active_ul
10132,7604,greenran_normal,2,57,0,0,0,0,not_in_active_ul
10132,7604,greenran_normal,2,58,0,0,0,0,not_in_active_ul
10132,7604,greenran_normal,2,59,0,0,0,0,not_in_active_ul
10132,7604,greenran_normal,2,60,0,0,0,0,not_in_active_ul
10132,7604,greenran_normal,2,61,0,0,0,0,not_in_active_ul
10132,7604,greenran_normal,2,62,0,0,0,0,not_in_active_ul
10132,7604,greenran_normal,2,63,0,0,0,0,not_in_active_ul
10132,7604,greenran_normal,2,64,0,0,0,0,not_in_active_ul
10261,7704,greenran_normal,0,1,1,1200005,0,0,in_active_ul
10261,7704,greenran_normal,0,2,1,1200005,0,0,in_active_ul
10261,7704,greenran_normal,0,3,1,1199052,0,0,in_active_ul
10261,7704,greenran_normal,0,4,0,0,0,0,not_in_active_ul
10261,7704,greenran_normal,0,5,0,0,0,0,not_in_active_ul
10261,7704,greenran_normal,1,6,0,0,0,0,not_in_active_ul
10261,7704,greenran_normal,1,7,0,0,0,0,not_in_active_ul
10261,7704,greenran_normal,1,8,0,0,0,0,not_in_active_ul
10261,7704,greenran_normal,1,9,0,0,0,0,not_in_active_ul
10261,7704,greenran_normal,1,10,0,0,0,0,not_in_active_ul
10261,7704,greenran_normal,1,11,0,0,0,0,not_in_active_ul
10261,7704,greenran_normal,1,12,0,0,0,0,not_in_active_ul
10261,7704,greenran_normal,1,34,0,0,0,0,not_in_active_ul
10261,7704,greenran_normal,2,35,0,0,0,0,not_in_active_ul
10261,7704,greenran_normal,2,36,0,0,0,0,not_in_active_ul
10261,7704,greenran_normal,2,37,0,0,0,0,not_in_active_ul
10261,7704,greenran_normal,2,38,0,0,0,0,not_in_active_ul
10261,7704,greenran_normal,2,39,0,0,0,0,not_in_active_ul
10261,7704,greenran_normal,2,40,1,58,0,0,in_active_ul
10261,7704,greenran_normal,2,41,1,58,0,0,in_active_ul
10261,7704,greenran_normal,2,42,0,0,0,0,not_in_active_ul
10261,7704,greenran_normal,2,43,0,0,0,0,not_in_active_ul
10261,7704,greenran_normal,2,44,0,0,0,0,not_in_active_ul
10261,7704,greenran_normal,2,55,1,58,0,0,in_active_ul
10261,7704,greenran_normal,2,56,1,107,0,0,in_active_ul
10261,7704,greenran_normal,2,57,0,0,0,0,not_in_active_ul
10261,7704,greenran_normal,2,58,0,0,0,0,not_in_active_ul
10261,7704,greenran_normal,2,59,0,0,0,0,not_in_active_ul
10261,7704,greenran_normal,2,60,0,0,0,0,not_in_active_ul
10261,7704,greenran_normal,2,61,0,0,0,0,not_in_active_ul
10261,7704,greenran_normal,2,62,1,58,0,0,in_active_ul
10261,7704,greenran_normal,2,63,0,0,0,0,not_in_active_ul
10261,7704,greenran_normal,2,64,0,0,0,0,not_in_active_ul
10412,7804,greenran_normal,0,1,1,1200005,0,0,in_active_ul
10412,7804,greenran_normal,0,2,1,1199993,0,0,in_active_ul
10412,7804,greenran_normal,0,3,1,1199839,0,0,in_active_ul
10412,7804,greenran_normal,0,4,0,0,0,0,not_in_active_ul
10412,7804,greenran_normal,0,5,1,1199982,0,0,in_active_ul
10412,7804,greenran_normal,1,6,0,0,0,0,not_in_active_ul
10412,7804,greenran_normal,1,7,0,0,0,0,not_in_active_ul
10412,7804,greenran_normal,1,8,0,0,0,0,not_in_active_ul
10412,7804,greenran_normal,1,9,0,0,0,0,not_in_active_ul
10412,7804,greenran_normal,1,10,0,0,0,0,not_in_active_ul
10412,7804,greenran_normal,1,11,0,0,0,0,not_in_active_ul
10412,7804,greenran_normal,1,12,0,0,0,0,not_in_active_ul
10412,7804,greenran_normal,1,34,0,0,0,0,not_in_active_ul
10412,7804,greenran_normal,2,35,0,0,0,0,not_in_active_ul
10412,7804,greenran_normal,2,36,0,0,0,0,not_in_active_ul
10412,7804,greenran_normal,2,37,0,0,0,0,not_in_active_ul
10412,7804,greenran_normal,2,38,0,0,0,0,not_in_active_ul
10412,7804,greenran_normal,2,39,0,0,0,0,not_in_active_ul
10412,7804,greenran_normal,2,40,0,0,0,0,not_in_active_ul
10412,7804,greenran_normal,2,41,0,0,0,0,not_in_active_ul
10412,7804,greenran_normal,2,42,0,0,0,0,not_in_active_ul
10412,7804,greenran_normal,2,43,0,0,0,0,not_in_active_ul
10412,7804,greenran_normal,2,44,0,0,0,0,not_in_active_ul
10412,7804,greenran_normal,2,55,0,0,0,0,not_in_active_ul
10412,7804,greenran_normal,2,56,0,0,0,0,not_in_active_ul
10412,7804,greenran_normal,2,57,0,0,0,0,not_in_active_ul
10412,7804,greenran_normal,2,58,0,0,0,0,not_in_active_ul
10412,7804,greenran_normal,2,59,0,0,0,0,not_in_active_ul
10412,7804,greenran_normal,2,60,0,0,0,0,not_in_active_ul
10412,7804,greenran_normal,2,61,0,0,0,0,not_in_active_ul
10412,7804,greenran_normal,2,62,0,0,0,0,not_in_active_ul
10412,7804,greenran_normal,2,63,0,0,0,0,not_in_active_ul
10412,7804,greenran_normal,2,64,0,0,0,0,not_in_active_ul
10534,7904,greenran_normal,0,1,1,1200005,0,0,in_active_ul
10534,7904,greenran_normal,0,2,1,1199793,0,0,in_active_ul
10534,7904,greenran_normal,0,3,1,1199669,0,0,in_active_ul
10534,7904,greenran_normal,0,4,1,1200005,0,0,in_active_ul
10534,7904,greenran_normal,0,5,1,1200005,0,0,in_active_ul
10534,7904,greenran_normal,1,6,0,0,0,0,not_in_active_ul
10534,7904,greenran_normal,1,7,0,0,0,0,not_in_active_ul
10534,7904,greenran_normal,1,8,0,0,0,0,not_in_active_ul
10534,7904,greenran_normal,1,9,0,0,0,0,not_in_active_ul
10534,7904,greenran_normal,1,10,0,0,0,0,not_in_active_ul
10534,7904,greenran_normal,1,11,0,0,0,0,not_in_active_ul
10534,7904,greenran_normal,1,12,0,0,0,0,not_in_active_ul
10534,7904,greenran_normal,1,34,0,0,0,0,not_in_active_ul
10534,7904,greenran_normal,2,35,0,0,0,0,not_in_active_ul
10534,7904,greenran_normal,2,36,0,0,0,0,not_in_active_ul
10534,7904,greenran_normal,2,37,0,0,0,0,not_in_active_ul
10534,7904,greenran_normal,2,38,0,0,0,0,not_in_active_ul
10534,7904,greenran_normal,2,39,0,0,0,0,not_in_active_ul
10534,7904,greenran_normal,2,40,1,147,0,0,in_active_ul
10534,7904,greenran_normal,2,41,1,107,0,0,in_active_ul
10534,7904,greenran_normal,2,42,0,0,0,0,not_in_active_ul
10534,7904,greenran_normal,2,43,0,0,0,0,not_in_active_ul
10534,7904,greenran_normal,2,44,0,0,0,0,not_in_active_ul
10534,7904,greenran_normal,2,55,1,107,0,0,in_active_ul
10534,7904,greenran_normal,2,56,0,0,0,0,not_in_active_ul
10534,7904,greenran_normal,2,57,0,0,0,0,not_in_active_ul
10534,7904,greenran_normal,2,58,0,0,0,0,not_in_active_ul
10534,7904,greenran_normal,2,59,0,0,0,0,not_in_active_ul
10534,7904,greenran_normal,2,60,0,0,0,0,not_in_active_ul
10534,7904,greenran_normal,2,61,0,0,0,0,not_in_active_ul
10534,7904,greenran_normal,2,62,1,107,0,0,in_active_ul
10534,7904,greenran_normal,2,63,0,0,0,0,not_in_active_ul
10534,7904,greenran_normal,2,64,0,0,0,0,not_in_active_ul
10673,8004,greenran_normal,0,1,1,1199963,0,0,in_active_ul
10673,8004,greenran_normal,0,2,1,1200005,0,0,in_active_ul
10673,8004,greenran_normal,0,3,1,1199324,0,0,in_active_ul
10673,8004,greenran_normal,0,4,0,0,0,0,not_in_active_ul
10673,8004,greenran_normal,0,5,1,1199898,0,0,in_active_ul
10673,8004,greenran_normal,1,6,0,0,0,0,not_in_active_ul
10673,8004,greenran_normal,1,7,0,0,0,0,not_in_active_ul
10673,8004,greenran_normal,1,8,0,0,0,0,not_in_active_ul
10673,8004,greenran_normal,1,9,0,0,0,0,not_in_active_ul
10673,8004,greenran_normal,1,10,0,0,0,0,not_in_active_ul
10673,8004,greenran_normal,1,11,0,0,0,0,not_in_active_ul
10673,8004,greenran_normal,1,12,0,0,0,0,not_in_active_ul
10673,8004,greenran_normal,1,34,0,0,0,0,not_in_active_ul
10673,8004,greenran_normal,2,35,0,0,0,0,not_in_active_ul
10673,8004,greenran_normal,2,36,0,0,0,0,not_in_active_ul
10673,8004,greenran_normal,2,37,0,0,0,0,not_in_active_ul
10673,8004,greenran_normal,2,38,0,0,0,0,not_in_active_ul
10673,8004,greenran_normal,2,39,0,0,0,0,not_in_active_ul
10673,8004,greenran_normal,2,40,0,0,0,0,not_in_active_ul
10673,8004,greenran_normal,2,41,0,0,0,0,not_in_active_ul
10673,8004,greenran_normal,2,42,0,0,0,0,not_in_active_ul
10673,8004,greenran_normal,2,43,0,0,0,0,not_in_active_ul
10673,8004,greenran_normal,2,44,0,0,0,0,not_in_active_ul
10673,8004,greenran_normal,2,55,0,0,0,0,not_in_active_ul
10673,8004,greenran_normal,2,56,0,0,0,0,not_in_active_ul
10673,8004,greenran_normal,2,57,0,0,0,0,not_in_active_ul
10673,8004,greenran_normal,2,58,0,0,0,0,not_in_active_ul
10673,8004,greenran_normal,2,59,0,0,0,0,not_in_active_ul
10673,8004,greenran_normal,2,60,0,0,0,0,not_in_active_ul
10673,8004,greenran_normal,2,61,0,0,0,0,not_in_active_ul
10673,8004,greenran_normal,2,62,0,0,0,0,not_in_active_ul
10673,8004,greenran_normal,2,63,0,0,0,0,not_in_active_ul
10673,8004,greenran_normal,2,64,0,0,0,0,not_in_active_ul
10798,8104,greenran_normal,0,1,1,1199938,0,0,in_active_ul
10798,8104,greenran_normal,0,2,1,1199938,0,0,in_active_ul
10798,8104,greenran_normal,0,3,1,1199218,0,0,in_active_ul
10798,8104,greenran_normal,0,4,1,1200005,0,0,in_active_ul
10798,8104,greenran_normal,0,5,1,1199812,0,0,in_active_ul
10798,8104,greenran_normal,1,6,0,0,0,0,not_in_active_ul
10798,8104,greenran_normal,1,7,0,0,0,0,not_in_active_ul
10798,8104,greenran_normal,1,8,0,0,0,0,not_in_active_ul
10798,8104,greenran_normal,1,9,0,0,0,0,not_in_active_ul
10798,8104,greenran_normal,1,10,0,0,0,0,not_in_active_ul
10798,8104,greenran_normal,1,11,0,0,0,0,not_in_active_ul
10798,8104,greenran_normal,1,12,0,0,0,0,not_in_active_ul
10798,8104,greenran_normal,1,34,0,0,0,0,not_in_active_ul
10798,8104,greenran_normal,2,35,0,0,0,0,not_in_active_ul
10798,8104,greenran_normal,2,36,0,0,0,0,not_in_active_ul
10798,8104,greenran_normal,2,37,0,0,0,0,not_in_active_ul
10798,8104,greenran_normal,2,38,0,0,0,0,not_in_active_ul
10798,8104,greenran_normal,2,39,0,0,0,0,not_in_active_ul
10798,8104,greenran_normal,2,40,0,0,0,0,not_in_active_ul
10798,8104,greenran_normal,2,41,0,0,0,0,not_in_active_ul
10798,8104,greenran_normal,2,42,0,0,0,0,not_in_active_ul
10798,8104,greenran_normal,2,43,0,0,0,0,not_in_active_ul
10798,8104,greenran_normal,2,44,0,0,0,0,not_in_active_ul
10798,8104,greenran_normal,2,55,0,0,0,0,not_in_active_ul
10798,8104,greenran_normal,2,56,0,0,0,0,not_in_active_ul
10798,8104,greenran_normal,2,57,0,0,0,0,not_in_active_ul
10798,8104,greenran_normal,2,58,0,0,0,0,not_in_active_ul
10798,8104,greenran_normal,2,59,0,0,0,0,not_in_active_ul
10798,8104,greenran_normal,2,60,0,0,0,0,not_in_active_ul
10798,8104,greenran_normal,2,61,0,0,0,0,not_in_active_ul
10798,8104,greenran_normal,2,62,0,0,0,0,not_in_active_ul
10798,8104,greenran_normal,2,63,0,0,0,0,not_in_active_ul
10798,8104,greenran_normal,2,64,0,0,0,0,not_in_active_ul
10925,8204,greenran_normal,0,1,1,1200005,0,0,in_active_ul
10925,8204,greenran_normal,0,2,1,1199918,0,0,in_active_ul
10925,8204,greenran_normal,0,3,0,0,0,0,not_in_active_ul
10925,8204,greenran_normal,0,4,1,1200005,0,0,in_active_ul
10925,8204,greenran_normal,0,5,1,1199805,0,0,in_active_ul
10925,8204,greenran_normal,1,6,0,0,0,0,not_in_active_ul
10925,8204,greenran_normal,1,7,0,0,0,0,not_in_active_ul
10925,8204,greenran_normal,1,8,0,0,0,0,not_in_active_ul
10925,8204,greenran_normal,1,9,0,0,0,0,not_in_active_ul
10925,8204,greenran_normal,1,10,0,0,0,0,not_in_active_ul
10925,8204,greenran_normal,1,11,0,0,0,0,not_in_active_ul
10925,8204,greenran_normal,1,12,0,0,0,0,not_in_active_ul
10925,8204,greenran_normal,1,34,0,0,0,0,not_in_active_ul
10925,8204,greenran_normal,2,35,0,0,0,0,not_in_active_ul
10925,8204,greenran_normal,2,36,0,0,0,0,not_in_active_ul
10925,8204,greenran_normal,2,37,0,0,0,0,not_in_active_ul
10925,8204,greenran_normal,2,38,0,0,0,0,not_in_active_ul
10925,8204,greenran_normal,2,39,0,0,0,0,not_in_active_ul
10925,8204,greenran_normal,2,40,1,107,0,0,in_active_ul
10925,8204,greenran_normal,2,41,1,107,0,0,in_active_ul
10925,8204,greenran_normal,2,42,0,0,0,0,not_in_active_ul
10925,8204,greenran_normal,2,43,0,0,0,0,not_in_active_ul
10925,8204,greenran_normal,2,44,0,0,0,0,not_in_active_ul
10925,8204,greenran_normal,2,55,1,107,0,0,in_active_ul
10925,8204,greenran_normal,2,56,1,203,0,0,in_active_ul
10925,8204,greenran_normal,2,57,0,0,0,0,not_in_active_ul
10925,8204,greenran_normal,2,58,0,0,0,0,not_in_active_ul
10925,8204,greenran_normal,2,59,0,0,0,0,not_in_active_ul
10925,8204,greenran_normal,2,60,0,0,0,0,not_in_active_ul
10925,8204,greenran_normal,2,61,0,0,0,0,not_in_active_ul
10925,8204,greenran_normal,2,62,1,107,0,0,in_active_ul
10925,8204,greenran_normal,2,63,0,0,0,0,not_in_active_ul
10925,8204,greenran_normal,2,64,0,0,0,0,not_in_active_ul
11073,8304,greenran_normal,0,1,1,1199986,0,0,in_active_ul
11073,8304,greenran_normal,0,2,1,1200005,0,0,in_active_ul
11073,8304,greenran_normal,0,3,1,1199791,0,0,in_active_ul
11073,8304,greenran_normal,0,4,0,0,0,0,not_in_active_ul
11073,8304,greenran_normal,0,5,1,1199977,0,0,in_active_ul
11073,8304,greenran_normal,1,6,0,0,0,0,not_in_active_ul
11073,8304,greenran_normal,1,7,0,0,0,0,not_in_active_ul
11073,8304,greenran_normal,1,8,0,0,0,0,not_in_active_ul
11073,8304,greenran_normal,1,9,0,0,0,0,not_in_active_ul
11073,8304,greenran_normal,1,10,0,0,0,0,not_in_active_ul
11073,8304,greenran_normal,1,11,0,0,0,0,not_in_active_ul
11073,8304,greenran_normal,1,12,0,0,0,0,not_in_active_ul
11073,8304,greenran_normal,1,34,0,0,0,0,not_in_active_ul
11073,8304,greenran_normal,2,35,0,0,0,0,not_in_active_ul
11073,8304,greenran_normal,2,36,0,0,0,0,not_in_active_ul
11073,8304,greenran_normal,2,37,1,51,0,0,in_active_ul
11073,8304,greenran_normal,2,38,0,0,0,0,not_in_active_ul
11073,8304,greenran_normal,2,39,0,0,0,0,not_in_active_ul
11073,8304,greenran_normal,2,40,0,0,0,0,not_in_active_ul
11073,8304,greenran_normal,2,41,0,0,0,0,not_in_active_ul
11073,8304,greenran_normal,2,42,0,0,0,0,not_in_active_ul
11073,8304,greenran_normal,2,43,0,0,0,0,not_in_active_ul
11073,8304,greenran_normal,2,44,0,0,0,0,not_in_active_ul
11073,8304,greenran_normal,2,55,0,0,0,0,not_in_active_ul
11073,8304,greenran_normal,2,56,0,0,0,0,not_in_active_ul
11073,8304,greenran_normal,2,57,0,0,0,0,not_in_active_ul
11073,8304,greenran_normal,2,58,0,0,0,0,not_in_active_ul
11073,8304,greenran_normal,2,59,0,0,0,0,not_in_active_ul
11073,8304,greenran_normal,2,60,0,0,0,0,not_in_active_ul
11073,8304,greenran_normal,2,61,0,0,0,0,not_in_active_ul
11073,8304,greenran_normal,2,62,0,0,0,0,not_in_active_ul
11073,8304,greenran_normal,2,63,0,0,0,0,not_in_active_ul
11073,8304,greenran_normal,2,64,0,0,0,0,not_in_active_ul
11199,8404,greenran_normal,0,1,1,1199890,0,0,in_active_ul
11199,8404,greenran_normal,0,2,1,1199912,0,0,in_active_ul
11199,8404,greenran_normal,0,3,1,1199496,0,0,in_active_ul
11199,8404,greenran_normal,0,4,0,0,0,0,not_in_active_ul
11199,8404,greenran_normal,0,5,1,1199838,0,0,in_active_ul
11199,8404,greenran_normal,1,6,0,0,0,0,not_in_active_ul
11199,8404,greenran_normal,1,7,0,0,0,0,not_in_active_ul
11199,8404,greenran_normal,1,8,0,0,0,0,not_in_active_ul
11199,8404,greenran_normal,1,9,0,0,0,0,not_in_active_ul
11199,8404,greenran_normal,1,10,0,0,0,0,not_in_active_ul
11199,8404,greenran_normal,1,11,0,0,0,0,not_in_active_ul
11199,8404,greenran_normal,1,12,0,0,0,0,not_in_active_ul
11199,8404,greenran_normal,1,34,0,0,0,0,not_in_active_ul
11199,8404,greenran_normal,2,35,0,0,0,0,not_in_active_ul
11199,8404,greenran_normal,2,36,0,0,0,0,not_in_active_ul
11199,8404,greenran_normal,2,37,0,0,0,0,not_in_active_ul
11199,8404,greenran_normal,2,38,0,0,0,0,not_in_active_ul
11199,8404,greenran_normal,2,39,0,0,0,0,not_in_active_ul
11199,8404,greenran_normal,2,40,0,0,0,0,not_in_active_ul
11199,8404,greenran_normal,2,41,0,0,0,0,not_in_active_ul
11199,8404,greenran_normal,2,42,0,0,0,0,not_in_active_ul
11199,8404,greenran_normal,2,43,0,0,0,0,not_in_active_ul
11199,8404,greenran_normal,2,44,0,0,0,0,not_in_active_ul
11199,8404,greenran_normal,2,55,0,0,0,0,not_in_active_ul
11199,8404,greenran_normal,2,56,0,0,0,0,not_in_active_ul
11199,8404,greenran_normal,2,57,0,0,0,0,not_in_active_ul
11199,8404,greenran_normal,2,58,0,0,0,0,not_in_active_ul
11199,8404,greenran_normal,2,59,0,0,0,0,not_in_active_ul
11199,8404,greenran_normal,2,60,0,0,0,0,not_in_active_ul
11199,8404,greenran_normal,2,61,0,0,0,0,not_in_active_ul
11199,8404,greenran_normal,2,62,0,0,0,0,not_in_active_ul
11199,8404,greenran_normal,2,63,0,0,0,0,not_in_active_ul
11199,8404,greenran_normal,2,64,0,0,0,0,not_in_active_ul
11349,8504,greenran_normal,0,1,1,1199877,0,0,in_active_ul
11349,8504,greenran_normal,0,2,1,1199853,0,0,in_active_ul
11349,8504,greenran_normal,0,3,1,1200005,0,0,in_active_ul
11349,8504,greenran_normal,0,4,1,1200005,0,0,in_active_ul
11349,8504,greenran_normal,0,5,1,1199882,0,0,in_active_ul
11349,8504,greenran_normal,1,6,0,0,0,0,not_in_active_ul
11349,8504,greenran_normal,1,7,0,0,0,0,not_in_active_ul
11349,8504,greenran_normal,1,8,0,0,0,0,not_in_active_ul
11349,8504,greenran_normal,1,9,0,0,0,0,not_in_active_ul
11349,8504,greenran_normal,1,10,0,0,0,0,not_in_active_ul
11349,8504,greenran_normal,1,11,0,0,0,0,not_in_active_ul
11349,8504,greenran_normal,1,12,0,0,0,0,not_in_active_ul
11349,8504,greenran_normal,1,34,0,0,0,0,not_in_active_ul
11349,8504,greenran_normal,2,35,0,0,0,0,not_in_active_ul
11349,8504,greenran_normal,2,36,0,0,0,0,not_in_active_ul
11349,8504,greenran_normal,2,37,0,0,0,0,not_in_active_ul
11349,8504,greenran_normal,2,38,0,0,0,0,not_in_active_ul
11349,8504,greenran_normal,2,39,0,0,0,0,not_in_active_ul
11349,8504,greenran_normal,2,40,0,0,0,0,not_in_active_ul
11349,8504,greenran_normal,2,41,0,0,0,0,not_in_active_ul
11349,8504,greenran_normal,2,42,0,0,0,0,not_in_active_ul
11349,8504,greenran_normal,2,43,0,0,0,0,not_in_active_ul
11349,8504,greenran_normal,2,44,0,0,0,0,not_in_active_ul
11349,8504,greenran_normal,2,55,0,0,0,0,not_in_active_ul
11349,8504,greenran_normal,2,56,0,0,0,0,not_in_active_ul
11349,8504,greenran_normal,2,57,0,0,0,0,not_in_active_ul
11349,8504,greenran_normal,2,58,0,0,0,0,not_in_active_ul
11349,8504,greenran_normal,2,59,0,0,0,0,not_in_active_ul
11349,8504,greenran_normal,2,60,0,0,0,0,not_in_active_ul
11349,8504,greenran_normal,2,61,0,0,0,0,not_in_active_ul
11349,8504,greenran_normal,2,62,0,0,0,0,not_in_active_ul
11349,8504,greenran_normal,2,63,0,0,0,0,not_in_active_ul
11349,8504,greenran_normal,2,64,0,0,0,0,not_in_active_ul
11491,8604,greenran_normal,0,1,1,1200005,0,0,in_active_ul
11491,8604,greenran_normal,0,2,1,1199951,0,0,in_active_ul
11491,8604,greenran_normal,0,3,1,1200005,0,0,in_active_ul
11491,8604,greenran_normal,0,4,0,0,0,0,not_in_active_ul
11491,8604,greenran_normal,0,5,1,1199988,0,0,in_active_ul
11491,8604,greenran_normal,1,6,0,0,0,0,not_in_active_ul
11491,8604,greenran_normal,1,7,0,0,0,0,not_in_active_ul
11491,8604,greenran_normal,1,8,0,0,0,0,not_in_active_ul
11491,8604,greenran_normal,1,9,0,0,0,0,not_in_active_ul
11491,8604,greenran_normal,1,10,0,0,0,0,not_in_active_ul
11491,8604,greenran_normal,1,11,0,0,0,0,not_in_active_ul
11491,8604,greenran_normal,1,12,0,0,0,0,not_in_active_ul
11491,8604,greenran_normal,1,34,0,0,0,0,not_in_active_ul
11491,8604,greenran_normal,2,35,0,0,0,0,not_in_active_ul
11491,8604,greenran_normal,2,36,0,0,0,0,not_in_active_ul
11491,8604,greenran_normal,2,37,0,0,0,0,not_in_active_ul
11491,8604,greenran_normal,2,38,0,0,0,0,not_in_active_ul
11491,8604,greenran_normal,2,39,0,0,0,0,not_in_active_ul
11491,8604,greenran_normal,2,40,0,0,0,0,not_in_active_ul
11491,8604,greenran_normal,2,41,0,0,0,0,not_in_active_ul
11491,8604,greenran_normal,2,42,0,0,0,0,not_in_active_ul
11491,8604,greenran_normal,2,43,0,0,0,0,not_in_active_ul
11491,8604,greenran_normal,2,44,0,0,0,0,not_in_active_ul
11491,8604,greenran_normal,2,55,0,0,0,0,not_in_active_ul
11491,8604,greenran_normal,2,56,0,0,0,0,not_in_active_ul
11491,8604,greenran_normal,2,57,0,0,0,0,not_in_active_ul
11491,8604,greenran_normal,2,58,0,0,0,0,not_in_active_ul
11491,8604,greenran_normal,2,59,0,0,0,0,not_in_active_ul
11491,8604,greenran_normal,2,60,0,0,0,0,not_in_active_ul
11491,8604,greenran_normal,2,61,0,0,0,0,not_in_active_ul
11491,8604,greenran_normal,2,62,0,0,0,0,not_in_active_ul
11491,8604,greenran_normal,2,63,0,0,0,0,not_in_active_ul
11491,8604,greenran_normal,2,64,0,0,0,0,not_in_active_ul
11625,8704,greenran_normal,0,1,1,1200005,0,0,in_active_ul
11625,8704,greenran_normal,0,2,1,1200005,0,0,in_active_ul
11625,8704,greenran_normal,0,3,1,1199926,0,0,in_active_ul
11625,8704,greenran_normal,0,4,0,0,0,0,not_in_active_ul
11625,8704,greenran_normal,0,5,1,1199994,0,0,in_active_ul
11625,8704,greenran_normal,1,6,0,0,0,0,not_in_active_ul
11625,8704,greenran_normal,1,7,0,0,0,0,not_in_active_ul
11625,8704,greenran_normal,1,8,0,0,0,0,not_in_active_ul
11625,8704,greenran_normal,1,9,0,0,0,0,not_in_active_ul
11625,8704,greenran_normal,1,10,0,0,0,0,not_in_active_ul
11625,8704,greenran_normal,1,11,0,0,0,0,not_in_active_ul
11625,8704,greenran_normal,1,12,0,0,0,0,not_in_active_ul
11625,8704,greenran_normal,1,34,0,0,0,0,not_in_active_ul
11625,8704,greenran_normal,2,35,0,0,0,0,not_in_active_ul
11625,8704,greenran_normal,2,36,0,0,0,0,not_in_active_ul
11625,8704,greenran_normal,2,37,1,51,0,0,in_active_ul
11625,8704,greenran_normal,2,38,0,0,0,0,not_in_active_ul
11625,8704,greenran_normal,2,39,0,0,0,0,not_in_active_ul
11625,8704,greenran_normal,2,40,0,0,0,0,not_in_active_ul
11625,8704,greenran_normal,2,41,0,0,0,0,not_in_active_ul
11625,8704,greenran_normal,2,42,0,0,0,0,not_in_active_ul
11625,8704,greenran_normal,2,43,0,0,0,0,not_in_active_ul
11625,8704,greenran_normal,2,44,0,0,0,0,not_in_active_ul
11625,8704,greenran_normal,2,55,0,0,0,0,not_in_active_ul
11625,8704,greenran_normal,2,56,0,0,0,0,not_in_active_ul
11625,8704,greenran_normal,2,57,0,0,0,0,not_in_active_ul
11625,8704,greenran_normal,2,58,0,0,0,0,not_in_active_ul
11625,8704,greenran_normal,2,59,0,0,0,0,not_in_active_ul
11625,8704,greenran_normal,2,60,0,0,0,0,not_in_active_ul
11625,8704,greenran_normal,2,61,0,0,0,0,not_in_active_ul
11625,8704,greenran_normal,2,62,0,0,0,0,not_in_active_ul
11625,8704,greenran_normal,2,63,0,0,0,0,not_in_active_ul
11625,8704,greenran_normal,2,64,0,0,0,0,not_in_active_ul
11758,8804,greenran_normal,0,1,1,1200005,0,0,in_active_ul
11758,8804,greenran_normal,0,2,1,1200005,0,0,in_active_ul
11758,8804,greenran_normal,0,3,1,1200005,0,0,in_active_ul
11758,8804,greenran_normal,0,4,0,0,0,0,not_in_active_ul
11758,8804,greenran_normal,0,5,1,1200005,0,0,in_active_ul
11758,8804,greenran_normal,1,6,0,0,0,0,not_in_active_ul
11758,8804,greenran_normal,1,7,0,0,0,0,not_in_active_ul
11758,8804,greenran_normal,1,8,0,0,0,0,not_in_active_ul
11758,8804,greenran_normal,1,9,0,0,0,0,not_in_active_ul
11758,8804,greenran_normal,1,10,0,0,0,0,not_in_active_ul
11758,8804,greenran_normal,1,11,0,0,0,0,not_in_active_ul
11758,8804,greenran_normal,1,12,0,0,0,0,not_in_active_ul
11758,8804,greenran_normal,1,34,0,0,0,0,not_in_active_ul
11758,8804,greenran_normal,2,35,0,0,0,0,not_in_active_ul
11758,8804,greenran_normal,2,36,0,0,0,0,not_in_active_ul
11758,8804,greenran_normal,2,37,0,0,0,0,not_in_active_ul
11758,8804,greenran_normal,2,38,0,0,0,0,not_in_active_ul
11758,8804,greenran_normal,2,39,0,0,0,0,not_in_active_ul
11758,8804,greenran_normal,2,40,0,0,0,0,not_in_active_ul
11758,8804,greenran_normal,2,41,0,0,0,0,not_in_active_ul
11758,8804,greenran_normal,2,42,0,0,0,0,not_in_active_ul
11758,8804,greenran_normal,2,43,0,0,0,0,not_in_active_ul
11758,8804,greenran_normal,2,44,0,0,0,0,not_in_active_ul
11758,8804,greenran_normal,2,55,0,0,0,0,not_in_active_ul
11758,8804,greenran_normal,2,56,0,0,0,0,not_in_active_ul
11758,8804,greenran_normal,2,57,0,0,0,0,not_in_active_ul
11758,8804,greenran_normal,2,58,0,0,0,0,not_in_active_ul
11758,8804,greenran_normal,2,59,0,0,0,0,not_in_active_ul
11758,8804,greenran_normal,2,60,0,0,0,0,not_in_active_ul
11758,8804,greenran_normal,2,61,0,0,0,0,not_in_active_ul
11758,8804,greenran_normal,2,62,0,0,0,0,not_in_active_ul
11758,8804,greenran_normal,2,63,0,0,0,0,not_in_active_ul
11758,8804,greenran_normal,2,64,0,0,0,0,not_in_active_ul
11912,8904,greenran_normal,0,1,0,0,0,0,not_in_active_ul
11912,8904,greenran_normal,0,2,0,0,0,0,not_in_active_ul
11912,8904,greenran_normal,0,3,1,1199918,0,0,in_active_ul
11912,8904,greenran_normal,0,4,1,1200005,0,0,in_active_ul
11912,8904,greenran_normal,0,5,0,0,0,0,not_in_active_ul
11912,8904,greenran_normal,1,6,0,0,0,0,not_in_active_ul
11912,8904,greenran_normal,1,7,0,0,0,0,not_in_active_ul
11912,8904,greenran_normal,1,8,0,0,0,0,not_in_active_ul
11912,8904,greenran_normal,1,9,0,0,0,0,not_in_active_ul
11912,8904,greenran_normal,1,10,0,0,0,0,not_in_active_ul
11912,8904,greenran_normal,1,11,0,0,0,0,not_in_active_ul
11912,8904,greenran_normal,1,12,0,0,0,0,not_in_active_ul
11912,8904,greenran_normal,1,34,0,0,0,0,not_in_active_ul
11912,8904,greenran_normal,2,35,0,0,0,0,not_in_active_ul
11912,8904,greenran_normal,2,36,0,0,0,0,not_in_active_ul
11912,8904,greenran_normal,2,37,1,34,0,0,in_active_ul
11912,8904,greenran_normal,2,38,0,0,0,0,not_in_active_ul
11912,8904,greenran_normal,2,39,0,0,0,0,not_in_active_ul
11912,8904,greenran_normal,2,40,1,19,0,0,in_active_ul
11912,8904,greenran_normal,2,41,0,0,0,0,not_in_active_ul
11912,8904,greenran_normal,2,42,0,0,0,0,not_in_active_ul
11912,8904,greenran_normal,2,43,0,0,0,0,not_in_active_ul
11912,8904,greenran_normal,2,44,0,0,0,0,not_in_active_ul
11912,8904,greenran_normal,2,55,0,0,0,0,not_in_active_ul
11912,8904,greenran_normal,2,56,0,0,0,0,not_in_active_ul
11912,8904,greenran_normal,2,57,0,0,0,0,not_in_active_ul
11912,8904,greenran_normal,2,58,0,0,0,0,not_in_active_ul
11912,8904,greenran_normal,2,59,0,0,0,0,not_in_active_ul
11912,8904,greenran_normal,2,60,0,0,0,0,not_in_active_ul
11912,8904,greenran_normal,2,61,0,0,0,0,not_in_active_ul
11912,8904,greenran_normal,2,62,0,0,0,0,not_in_active_ul
11912,8904,greenran_normal,2,63,0,0,0,0,not_in_active_ul
11912,8904,greenran_normal,2,64,0,0,0,0,not_in_active_ul
12047,9004,greenran_normal,0,1,1,1200005,0,0,in_active_ul
12047,9004,greenran_normal,0,2,1,1199789,0,0,in_active_ul
12047,9004,greenran_normal,0,3,0,0,0,0,not_in_active_ul
12047,9004,greenran_normal,0,4,0,0,0,0,not_in_active_ul
12047,9004,greenran_normal,0,5,1,1200005,0,0,in_active_ul
12047,9004,greenran_normal,1,6,0,0,0,0,not_in_active_ul
12047,9004,greenran_normal,1,7,0,0,0,0,not_in_active_ul
12047,9004,greenran_normal,1,8,0,0,0,0,not_in_active_ul
12047,9004,greenran_normal,1,9,0,0,0,0,not_in_active_ul
12047,9004,greenran_normal,1,10,0,0,0,0,not_in_active_ul
12047,9004,greenran_normal,1,11,0,0,0,0,not_in_active_ul
12047,9004,greenran_normal,1,12,0,0,0,0,not_in_active_ul
12047,9004,greenran_normal,1,34,0,0,0,0,not_in_active_ul
12047,9004,greenran_normal,2,35,0,0,0,0,not_in_active_ul
12047,9004,greenran_normal,2,36,0,0,0,0,not_in_active_ul
12047,9004,greenran_normal,2,37,0,0,0,0,not_in_active_ul
12047,9004,greenran_normal,2,38,0,0,0,0,not_in_active_ul
12047,9004,greenran_normal,2,39,0,0,0,0,not_in_active_ul
12047,9004,greenran_normal,2,40,0,0,0,0,not_in_active_ul
12047,9004,greenran_normal,2,41,0,0,0,0,not_in_active_ul
12047,9004,greenran_normal,2,42,0,0,0,0,not_in_active_ul
12047,9004,greenran_normal,2,43,0,0,0,0,not_in_active_ul
12047,9004,greenran_normal,2,44,0,0,0,0,not_in_active_ul
12047,9004,greenran_normal,2,55,0,0,0,0,not_in_active_ul
12047,9004,greenran_normal,2,56,0,0,0,0,not_in_active_ul
12047,9004,greenran_normal,2,57,0,0,0,0,not_in_active_ul
12047,9004,greenran_normal,2,58,0,0,0,0,not_in_active_ul
12047,9004,greenran_normal,2,59,0,0,0,0,not_in_active_ul
12047,9004,greenran_normal,2,60,0,0,0,0,not_in_active_ul
12047,9004,greenran_normal,2,61,0,0,0,0,not_in_active_ul
12047,9004,greenran_normal,2,62,0,0,0,0,not_in_active_ul
12047,9004,greenran_normal,2,63,0,0,0,0,not_in_active_ul
12047,9004,greenran_normal,2,64,0,0,0,0,not_in_active_ul
12200,9104,greenran_normal,0,1,1,1200005,0,0,in_active_ul
12200,9104,greenran_normal,0,2,1,1199966,0,0,in_active_ul
12200,9104,greenran_normal,0,3,1,1200005,0,0,in_active_ul
12200,9104,greenran_normal,0,4,0,0,0,0,not_in_active_ul
12200,9104,greenran_normal,0,5,1,1200005,0,0,in_active_ul
12200,9104,greenran_normal,1,6,0,0,0,0,not_in_active_ul
12200,9104,greenran_normal,1,7,0,0,0,0,not_in_active_ul
12200,9104,greenran_normal,1,8,0,0,0,0,not_in_active_ul
12200,9104,greenran_normal,1,9,0,0,0,0,not_in_active_ul
12200,9104,greenran_normal,1,10,0,0,0,0,not_in_active_ul
12200,9104,greenran_normal,1,11,0,0,0,0,not_in_active_ul
12200,9104,greenran_normal,1,12,0,0,0,0,not_in_active_ul
12200,9104,greenran_normal,1,34,0,0,0,0,not_in_active_ul
12200,9104,greenran_normal,2,35,0,0,0,0,not_in_active_ul
12200,9104,greenran_normal,2,36,0,0,0,0,not_in_active_ul
12200,9104,greenran_normal,2,37,1,147,0,0,in_active_ul
12200,9104,greenran_normal,2,38,0,0,0,0,not_in_active_ul
12200,9104,greenran_normal,2,39,0,0,0,0,not_in_active_ul
12200,9104,greenran_normal,2,40,0,0,0,0,not_in_active_ul
12200,9104,greenran_normal,2,41,0,0,0,0,not_in_active_ul
12200,9104,greenran_normal,2,42,0,0,0,0,not_in_active_ul
12200,9104,greenran_normal,2,43,0,0,0,0,not_in_active_ul
12200,9104,greenran_normal,2,44,0,0,0,0,not_in_active_ul
12200,9104,greenran_normal,2,55,0,0,0,0,not_in_active_ul
12200,9104,greenran_normal,2,56,0,0,0,0,not_in_active_ul
12200,9104,greenran_normal,2,57,0,0,0,0,not_in_active_ul
12200,9104,greenran_normal,2,58,0,0,0,0,not_in_active_ul
12200,9104,greenran_normal,2,59,0,0,0,0,not_in_active_ul
12200,9104,greenran_normal,2,60,0,0,0,0,not_in_active_ul
12200,9104,greenran_normal,2,61,0,0,0,0,not_in_active_ul
12200,9104,greenran_normal,2,62,0,0,0,0,not_in_active_ul
12200,9104,greenran_normal,2,63,0,0,0,0,not_in_active_ul
12200,9104,greenran_normal,2,64,0,0,0,0,not_in_active_ul
12338,9204,greenran_normal,0,1,1,1199957,0,0,in_active_ul
12338,9204,greenran_normal,0,2,1,1199889,0,0,in_active_ul
12338,9204,greenran_normal,0,3,1,1199456,0,0,in_active_ul
12338,9204,greenran_normal,0,4,0,0,0,0,not_in_active_ul
12338,9204,greenran_normal,0,5,1,1200005,0,0,in_active_ul
12338,9204,greenran_normal,1,6,0,0,0,0,not_in_active_ul
12338,9204,greenran_normal,1,7,0,0,0,0,not_in_active_ul
12338,9204,greenran_normal,1,8,0,0,0,0,not_in_active_ul
12338,9204,greenran_normal,1,9,0,0,0,0,not_in_active_ul
12338,9204,greenran_normal,1,10,0,0,0,0,not_in_active_ul
12338,9204,greenran_normal,1,11,0,0,0,0,not_in_active_ul
12338,9204,greenran_normal,1,12,0,0,0,0,not_in_active_ul
12338,9204,greenran_normal,1,34,0,0,0,0,not_in_active_ul
12338,9204,greenran_normal,2,35,0,0,0,0,not_in_active_ul
12338,9204,greenran_normal,2,36,0,0,0,0,not_in_active_ul
12338,9204,greenran_normal,2,37,0,0,0,0,not_in_active_ul
12338,9204,greenran_normal,2,38,0,0,0,0,not_in_active_ul
12338,9204,greenran_normal,2,39,0,0,0,0,not_in_active_ul
12338,9204,greenran_normal,2,40,0,0,0,0,not_in_active_ul
12338,9204,greenran_normal,2,41,0,0,0,0,not_in_active_ul
12338,9204,greenran_normal,2,42,0,0,0,0,not_in_active_ul
12338,9204,greenran_normal,2,43,0,0,0,0,not_in_active_ul
12338,9204,greenran_normal,2,44,0,0,0,0,not_in_active_ul
12338,9204,greenran_normal,2,55,0,0,0,0,not_in_active_ul
12338,9204,greenran_normal,2,56,0,0,0,0,not_in_active_ul
12338,9204,greenran_normal,2,57,0,0,0,0,not_in_active_ul
12338,9204,greenran_normal,2,58,0,0,0,0,not_in_active_ul
12338,9204,greenran_normal,2,59,0,0,0,0,not_in_active_ul
12338,9204,greenran_normal,2,60,0,0,0,0,not_in_active_ul
12338,9204,greenran_normal,2,61,0,0,0,0,not_in_active_ul
12338,9204,greenran_normal,2,62,0,0,0,0,not_in_active_ul
12338,9204,greenran_normal,2,63,0,0,0,0,not_in_active_ul
12338,9204,greenran_normal,2,64,0,0,0,0,not_in_active_ul
12463,9304,greenran_normal,0,1,1,1199926,0,0,in_active_ul
12463,9304,greenran_normal,0,2,1,1199926,0,0,in_active_ul
12463,9304,greenran_normal,0,3,1,1198925,0,0,in_active_ul
12463,9304,greenran_normal,0,4,1,1200005,0,0,in_active_ul
12463,9304,greenran_normal,0,5,1,1199840,0,0,in_active_ul
12463,9304,greenran_normal,1,6,0,0,0,0,not_in_active_ul
12463,9304,greenran_normal,1,7,0,0,0,0,not_in_active_ul
12463,9304,greenran_normal,1,8,0,0,0,0,not_in_active_ul
12463,9304,greenran_normal,1,9,0,0,0,0,not_in_active_ul
12463,9304,greenran_normal,1,10,0,0,0,0,not_in_active_ul
12463,9304,greenran_normal,1,11,0,0,0,0,not_in_active_ul
12463,9304,greenran_normal,1,12,0,0,0,0,not_in_active_ul
12463,9304,greenran_normal,1,34,0,0,0,0,not_in_active_ul
12463,9304,greenran_normal,2,35,0,0,0,0,not_in_active_ul
12463,9304,greenran_normal,2,36,0,0,0,0,not_in_active_ul
12463,9304,greenran_normal,2,37,0,0,0,0,not_in_active_ul
12463,9304,greenran_normal,2,38,0,0,0,0,not_in_active_ul
12463,9304,greenran_normal,2,39,0,0,0,0,not_in_active_ul
12463,9304,greenran_normal,2,40,0,0,0,0,not_in_active_ul
12463,9304,greenran_normal,2,41,0,0,0,0,not_in_active_ul
12463,9304,greenran_normal,2,42,0,0,0,0,not_in_active_ul
12463,9304,greenran_normal,2,43,0,0,0,0,not_in_active_ul
12463,9304,greenran_normal,2,44,0,0,0,0,not_in_active_ul
12463,9304,greenran_normal,2,55,0,0,0,0,not_in_active_ul
12463,9304,greenran_normal,2,56,0,0,0,0,not_in_active_ul
12463,9304,greenran_normal,2,57,0,0,0,0,not_in_active_ul
12463,9304,greenran_normal,2,58,0,0,0,0,not_in_active_ul
12463,9304,greenran_normal,2,59,0,0,0,0,not_in_active_ul
12463,9304,greenran_normal,2,60,0,0,0,0,not_in_active_ul
12463,9304,greenran_normal,2,61,0,0,0,0,not_in_active_ul
12463,9304,greenran_normal,2,62,0,0,0,0,not_in_active_ul
12463,9304,greenran_normal,2,63,0,0,0,0,not_in_active_ul
12463,9304,greenran_normal,2,64,0,0,0,0,not_in_active_ul
12594,9404,greenran_normal,0,1,1,1200005,0,0,in_active_ul
12594,9404,greenran_normal,0,2,1,1199730,0,0,in_active_ul
12594,9404,greenran_normal,0,3,1,1200005,0,0,in_active_ul
12594,9404,greenran_normal,0,4,0,0,0,0,not_in_active_ul
12594,9404,greenran_normal,0,5,1,1200005,0,0,in_active_ul
12594,9404,greenran_normal,1,6,0,0,0,0,not_in_active_ul
12594,9404,greenran_normal,1,7,0,0,0,0,not_in_active_ul
12594,9404,greenran_normal,1,8,0,0,0,0,not_in_active_ul
12594,9404,greenran_normal,1,9,0,0,0,0,not_in_active_ul
12594,9404,greenran_normal,1,10,0,0,0,0,not_in_active_ul
12594,9404,greenran_normal,1,11,0,0,0,0,not_in_active_ul
12594,9404,greenran_normal,1,12,0,0,0,0,not_in_active_ul
12594,9404,greenran_normal,1,34,0,0,0,0,not_in_active_ul
12594,9404,greenran_normal,2,35,0,0,0,0,not_in_active_ul
12594,9404,greenran_normal,2,36,0,0,0,0,not_in_active_ul
12594,9404,greenran_normal,2,37,0,0,0,0,not_in_active_ul
12594,9404,greenran_normal,2,38,0,0,0,0,not_in_active_ul
12594,9404,greenran_normal,2,39,0,0,0,0,not_in_active_ul
12594,9404,greenran_normal,2,40,0,0,0,0,not_in_active_ul
12594,9404,greenran_normal,2,41,0,0,0,0,not_in_active_ul
12594,9404,greenran_normal,2,42,0,0,0,0,not_in_active_ul
12594,9404,greenran_normal,2,43,0,0,0,0,not_in_active_ul
12594,9404,greenran_normal,2,44,0,0,0,0,not_in_active_ul
12594,9404,greenran_normal,2,55,0,0,0,0,not_in_active_ul
12594,9404,greenran_normal,2,56,0,0,0,0,not_in_active_ul
12594,9404,greenran_normal,2,57,0,0,0,0,not_in_active_ul
12594,9404,greenran_normal,2,58,0,0,0,0,not_in_active_ul
12594,9404,greenran_normal,2,59,0,0,0,0,not_in_active_ul
12594,9404,greenran_normal,2,60,0,0,0,0,not_in_active_ul
12594,9404,greenran_normal,2,61,0,0,0,0,not_in_active_ul
12594,9404,greenran_normal,2,62,0,0,0,0,not_in_active_ul
12594,9404,greenran_normal,2,63,0,0,0,0,not_in_active_ul
12594,9404,greenran_normal,2,64,0,0,0,0,not_in_active_ul
12723,9504,greenran_normal,0,1,1,1199976,0,0,in_active_ul
12723,9504,greenran_normal,0,2,1,1199840,0,0,in_active_ul
12723,9504,greenran_normal,0,3,1,1199496,0,0,in_active_ul
12723,9504,greenran_normal,0,4,1,1200005,0,0,in_active_ul
12723,9504,greenran_normal,0,5,1,1199559,0,0,in_active_ul
12723,9504,greenran_normal,1,6,0,0,0,0,not_in_active_ul
12723,9504,greenran_normal,1,7,0,0,0,0,not_in_active_ul
12723,9504,greenran_normal,1,8,0,0,0,0,not_in_active_ul
12723,9504,greenran_normal,1,9,0,0,0,0,not_in_active_ul
12723,9504,greenran_normal,1,10,0,0,0,0,not_in_active_ul
12723,9504,greenran_normal,1,11,0,0,0,0,not_in_active_ul
12723,9504,greenran_normal,1,12,0,0,0,0,not_in_active_ul
12723,9504,greenran_normal,1,34,0,0,0,0,not_in_active_ul
12723,9504,greenran_normal,2,35,0,0,0,0,not_in_active_ul
12723,9504,greenran_normal,2,36,0,0,0,0,not_in_active_ul
12723,9504,greenran_normal,2,37,1,203,0,0,in_active_ul
12723,9504,greenran_normal,2,38,0,0,0,0,not_in_active_ul
12723,9504,greenran_normal,2,39,0,0,0,0,not_in_active_ul
12723,9504,greenran_normal,2,40,0,0,0,0,not_in_active_ul
12723,9504,greenran_normal,2,41,0,0,0,0,not_in_active_ul
12723,9504,greenran_normal,2,42,0,0,0,0,not_in_active_ul
12723,9504,greenran_normal,2,43,0,0,0,0,not_in_active_ul
12723,9504,greenran_normal,2,44,0,0,0,0,not_in_active_ul
12723,9504,greenran_normal,2,55,0,0,0,0,not_in_active_ul
12723,9504,greenran_normal,2,56,0,0,0,0,not_in_active_ul
12723,9504,greenran_normal,2,57,0,0,0,0,not_in_active_ul
12723,9504,greenran_normal,2,58,0,0,0,0,not_in_active_ul
12723,9504,greenran_normal,2,59,0,0,0,0,not_in_active_ul
12723,9504,greenran_normal,2,60,0,0,0,0,not_in_active_ul
12723,9504,greenran_normal,2,61,0,0,0,0,not_in_active_ul
12723,9504,greenran_normal,2,62,0,0,0,0,not_in_active_ul
12723,9504,greenran_normal,2,63,0,0,0,0,not_in_active_ul
12723,9504,greenran_normal,2,64,0,0,0,0,not_in_active_ul
12865,9604,greenran_normal,0,1,0,0,0,0,not_in_active_ul
12865,9604,greenran_normal,0,2,0,0,0,0,not_in_active_ul
12865,9604,greenran_normal,0,3,0,0,0,0,not_in_active_ul
12865,9604,greenran_normal,0,4,0,0,0,0,not_in_active_ul
12865,9604,greenran_normal,0,5,0,0,0,0,not_in_active_ul
12865,9604,greenran_normal,1,6,0,0,0,0,not_in_active_ul
12865,9604,greenran_normal,1,7,0,0,0,0,not_in_active_ul
12865,9604,greenran_normal,1,8,0,0,0,0,not_in_active_ul
12865,9604,greenran_normal,1,9,0,0,0,0,not_in_active_ul
12865,9604,greenran_normal,1,10,0,0,0,0,not_in_active_ul
12865,9604,greenran_normal,1,11,0,0,0,0,not_in_active_ul
12865,9604,greenran_normal,1,12,0,0,0,0,not_in_active_ul
12865,9604,greenran_normal,1,34,0,0,0,0,not_in_active_ul
12865,9604,greenran_normal,2,35,0,0,0,0,not_in_active_ul
12865,9604,greenran_normal,2,36,0,0,0,0,not_in_active_ul
12865,9604,greenran_normal,2,37,0,0,0,0,not_in_active_ul
12865,9604,greenran_normal,2,38,0,0,0,0,not_in_active_ul
12865,9604,greenran_normal,2,39,0,0,0,0,not_in_active_ul
12865,9604,greenran_normal,2,40,0,0,0,0,not_in_active_ul
12865,9604,greenran_normal,2,41,0,0,0,0,not_in_active_ul
12865,9604,greenran_normal,2,42,0,0,0,0,not_in_active_ul
12865,9604,greenran_normal,2,43,0,0,0,0,not_in_active_ul
12865,9604,greenran_normal,2,44,0,0,0,0,not_in_active_ul
12865,9604,greenran_normal,2,55,0,0,0,0,not_in_active_ul
12865,9604,greenran_normal,2,56,1,33,0,0,in_active_ul
12865,9604,greenran_normal,2,57,0,0,0,0,not_in_active_ul
12865,9604,greenran_normal,2,58,0,0,0,0,not_in_active_ul
12865,9604,greenran_normal,2,59,0,0,0,0,not_in_active_ul
12865,9604,greenran_normal,2,60,0,0,0,0,not_in_active_ul
12865,9604,greenran_normal,2,61,0,0,0,0,not_in_active_ul
12865,9604,greenran_normal,2,62,0,0,0,0,not_in_active_ul
12865,9604,greenran_normal,2,63,0,0,0,0,not_in_active_ul
12865,9604,greenran_normal,2,64,0,0,0,0,not_in_active_ul
13007,9704,greenran_normal,0,1,1,1200005,0,0,in_active_ul
13007,9704,greenran_normal,0,2,1,1200005,0,0,in_active_ul
13007,9704,greenran_normal,0,3,1,1200005,0,0,in_active_ul
13007,9704,greenran_normal,0,4,0,0,0,0,not_in_active_ul
13007,9704,greenran_normal,0,5,1,1200005,0,0,in_active_ul
13007,9704,greenran_normal,1,6,0,0,0,0,not_in_active_ul
13007,9704,greenran_normal,1,7,0,0,0,0,not_in_active_ul
13007,9704,greenran_normal,1,8,0,0,0,0,not_in_active_ul
13007,9704,greenran_normal,1,9,0,0,0,0,not_in_active_ul
13007,9704,greenran_normal,1,10,0,0,0,0,not_in_active_ul
13007,9704,greenran_normal,1,11,0,0,0,0,not_in_active_ul
13007,9704,greenran_normal,1,12,0,0,0,0,not_in_active_ul
13007,9704,greenran_normal,1,34,0,0,0,0,not_in_active_ul
13007,9704,greenran_normal,2,35,0,0,0,0,not_in_active_ul
13007,9704,greenran_normal,2,36,0,0,0,0,not_in_active_ul
13007,9704,greenran_normal,2,37,0,0,0,0,not_in_active_ul
13007,9704,greenran_normal,2,38,0,0,0,0,not_in_active_ul
13007,9704,greenran_normal,2,39,0,0,0,0,not_in_active_ul
13007,9704,greenran_normal,2,40,0,0,0,0,not_in_active_ul
13007,9704,greenran_normal,2,41,0,0,0,0,not_in_active_ul
13007,9704,greenran_normal,2,42,0,0,0,0,not_in_active_ul
13007,9704,greenran_normal,2,43,0,0,0,0,not_in_active_ul
13007,9704,greenran_normal,2,44,0,0,0,0,not_in_active_ul
13007,9704,greenran_normal,2,55,0,0,0,0,not_in_active_ul
13007,9704,greenran_normal,2,56,0,0,0,0,not_in_active_ul
13007,9704,greenran_normal,2,57,0,0,0,0,not_in_active_ul
13007,9704,greenran_normal,2,58,0,0,0,0,not_in_active_ul
13007,9704,greenran_normal,2,59,0,0,0,0,not_in_active_ul
13007,9704,greenran_normal,2,60,0,0,0,0,not_in_active_ul
13007,9704,greenran_normal,2,61,0,0,0,0,not_in_active_ul
13007,9704,greenran_normal,2,62,0,0,0,0,not_in_active_ul
13007,9704,greenran_normal,2,63,0,0,0,0,not_in_active_ul
13007,9704,greenran_normal,2,64,0,0,0,0,not_in_active_ul
13141,9804,greenran_normal,0,1,1,1199803,0,0,in_active_ul
13141,9804,greenran_normal,0,2,1,1199892,0,0,in_active_ul
13141,9804,greenran_normal,0,3,1,1199137,0,0,in_active_ul
13141,9804,greenran_normal,0,4,0,0,0,0,not_in_active_ul
13141,9804,greenran_normal,0,5,1,1199896,0,0,in_active_ul
13141,9804,greenran_normal,1,6,0,0,0,0,not_in_active_ul
13141,9804,greenran_normal,1,7,0,0,0,0,not_in_active_ul
13141,9804,greenran_normal,1,8,0,0,0,0,not_in_active_ul
13141,9804,greenran_normal,1,9,0,0,0,0,not_in_active_ul
13141,9804,greenran_normal,1,10,0,0,0,0,not_in_active_ul
13141,9804,greenran_normal,1,11,0,0,0,0,not_in_active_ul
13141,9804,greenran_normal,1,12,0,0,0,0,not_in_active_ul
13141,9804,greenran_normal,1,34,0,0,0,0,not_in_active_ul
13141,9804,greenran_normal,2,35,0,0,0,0,not_in_active_ul
13141,9804,greenran_normal,2,36,0,0,0,0,not_in_active_ul
13141,9804,greenran_normal,2,37,0,0,0,0,not_in_active_ul
13141,9804,greenran_normal,2,38,0,0,0,0,not_in_active_ul
13141,9804,greenran_normal,2,39,0,0,0,0,not_in_active_ul
13141,9804,greenran_normal,2,40,0,0,0,0,not_in_active_ul
13141,9804,greenran_normal,2,41,0,0,0,0,not_in_active_ul
13141,9804,greenran_normal,2,42,0,0,0,0,not_in_active_ul
13141,9804,greenran_normal,2,43,0,0,0,0,not_in_active_ul
13141,9804,greenran_normal,2,44,0,0,0,0,not_in_active_ul
13141,9804,greenran_normal,2,55,0,0,0,0,not_in_active_ul
13141,9804,greenran_normal,2,56,0,0,0,0,not_in_active_ul
13141,9804,greenran_normal,2,57,0,0,0,0,not_in_active_ul
13141,9804,greenran_normal,2,58,0,0,0,0,not_in_active_ul
13141,9804,greenran_normal,2,59,0,0,0,0,not_in_active_ul
13141,9804,greenran_normal,2,60,0,0,0,0,not_in_active_ul
13141,9804,greenran_normal,2,61,0,0,0,0,not_in_active_ul
13141,9804,greenran_normal,2,62,0,0,0,0,not_in_active_ul
13141,9804,greenran_normal,2,63,0,0,0,0,not_in_active_ul
13141,9804,greenran_normal,2,64,0,0,0,0,not_in_active_ul
13296,9904,greenran_normal,0,1,0,0,0,0,not_in_active_ul
13296,9904,greenran_normal,0,2,1,1200005,0,0,in_active_ul
13296,9904,greenran_normal,0,3,1,1199844,0,0,in_active_ul
13296,9904,greenran_normal,0,4,1,1200005,0,0,in_active_ul
13296,9904,greenran_normal,0,5,1,1199985,0,0,in_active_ul
13296,9904,greenran_normal,1,6,0,0,0,0,not_in_active_ul
13296,9904,greenran_normal,1,7,0,0,0,0,not_in_active_ul
13296,9904,greenran_normal,1,8,0,0,0,0,not_in_active_ul
13296,9904,greenran_normal,1,9,0,0,0,0,not_in_active_ul
13296,9904,greenran_normal,1,10,0,0,0,0,not_in_active_ul
13296,9904,greenran_normal,1,11,0,0,0,0,not_in_active_ul
13296,9904,greenran_normal,1,12,0,0,0,0,not_in_active_ul
13296,9904,greenran_normal,1,34,0,0,0,0,not_in_active_ul
13296,9904,greenran_normal,2,35,0,0,0,0,not_in_active_ul
13296,9904,greenran_normal,2,36,0,0,0,0,not_in_active_ul
13296,9904,greenran_normal,2,37,0,0,0,0,not_in_active_ul
13296,9904,greenran_normal,2,38,0,0,0,0,not_in_active_ul
13296,9904,greenran_normal,2,39,0,0,0,0,not_in_active_ul
13296,9904,greenran_normal,2,40,0,0,0,0,not_in_active_ul
13296,9904,greenran_normal,2,41,0,0,0,0,not_in_active_ul
13296,9904,greenran_normal,2,42,0,0,0,0,not_in_active_ul
13296,9904,greenran_normal,2,43,0,0,0,0,not_in_active_ul
13296,9904,greenran_normal,2,44,0,0,0,0,not_in_active_ul
13296,9904,greenran_normal,2,55,0,0,0,0,not_in_active_ul
13296,9904,greenran_normal,2,56,0,0,0,0,not_in_active_ul
13296,9904,greenran_normal,2,57,0,0,0,0,not_in_active_ul
13296,9904,greenran_normal,2,58,0,0,0,0,not_in_active_ul
13296,9904,greenran_normal,2,59,0,0,0,0,not_in_active_ul
13296,9904,greenran_normal,2,60,0,0,0,0,not_in_active_ul
13296,9904,greenran_normal,2,61,0,0,0,0,not_in_active_ul
13296,9904,greenran_normal,2,62,0,0,0,0,not_in_active_ul
13296,9904,greenran_normal,2,63,0,0,0,0,not_in_active_ul
13296,9904,greenran_normal,2,64,0,0,0,0,not_in_active_ul
13457,10004,greenran_normal,0,1,1,1200005,0,0,in_active_ul
13457,10004,greenran_normal,0,2,1,1200005,0,0,in_active_ul
13457,10004,greenran_normal,0,3,1,1200005,0,0,in_active_ul
13457,10004,greenran_normal,0,4,0,0,0,0,not_in_active_ul
13457,10004,greenran_normal,0,5,1,1200005,0,0,in_active_ul
13457,10004,greenran_normal,1,6,0,0,0,0,not_in_active_ul
13457,10004,greenran_normal,1,7,0,0,0,0,not_in_active_ul
13457,10004,greenran_normal,1,8,0,0,0,0,not_in_active_ul
13457,10004,greenran_normal,1,9,0,0,0,0,not_in_active_ul
13457,10004,greenran_normal,1,10,0,0,0,0,not_in_active_ul
13457,10004,greenran_normal,1,11,0,0,0,0,not_in_active_ul
13457,10004,greenran_normal,1,12,0,0,0,0,not_in_active_ul
13457,10004,greenran_normal,1,34,0,0,0,0,not_in_active_ul
13457,10004,greenran_normal,2,35,0,0,0,0,not_in_active_ul
13457,10004,greenran_normal,2,36,0,0,0,0,not_in_active_ul
13457,10004,greenran_normal,2,37,1,147,0,0,in_active_ul
13457,10004,greenran_normal,2,38,0,0,0,0,not_in_active_ul
13457,10004,greenran_normal,2,39,0,0,0,0,not_in_active_ul
13457,10004,greenran_normal,2,40,0,0,0,0,not_in_active_ul
13457,10004,greenran_normal,2,41,0,0,0,0,not_in_active_ul
13457,10004,greenran_normal,2,42,0,0,0,0,not_in_active_ul
13457,10004,greenran_normal,2,43,0,0,0,0,not_in_active_ul
13457,10004,greenran_normal,2,44,0,0,0,0,not_in_active_ul
13457,10004,greenran_normal,2,55,0,0,0,0,not_in_active_ul
13457,10004,greenran_normal,2,56,0,0,0,0,not_in_active_ul
13457,10004,greenran_normal,2,57,0,0,0,0,not_in_active_ul
13457,10004,greenran_normal,2,58,0,0,0,0,not_in_active_ul
13457,10004,greenran_normal,2,59,0,0,0,0,not_in_active_ul
13457,10004,greenran_normal,2,60,0,0,0,0,not_in_active_ul
13457,10004,greenran_normal,2,61,0,0,0,0,not_in_active_ul
13457,10004,greenran_normal,2,62,0,0,0,0,not_in_active_ul
13457,10004,greenran_normal,2,63,0,0,0,0,not_in_active_ul
13457,10004,greenran_normal,2,64,0,0,0,0,not_in_active_ul
13602,10104,greenran_normal,0,1,1,1200005,0,0,in_active_ul
13602,10104,greenran_normal,0,2,1,1199622,0,0,in_active_ul
13602,10104,greenran_normal,0,3,1,1199802,0,0,in_active_ul
13602,10104,greenran_normal,0,4,1,1200005,0,0,in_active_ul
13602,10104,greenran_normal,0,5,1,1200005,0,0,in_active_ul
13602,10104,greenran_normal,1,6,0,0,0,0,not_in_active_ul
13602,10104,greenran_normal,1,7,0,0,0,0,not_in_active_ul
13602,10104,greenran_normal,1,8,0,0,0,0,not_in_active_ul
13602,10104,greenran_normal,1,9,0,0,0,0,not_in_active_ul
13602,10104,greenran_normal,1,10,0,0,0,0,not_in_active_ul
13602,10104,greenran_normal,1,11,0,0,0,0,not_in_active_ul
13602,10104,greenran_normal,1,12,0,0,0,0,not_in_active_ul
13602,10104,greenran_normal,1,34,0,0,0,0,not_in_active_ul
13602,10104,greenran_normal,2,35,0,0,0,0,not_in_active_ul
13602,10104,greenran_normal,2,36,0,0,0,0,not_in_active_ul
13602,10104,greenran_normal,2,37,0,0,0,0,not_in_active_ul
13602,10104,greenran_normal,2,38,0,0,0,0,not_in_active_ul
13602,10104,greenran_normal,2,39,0,0,0,0,not_in_active_ul
13602,10104,greenran_normal,2,40,1,147,0,0,in_active_ul
13602,10104,greenran_normal,2,41,1,147,0,0,in_active_ul
13602,10104,greenran_normal,2,42,0,0,0,0,not_in_active_ul
13602,10104,greenran_normal,2,43,0,0,0,0,not_in_active_ul
13602,10104,greenran_normal,2,44,0,0,0,0,not_in_active_ul
13602,10104,greenran_normal,2,55,1,147,0,0,in_active_ul
13602,10104,greenran_normal,2,56,0,0,0,0,not_in_active_ul
13602,10104,greenran_normal,2,57,0,0,0,0,not_in_active_ul
13602,10104,greenran_normal,2,58,0,0,0,0,not_in_active_ul
13602,10104,greenran_normal,2,59,0,0,0,0,not_in_active_ul
13602,10104,greenran_normal,2,60,0,0,0,0,not_in_active_ul
13602,10104,greenran_normal,2,61,0,0,0,0,not_in_active_ul
13602,10104,greenran_normal,2,62,1,147,0,0,in_active_ul
13602,10104,greenran_normal,2,63,0,0,0,0,not_in_active_ul
13602,10104,greenran_normal,2,64,0,0,0,0,not_in_active_ul
13744,10204,greenran_normal,0,1,1,1199950,0,0,in_active_ul
13744,10204,greenran_normal,0,2,1,1199950,0,0,in_active_ul
13744,10204,greenran_normal,0,3,1,1199958,0,0,in_active_ul
13744,10204,greenran_normal,0,4,0,0,0,0,not_in_active_ul
13744,10204,greenran_normal,0,5,1,1199872,0,0,in_active_ul
13744,10204,greenran_normal,1,6,0,0,0,0,not_in_active_ul
13744,10204,greenran_normal,1,7,0,0,0,0,not_in_active_ul
13744,10204,greenran_normal,1,8,0,0,0,0,not_in_active_ul
13744,10204,greenran_normal,1,9,0,0,0,0,not_in_active_ul
13744,10204,greenran_normal,1,10,0,0,0,0,not_in_active_ul
13744,10204,greenran_normal,1,11,0,0,0,0,not_in_active_ul
13744,10204,greenran_normal,1,12,0,0,0,0,not_in_active_ul
13744,10204,greenran_normal,1,34,0,0,0,0,not_in_active_ul
13744,10204,greenran_normal,2,35,0,0,0,0,not_in_active_ul
13744,10204,greenran_normal,2,36,0,0,0,0,not_in_active_ul
13744,10204,greenran_normal,2,37,0,0,0,0,not_in_active_ul
13744,10204,greenran_normal,2,38,0,0,0,0,not_in_active_ul
13744,10204,greenran_normal,2,39,0,0,0,0,not_in_active_ul
13744,10204,greenran_normal,2,40,0,0,0,0,not_in_active_ul
13744,10204,greenran_normal,2,41,0,0,0,0,not_in_active_ul
13744,10204,greenran_normal,2,42,0,0,0,0,not_in_active_ul
13744,10204,greenran_normal,2,43,0,0,0,0,not_in_active_ul
13744,10204,greenran_normal,2,44,0,0,0,0,not_in_active_ul
13744,10204,greenran_normal,2,55,0,0,0,0,not_in_active_ul
13744,10204,greenran_normal,2,56,0,0,0,0,not_in_active_ul
13744,10204,greenran_normal,2,57,0,0,0,0,not_in_active_ul
13744,10204,greenran_normal,2,58,0,0,0,0,not_in_active_ul
13744,10204,greenran_normal,2,59,0,0,0,0,not_in_active_ul
13744,10204,greenran_normal,2,60,0,0,0,0,not_in_active_ul
13744,10204,greenran_normal,2,61,0,0,0,0,not_in_active_ul
13744,10204,greenran_normal,2,62,0,0,0,0,not_in_active_ul
13744,10204,greenran_normal,2,63,0,0,0,0,not_in_active_ul
13744,10204,greenran_normal,2,64,0,0,0,0,not_in_active_ul
13882,10304,greenran_normal,0,1,1,1200005,0,0,in_active_ul
13882,10304,greenran_normal,0,2,1,1200005,0,0,in_active_ul
13882,10304,greenran_normal,0,3,1,1199902,0,0,in_active_ul
13882,10304,greenran_normal,0,4,1,1200005,0,0,in_active_ul
13882,10304,greenran_normal,0,5,1,1199993,0,0,in_active_ul
13882,10304,greenran_normal,1,6,0,0,0,0,not_in_active_ul
13882,10304,greenran_normal,1,7,0,0,0,0,not_in_active_ul
13882,10304,greenran_normal,1,8,0,0,0,0,not_in_active_ul
13882,10304,greenran_normal,1,9,0,0,0,0,not_in_active_ul
13882,10304,greenran_normal,1,10,0,0,0,0,not_in_active_ul
13882,10304,greenran_normal,1,11,0,0,0,0,not_in_active_ul
13882,10304,greenran_normal,1,12,0,0,0,0,not_in_active_ul
13882,10304,greenran_normal,1,34,0,0,0,0,not_in_active_ul
13882,10304,greenran_normal,2,35,0,0,0,0,not_in_active_ul
13882,10304,greenran_normal,2,36,0,0,0,0,not_in_active_ul
13882,10304,greenran_normal,2,37,1,51,0,0,in_active_ul
13882,10304,greenran_normal,2,38,0,0,0,0,not_in_active_ul
13882,10304,greenran_normal,2,39,0,0,0,0,not_in_active_ul
13882,10304,greenran_normal,2,40,0,0,0,0,not_in_active_ul
13882,10304,greenran_normal,2,41,0,0,0,0,not_in_active_ul
13882,10304,greenran_normal,2,42,0,0,0,0,not_in_active_ul
13882,10304,greenran_normal,2,43,0,0,0,0,not_in_active_ul
13882,10304,greenran_normal,2,44,0,0,0,0,not_in_active_ul
13882,10304,greenran_normal,2,55,0,0,0,0,not_in_active_ul
13882,10304,greenran_normal,2,56,1,34,0,0,in_active_ul
13882,10304,greenran_normal,2,57,0,0,0,0,not_in_active_ul
13882,10304,greenran_normal,2,58,0,0,0,0,not_in_active_ul
13882,10304,greenran_normal,2,59,0,0,0,0,not_in_active_ul
13882,10304,greenran_normal,2,60,0,0,0,0,not_in_active_ul
13882,10304,greenran_normal,2,61,0,0,0,0,not_in_active_ul
13882,10304,greenran_normal,2,62,0,0,0,0,not_in_active_ul
13882,10304,greenran_normal,2,63,0,0,0,0,not_in_active_ul
13882,10304,greenran_normal,2,64,0,0,0,0,not_in_active_ul
14037,10404,greenran_normal,0,1,1,1199967,0,0,in_active_ul
14037,10404,greenran_normal,0,2,1,1199967,0,0,in_active_ul
14037,10404,greenran_normal,0,3,1,1200005,0,0,in_active_ul
14037,10404,greenran_normal,0,4,0,0,0,0,not_in_active_ul
14037,10404,greenran_normal,0,5,1,1200005,0,0,in_active_ul
14037,10404,greenran_normal,1,6,0,0,0,0,not_in_active_ul
14037,10404,greenran_normal,1,7,0,0,0,0,not_in_active_ul
14037,10404,greenran_normal,1,8,0,0,0,0,not_in_active_ul
14037,10404,greenran_normal,1,9,0,0,0,0,not_in_active_ul
14037,10404,greenran_normal,1,10,0,0,0,0,not_in_active_ul
14037,10404,greenran_normal,1,11,0,0,0,0,not_in_active_ul
14037,10404,greenran_normal,1,12,0,0,0,0,not_in_active_ul
14037,10404,greenran_normal,1,34,0,0,0,0,not_in_active_ul
14037,10404,greenran_normal,2,35,0,0,0,0,not_in_active_ul
14037,10404,greenran_normal,2,36,0,0,0,0,not_in_active_ul
14037,10404,greenran_normal,2,37,0,0,0,0,not_in_active_ul
14037,10404,greenran_normal,2,38,0,0,0,0,not_in_active_ul
14037,10404,greenran_normal,2,39,0,0,0,0,not_in_active_ul
14037,10404,greenran_normal,2,40,1,79,0,0,in_active_ul
14037,10404,greenran_normal,2,41,1,79,0,0,in_active_ul
14037,10404,greenran_normal,2,42,0,0,0,0,not_in_active_ul
14037,10404,greenran_normal,2,43,0,0,0,0,not_in_active_ul
14037,10404,greenran_normal,2,44,0,0,0,0,not_in_active_ul
14037,10404,greenran_normal,2,55,1,79,0,0,in_active_ul
14037,10404,greenran_normal,2,56,0,0,0,0,not_in_active_ul
14037,10404,greenran_normal,2,57,0,0,0,0,not_in_active_ul
14037,10404,greenran_normal,2,58,0,0,0,0,not_in_active_ul
14037,10404,greenran_normal,2,59,0,0,0,0,not_in_active_ul
14037,10404,greenran_normal,2,60,0,0,0,0,not_in_active_ul
14037,10404,greenran_normal,2,61,0,0,0,0,not_in_active_ul
14037,10404,greenran_normal,2,62,1,79,0,0,in_active_ul
14037,10404,greenran_normal,2,63,0,0,0,0,not_in_active_ul
14037,10404,greenran_normal,2,64,0,0,0,0,not_in_active_ul
14166,10504,greenran_normal,0,1,1,1200005,0,0,in_active_ul
14166,10504,greenran_normal,0,2,1,1200005,0,0,in_active_ul
14166,10504,greenran_normal,0,3,1,1200005,0,0,in_active_ul
14166,10504,greenran_normal,0,4,0,0,0,0,not_in_active_ul
14166,10504,greenran_normal,0,5,1,1200005,0,0,in_active_ul
14166,10504,greenran_normal,1,6,0,0,0,0,not_in_active_ul
14166,10504,greenran_normal,1,7,0,0,0,0,not_in_active_ul
14166,10504,greenran_normal,1,8,0,0,0,0,not_in_active_ul
14166,10504,greenran_normal,1,9,0,0,0,0,not_in_active_ul
14166,10504,greenran_normal,1,10,0,0,0,0,not_in_active_ul
14166,10504,greenran_normal,1,11,0,0,0,0,not_in_active_ul
14166,10504,greenran_normal,1,12,0,0,0,0,not_in_active_ul
14166,10504,greenran_normal,1,34,0,0,0,0,not_in_active_ul
14166,10504,greenran_normal,2,35,0,0,0,0,not_in_active_ul
14166,10504,greenran_normal,2,36,0,0,0,0,not_in_active_ul
14166,10504,greenran_normal,2,37,0,0,0,0,not_in_active_ul
14166,10504,greenran_normal,2,38,0,0,0,0,not_in_active_ul
14166,10504,greenran_normal,2,39,0,0,0,0,not_in_active_ul
14166,10504,greenran_normal,2,40,0,0,0,0,not_in_active_ul
14166,10504,greenran_normal,2,41,0,0,0,0,not_in_active_ul
14166,10504,greenran_normal,2,42,0,0,0,0,not_in_active_ul
14166,10504,greenran_normal,2,43,0,0,0,0,not_in_active_ul
14166,10504,greenran_normal,2,44,0,0,0,0,not_in_active_ul
14166,10504,greenran_normal,2,55,0,0,0,0,not_in_active_ul
14166,10504,greenran_normal,2,56,0,0,0,0,not_in_active_ul
14166,10504,greenran_normal,2,57,0,0,0,0,not_in_active_ul
14166,10504,greenran_normal,2,58,0,0,0,0,not_in_active_ul
14166,10504,greenran_normal,2,59,0,0,0,0,not_in_active_ul
14166,10504,greenran_normal,2,60,0,0,0,0,not_in_active_ul
14166,10504,greenran_normal,2,61,0,0,0,0,not_in_active_ul
14166,10504,greenran_normal,2,62,0,0,0,0,not_in_active_ul
14166,10504,greenran_normal,2,63,0,0,0,0,not_in_active_ul
14166,10504,greenran_normal,2,64,0,0,0,0,not_in_active_ul
