timestamp,ueImsi,sliceId,dTxBytes,dRxBytes,plr,resourceSharePct,dLostPackets,throughputMbps,bufferBytes,dlBufferBytes,ulBufferBytes,macBufferBytes,congestionPct,lastDrlActionStatus
9900,1,0,128736,0,100.00,37.81,112,0.0000,1199431,79872,1199431,1279303,12.20,applied
9900,2,0,128736,36840,73.21,37.81,82,2.9472,1200005,79234,1200005,1279239,12.20,applied
9900,3,0,128736,68768,50.00,37.81,56,5.5014,1200005,79205,1200005,1279210,12.20,applied
9900,4,0,128736,0,100.00,37.81,112,0.0000,34,80108,34,80142,0.76,applied
9900,5,0,128736,0,100.00,37.81,112,0.0000,2019,79252,2019,81271,0.78,applied
9900,6,1,0,0,0.00,42.72,0,0.0000,34,0,34,34,0.00,applied
9900,7,1,0,0,0.00,42.72,0,0.0000,34,0,34,34,0.00,applied
9900,8,1,0,0,0.00,42.72,0,0.0000,34,0,34,34,0.00,applied
9900,9,1,0,0,0.00,42.72,0,0.0000,34,0,34,34,0.00,applied
9900,10,1,0,0,0.00,42.72,0,0.0000,34,0,34,34,0.00,applied
9900,11,1,0,0,0.00,42.72,0,0.0000,34,0,34,34,0.00,applied
9900,12,1,0,0,0.00,42.72,0,0.0000,17,0,17,17,0.00,applied
9900,13,1,0,0,0.00,42.72,0,0.0000,34,0,34,34,0.00,applied
9900,14,2,65200,940,90.00,19.46,45,0.0752,4984376,4984376,51,4984427,47.54,applied
9900,15,2,65200,0,100.00,19.46,50,0.0000,4984454,4984454,51,4984505,47.54,applied
9900,16,2,65200,0,100.00,19.46,50,0.0000,4984422,4984422,51,4984473,47.54,applied
9900,17,2,65200,0,100.00,19.46,50,0.0000,4986506,4986506,51,4986557,47.56,applied
9900,18,2,65200,0,100.00,19.46,50,0.0000,4984388,4984388,51,4984439,47.54,applied
