timestamp,ueImsi,sliceId,dTxBytes,dRxBytes,plr,resourceSharePct,dLostPackets,throughputMbps,bufferBytes
560,1,0,24448,1528,93.75,41.66,15,1.2224,138039
560,2,0,24448,1528,93.75,41.66,15,1.2224,138040
560,3,0,24448,1528,93.75,41.66,15,1.2224,137995
560,4,0,24448,1528,93.75,41.66,15,1.2224,137508
560,5,0,24448,1528,93.75,41.66,15,1.2224,137510
560,6,1,780,624,20.00,25.00,2,0.4992,126
560,7,1,780,624,20.00,25.00,2,0.4992,126
560,8,1,780,624,20.00,25.00,2,0.4992,126
560,9,1,780,624,20.00,25.00,2,0.4992,225
560,10,1,780,624,20.00,25.00,2,0.4992,225
560,11,2,16000,384,97.60,33.34,122,0.3072,91595
560,12,2,16000,384,97.60,33.34,122,0.3072,91581
560,13,2,16000,768,95.20,33.34,119,0.6144,91091
560,14,2,16000,768,95.20,33.34,119,0.6144,91106
560,15,2,16000,768,95.20,33.34,119,0.6144,91155
560,16,2,16000,768,95.20,33.34,119,0.6144,91160
560,17,2,16000,768,95.20,33.34,119,0.6144,91156
560,18,2,16000,768,95.20,33.34,119,0.6144,91073
560,19,2,16000,768,95.20,33.34,119,0.6144,91063
560,20,2,16000,768,95.20,33.34,119,0.6144,91068
