timestamp,sliceId,dedicatedPRB,minPRB,maxPRB
510,0,30.062838991312812,30.062838991312812,100.0
510,1,38.20960882908175,38.20960882908175,100.0
510,2,31.727552179605432,31.727552179605432,100.0
520,0,37.626386780887216,37.626386780887216,100.0
520,1,38.74329463422031,38.74329463422031,100.0
520,2,23.63031858489247,23.63031858489247,100.0
530,0,46.448752347040866,46.448752347040866,100.0
530,1,25.345796662243654,25.345796662243654,100.0
530,2,28.20545099071548,28.20545099071548,100.0
540,0,44.97978157126755,44.97978157126755,100.0
540,1,33.413160284275826,33.413160284275826,100.0
540,2,21.607058144456623,21.607058144456623,100.0
550,0,36.719116226858134,36.719116226858134,100.0
550,1,36.1543170365543,36.1543170365543,100.0
550,2,27.12656673658756,27.12656673658756,100.0
560,0,34.26743306445431,34.26743306445431,100.0
560,1,36.09630425194376,36.09630425194376,100.0
560,2,29.636262683601938,29.636262683601938,100.0
570,0,31.43891440911138,31.43891440911138,100.0
570,1,32.03171338807186,32.03171338807186,100.0
570,2,36.52937220281676,36.52937220281676,100.0
580,0,23.485763156994764,23.485763156994764,100.0
580,1,34.46681790412271,34.46681790412271,100.0
580,2,42.04741893888252,42.04741893888252,100.0
590,0,39.553451813532725,39.553451813532725,100.0
590,1,34.27963622075663,34.27963622075663,100.0
590,2,26.16691196571065,26.16691196571065,100.0
600,0,23.580597216764673,23.580597216764673,100.0
600,1,36.182193813286226,36.182193813286226,100.0
600,2,40.23720896994911,40.23720896994911,100.0
610,0,28.266048797801886,28.266048797801886,100.0
610,1,27.164257058931806,27.164257058931806,100.0
610,2,44.56969414326631,44.56969414326631,100.0
620,0,31.99246267788621,31.99246267788621,100.0
620,1,44.600533302463994,44.600533302463994,100.0
620,2,23.407004019649804,23.407004019649804,100.0
630,0,31.846992529739826,31.846992529739826,100.0
630,1,25.208243226699384,25.208243226699384,100.0
630,2,42.9447642435608,42.9447642435608,100.0
640,0,40.23619354817721,40.23619354817721,100.0
640,1,35.42215926021755,35.42215926021755,100.0
640,2,24.341647191605244,24.341647191605244,100.0
650,0,37.796489435110004,37.796489435110004,100.0
650,1,29.46809693636711,29.46809693636711,100.0
650,2,32.73541362852289,32.73541362852289,100.0
660,0,25.31134133883316,25.31134133883316,100.0
660,1,40.49293784412812,40.49293784412812,100.0
660,2,34.19572081703873,34.19572081703873,100.0
670,0,34.51175644622179,34.51175644622179,100.0
670,1,37.33009400557184,37.33009400557184,100.0
670,2,28.158149548206367,28.158149548206367,100.0
680,0,30.562657870560763,30.562657870560763,100.0
680,1,37.092626640121715,37.092626640121715,100.0
680,2,32.34471548931754,32.34471548931754,100.0
690,0,42.33119883353352,42.33119883353352,100.0
690,1,32.626441496545425,32.626441496545425,100.0
690,2,25.042359669921048,25.042359669921048,100.0
700,0,36.94885824706765,36.94885824706765,100.0
700,1,44.37691692444739,44.37691692444739,100.0
700,2,18.674224828484952,18.674224828484952,100.0
710,0,33.9984449610537,33.9984449610537,100.0
710,1,27.08147846279679,27.08147846279679,100.0
710,2,38.92007657614951,38.92007657614951,100.0
720,0,27.230138876924116,27.230138876924116,100.0
720,1,32.52923022496891,32.52923022496891,100.0
720,2,40.240630898106986,40.240630898106986,100.0
730,0,41.66556608590929,41.66556608590929,100.0
730,1,34.874278442592086,34.874278442592086,100.0
730,2,23.460155471498624,23.460155471498624,100.0
740,0,24.770634833643022,24.770634833643022,100.0
740,1,52.859992619244714,52.859992619244714,100.0
740,2,22.36937254711227,22.36937254711227,100.0
750,0,36.77044946167759,36.77044946167759,100.0
750,1,34.08744460330935,34.08744460330935,100.0
750,2,29.142105935013053,29.142105935013053,100.0
760,0,29.756168662292847,29.756168662292847,100.0
760,1,40.82798863708401,40.82798863708401,100.0
760,2,29.415842700623152,29.415842700623152,100.0
770,0,36.74225539062258,36.74225539062258,100.0
770,1,40.200713780731974,40.200713780731974,100.0
770,2,23.057030828645452,23.057030828645452,100.0
780,0,48.485762002769086,48.485762002769086,100.0
780,1,29.642378783924116,29.642378783924116,100.0
780,2,21.871859213306802,21.871859213306802,100.0
790,0,26.721926764041164,26.721926764041164,100.0
790,1,51.31585392390018,51.31585392390018,100.0
790,2,21.962219312058657,21.962219312058657,100.0
800,0,32.97193804277056,32.97193804277056,100.0
800,1,43.80313594161524,43.80313594161524,100.0
800,2,23.2249260156142,23.2249260156142,100.0
810,0,24.017935496196152,24.017935496196152,100.0
810,1,47.63892291659042,47.63892291659042,100.0
810,2,28.34314158721342,28.34314158721342,100.0
820,0,27.75584292855787,27.75584292855787,100.0
820,1,43.35588177435559,43.35588177435559,100.0
820,2,28.88827529708655,28.88827529708655,100.0
830,0,43.85786628183236,43.85786628183236,100.0
830,1,36.52252103640028,36.52252103640028,100.0
830,2,19.61961268176736,19.61961268176736,100.0
840,0,30.595135079180753,30.595135079180753,100.0
840,1,34.8339679450478,34.8339679450478,100.0
840,2,34.57089697577144,34.57089697577144,100.0
850,0,34.828358653297165,34.828358653297165,100.0
850,1,44.8544940574909,44.8544940574909,100.0
850,2,20.317147289211935,20.317147289211935,100.0
860,0,46.98303604498136,46.98303604498136,100.0
860,1,32.564145921791855,32.564145921791855,100.0
860,2,20.452818033226798,20.452818033226798,100.0
870,0,24.514114362538823,24.514114362538823,100.0
870,1,40.72717236276577,40.72717236276577,100.0
870,2,34.75871327469541,34.75871327469541,100.0
880,0,38.62394627954184,38.62394627954184,100.0
880,1,31.088993318782315,31.088993318782315,100.0
880,2,30.28706040167584,30.28706040167584,100.0
890,0,49.67478516362448,49.67478516362448,100.0
890,1,30.18951201854392,30.18951201854392,100.0
890,2,20.135702817831596,20.135702817831596,100.0
900,0,22.431007790740708,22.431007790740708,100.0
900,1,45.15459586146988,45.15459586146988,100.0
900,2,32.414396347789406,32.414396347789406,100.0
910,0,35.07742233728737,35.07742233728737,100.0
910,1,41.92127122183178,41.92127122183178,100.0
910,2,23.00130644088085,23.00130644088085,100.0
920,0,48.03527026844879,48.03527026844879,100.0
920,1,30.358660133044168,30.358660133044168,100.0
920,2,21.606069598507034,21.606069598507034,100.0
930,0,45.75152112603931,45.75152112603931,100.0
930,1,29.82351192349551,29.82351192349551,100.0
930,2,24.424966950465183,24.424966950465183,100.0
940,0,40.97922902106001,40.97922902106001,100.0
940,1,23.785535993960377,23.785535993960377,100.0
940,2,35.23523498497963,35.23523498497963,100.0
950,0,36.23070794264608,36.23070794264608,100.0
950,1,28.66454019912441,28.66454019912441,100.0
950,2,35.10475185822951,35.10475185822951,100.0
960,0,42.40532288017683,42.40532288017683,100.0
960,1,30.01796140016334,30.01796140016334,100.0
960,2,27.576715719659834,27.576715719659834,100.0
970,0,48.897370136644035,48.897370136644035,100.0
970,1,29.273414613311278,29.273414613311278,100.0
970,2,21.829215250044694,21.829215250044694,100.0
980,0,24.619294027617183,24.619294027617183,100.0
980,1,33.59496613781326,33.59496613781326,100.0
980,2,41.785739834569554,41.785739834569554,100.0
990,0,48.34581813623549,48.34581813623549,100.0
990,1,31.41092742179189,31.41092742179189,100.0
990,2,20.243254441972613,20.243254441972613,100.0
1000,0,22.848013455125038,22.848013455125038,100.0
1000,1,44.41890754200435,44.41890754200435,100.0
1000,2,32.73307900287061,32.73307900287061,100.0
1010,0,34.983676701235524,34.983676701235524,100.0
1010,1,35.44234306089255,35.44234306089255,100.0
1010,2,29.573980237871922,29.573980237871922,100.0
1020,0,35.42686198296801,35.42686198296801,100.0
1020,1,31.24064023362824,31.24064023362824,100.0
1020,2,33.332497783403745,33.332497783403745,100.0
1030,0,29.285252943402746,29.285252943402746,100.0
1030,1,49.633553285651494,49.633553285651494,100.0
1030,2,21.081193770945767,21.081193770945767,100.0
1040,0,29.95053610684212,29.95053610684212,100.0
1040,1,48.96050029594403,48.96050029594403,100.0
1040,2,21.088963597213855,21.088963597213855,100.0
1050,0,48.69744655063434,48.69744655063434,100.0
1050,1,29.001352860025786,29.001352860025786,100.0
1050,2,22.30120058933988,22.30120058933988,100.0
1060,0,33.338479517704876,33.338479517704876,100.0
1060,1,32.66111761867477,32.66111761867477,100.0
1060,2,34.00040286362035,34.00040286362035,100.0
1070,0,45.42519330958484,45.42519330958484,100.0
1070,1,30.363778528326062,30.363778528326062,100.0
1070,2,24.211028162089086,24.211028162089086,100.0
1080,0,46.60334113145828,46.60334113145828,100.0
1080,1,31.207558270982126,31.207558270982126,100.0
1080,2,22.189100597559605,22.189100597559605,100.0
1090,0,31.531341619927726,31.531341619927726,100.0
1090,1,34.796925609024335,34.796925609024335,100.0
1090,2,33.67173277104795,33.67173277104795,100.0
1100,0,26.503266579151603,26.503266579151603,100.0
1100,1,40.68753618962247,40.68753618962247,100.0
1100,2,32.80919723122593,32.80919723122593,100.0
1110,0,39.476024955382705,39.476024955382705,100.0
1110,1,29.694448056854828,29.694448056854828,100.0
1110,2,30.829526987762467,30.829526987762467,100.0
1120,0,24.89539882563061,24.89539882563061,100.0
1120,1,43.63144394053457,43.63144394053457,100.0
1120,2,31.47315723383483,31.47315723383483,100.0
1130,0,40.97682793227832,40.97682793227832,100.0
1130,1,25.92796830563416,25.92796830563416,100.0
1130,2,33.09520376208752,33.09520376208752,100.0
1140,0,41.150692004320035,41.150692004320035,100.0
1140,1,31.231755108953312,31.231755108953312,100.0
1140,2,27.61755288672665,27.61755288672665,100.0
1150,0,43.33728327602417,43.33728327602417,100.0
1150,1,28.129461515944303,28.129461515944303,100.0
1150,2,28.533255208031527,28.533255208031527,100.0
1160,0,43.34854404197367,43.34854404197367,100.0
1160,1,26.43543492581606,26.43543492581606,100.0
1160,2,30.216021032210268,30.216021032210268,100.0
1170,0,44.38017209247697,44.38017209247697,100.0
1170,1,35.61731316671513,35.61731316671513,100.0
1170,2,20.002514740807907,20.002514740807907,100.0
1180,0,49.80749215309166,49.80749215309166,100.0
1180,1,28.01831709665048,28.01831709665048,100.0
1180,2,22.174190750257853,22.174190750257853,100.0
1190,0,51.367450599226885,51.367450599226885,100.0
1190,1,27.76610385801631,27.76610385801631,100.0
1190,2,20.866445542756807,20.866445542756807,100.0
1200,0,35.74810489268076,35.74810489268076,100.0
1200,1,45.16052302915119,45.16052302915119,100.0
1200,2,19.09137207816805,19.09137207816805,100.0
1210,0,37.087962061753736,37.087962061753736,100.0
1210,1,37.10676205720521,37.10676205720521,100.0
1210,2,25.80527588104105,25.80527588104105,100.0
1220,0,38.59678290887844,38.59678290887844,100.0
1220,1,35.13228780556662,35.13228780556662,100.0
1220,2,26.27092928555494,26.27092928555494,100.0
1230,0,23.957663167967436,23.957663167967436,100.0
1230,1,53.48295135679435,53.48295135679435,100.0
1230,2,22.559385475238216,22.559385475238216,100.0
1240,0,30.0386980799805,30.0386980799805,100.0
1240,1,35.50215485876859,35.50215485876859,100.0
1240,2,34.45914706125092,34.45914706125092,100.0
1250,0,49.445197135153286,49.445197135153286,100.0
1250,1,28.014813768928537,28.014813768928537,100.0
1250,2,22.539989095918184,22.539989095918184,100.0
1260,0,37.01724101455427,37.01724101455427,100.0
1260,1,39.12346635552554,39.12346635552554,100.0
1260,2,23.859292629920194,23.859292629920194,100.0
1270,0,42.641477551461,42.641477551461,100.0
1270,1,31.53047528364797,31.53047528364797,100.0
1270,2,25.82804716489103,25.82804716489103,100.0
1280,0,25.476828473377154,25.476828473377154,100.0
1280,1,34.80345080806084,34.80345080806084,100.0
1280,2,39.719720718562016,39.719720718562016,100.0
1290,0,41.35733136803049,41.35733136803049,100.0
1290,1,35.06206200627802,35.06206200627802,100.0
1290,2,23.580606625691495,23.580606625691495,100.0
1300,0,22.105700393036578,22.105700393036578,100.0
1300,1,32.344921169785906,32.344921169785906,100.0
1300,2,45.54937843717751,45.54937843717751,100.0
1310,0,48.483839219092786,48.483839219092786,100.0
1310,1,27.895103969100642,27.895103969100642,100.0
1310,2,23.62105681180658,23.62105681180658,100.0
1320,0,29.24940901174645,29.24940901174645,100.0
1320,1,36.765345829242754,36.765345829242754,100.0
1320,2,33.9852451590108,33.9852451590108,100.0
1330,0,37.01535484802218,37.01535484802218,100.0
1330,1,33.061804362305914,33.061804362305914,100.0
1330,2,29.922840789671913,29.922840789671913,100.0
1340,0,32.503481151805765,32.503481151805765,100.0
1340,1,35.266731137588856,35.266731137588856,100.0
1340,2,32.229787710605386,32.229787710605386,100.0
1350,0,39.929617350110085,39.929617350110085,100.0
1350,1,35.44382371326875,35.44382371326875,100.0
1350,2,24.62655893662116,24.62655893662116,100.0
1360,0,28.91371066809111,28.91371066809111,100.0
1360,1,29.381030294394478,29.381030294394478,100.0
1360,2,41.705259037514416,41.705259037514416,100.0
1370,0,34.12539205066789,34.12539205066789,100.0
1370,1,36.97122199909032,36.97122199909032,100.0
1370,2,28.903385950241795,28.903385950241795,100.0
1380,0,25.949567062373724,25.949567062373724,100.0
1380,1,46.42784518686589,46.42784518686589,100.0
1380,2,27.622587750760385,27.622587750760385,100.0
1390,0,31.560606372024726,31.560606372024726,100.0
1390,1,48.474757764699035,48.474757764699035,100.0
1390,2,19.964635863276243,19.964635863276243,100.0
1400,0,33.567983774070356,33.567983774070356,100.0
1400,1,28.650929851949954,28.650929851949954,100.0
1400,2,37.7810863739797,37.7810863739797,100.0
1410,0,42.59087887417024,42.59087887417024,100.0
1410,1,28.09378620062016,28.09378620062016,100.0
1410,2,29.31533492520961,29.31533492520961,100.0
1420,0,46.06852773222453,46.06852773222453,100.0
1420,1,26.23018420738592,26.23018420738592,100.0
1420,2,27.701288060389555,27.701288060389555,100.0
1430,0,26.076311981813273,26.076311981813273,100.0
1430,1,40.14419025400226,40.14419025400226,100.0
1430,2,33.77949776418448,33.77949776418448,100.0
1440,0,38.03658545464079,38.03658545464079,100.0
1440,1,25.061549309447873,25.061549309447873,100.0
1440,2,36.90186523591134,36.90186523591134,100.0
1450,0,50.84127223929262,50.84127223929262,100.0
1450,1,29.51834521905165,29.51834521905165,100.0
1450,2,19.640382541655722,19.640382541655722,100.0
1460,0,44.76617137393642,44.76617137393642,100.0
1460,1,33.70335969191399,33.70335969191399,100.0
1460,2,21.53046893414959,21.53046893414959,100.0
1470,0,50.211968746939185,50.211968746939185,100.0
1470,1,26.049908383028985,26.049908383028985,100.0
1470,2,23.738122870031823,23.738122870031823,100.0
1480,0,42.1442911850558,42.1442911850558,100.0
1480,1,29.431924148168154,29.431924148168154,100.0
1480,2,28.423784666776058,28.423784666776058,100.0
1490,0,45.61155401633316,45.61155401633316,100.0
1490,1,30.047753662955913,30.047753662955913,100.0
1490,2,24.340692320710936,24.340692320710936,100.0
1500,0,25.45702278090769,25.45702278090769,100.0
1500,1,30.441998979419505,30.441998979419505,100.0
1500,2,44.100978239672806,44.100978239672806,100.0
