timestamp,sliceId,dedicatedPRB,minPRB,maxPRB,algorithm
510,0,31.665,31.665,100.0,0
510,1,35.0,35.0,100.0,0
510,2,33.335,33.335,100.0,0
520,0,41.665,41.665,100.0,0
520,1,20.000000000000004,20.000000000000004,100.0,0
520,2,38.335,38.335,100.0,0
530,0,31.665,31.665,100.0,0
530,1,50.0,50.0,100.0,0
530,2,18.335,18.335,100.0,0
540,0,56.665,56.665,100.0,0
540,1,25.0,25.0,100.0,0
540,2,18.335,18.335,100.0,0
550,0,21.665,21.665,100.0,2
550,1,55.00000000000001,55.00000000000001,100.0,2
550,2,23.335,23.335,100.0,2
560,0,61.665000000000006,61.665000000000006,100.0,1
560,1,25.0,25.0,100.0,1
560,2,13.334999999999999,13.334999999999999,100.0,1
570,0,21.665,21.665,100.0,2
570,1,55.00000000000001,55.00000000000001,100.0,2
570,2,23.335,23.335,100.0,2
580,0,21.665,21.665,100.0,0
580,1,30.000000000000004,30.000000000000004,100.0,0
580,2,48.334999999999994,48.334999999999994,100.0,0
590,0,56.665,56.665,100.0,1
590,1,30.000000000000004,30.000000000000004,100.0,1
590,2,13.334999999999999,13.334999999999999,100.0,1
600,0,36.665000000000006,36.665000000000006,100.0,0
600,1,30.000000000000004,30.000000000000004,100.0,0
600,2,33.335,33.335,100.0,0
610,0,41.665,41.665,100.0,2
610,1,20.000000000000004,20.000000000000004,100.0,2
610,2,38.335,38.335,100.0,2
620,0,41.665,41.665,100.0,2
620,1,20.000000000000004,20.000000000000004,100.0,2
620,2,38.335,38.335,100.0,2
630,0,41.665,41.665,100.0,2
630,1,20.000000000000004,20.000000000000004,100.0,2
630,2,38.335,38.335,100.0,2
640,0,41.665,41.665,100.0,2
640,1,20.000000000000004,20.000000000000004,100.0,2
640,2,38.335,38.335,100.0,2
650,0,41.665,41.665,100.0,2
650,1,20.000000000000004,20.000000000000004,100.0,2
650,2,38.335,38.335,100.0,2
660,0,41.665,41.665,100.0,2
660,1,20.000000000000004,20.000000000000004,100.0,2
660,2,38.335,38.335,100.0,2
670,0,26.665,26.665,100.0,2
670,1,50.0,50.0,100.0,2
670,2,23.335,23.335,100.0,2
680,0,26.665,26.665,100.0,1
680,1,45.0,45.0,100.0,1
680,2,28.335,28.335,100.0,1
690,0,31.665,31.665,100.0,1
690,1,20.0,20.0,100.0,1
690,2,48.334999999999994,48.334999999999994,100.0,1
700,0,31.665,31.665,100.0,0
700,1,55.00000000000001,55.00000000000001,100.0,0
700,2,13.334999999999999,13.334999999999999,100.0,0
710,0,26.665,26.665,100.0,1
710,1,45.0,45.0,100.0,1
710,2,28.335,28.335,100.0,1
720,0,56.665,56.665,100.0,1
720,1,25.0,25.0,100.0,1
720,2,18.335,18.335,100.0,1
730,0,56.665,56.665,100.0,1
730,1,25.0,25.0,100.0,1
730,2,18.335,18.335,100.0,1
740,0,56.665,56.665,100.0,1
740,1,25.0,25.0,100.0,1
740,2,18.335,18.335,100.0,1
750,0,56.665,56.665,100.0,1
750,1,25.0,25.0,100.0,1
750,2,18.335,18.335,100.0,1
760,0,56.665,56.665,100.0,1
760,1,25.0,25.0,100.0,1
760,2,18.335,18.335,100.0,1
770,0,26.665,26.665,100.0,1
770,1,45.0,45.0,100.0,1
770,2,28.335,28.335,100.0,1
780,0,26.665,26.665,100.0,1
780,1,45.0,45.0,100.0,1
780,2,28.335,28.335,100.0,1
790,0,26.665,26.665,100.0,1
790,1,45.0,45.0,100.0,1
790,2,28.335,28.335,100.0,1
800,0,21.665,21.665,100.0,2
800,1,20.0,20.0,100.0,2
800,2,58.335,58.335,100.0,2
810,0,56.665,56.665,100.0,1
810,1,25.0,25.0,100.0,1
810,2,18.335,18.335,100.0,1
820,0,26.665,26.665,100.0,1
820,1,45.0,45.0,100.0,1
820,2,28.335,28.335,100.0,1
830,0,21.665,21.665,100.0,2
830,1,20.0,20.0,100.0,2
830,2,58.335,58.335,100.0,2
840,0,21.665,21.665,100.0,2
840,1,20.0,20.0,100.0,2
840,2,58.335,58.335,100.0,2
850,0,21.665,21.665,100.0,2
850,1,20.0,20.0,100.0,2
850,2,58.335,58.335,100.0,2
860,0,21.665,21.665,100.0,2
860,1,20.0,20.0,100.0,2
860,2,58.335,58.335,100.0,2
870,0,21.665,21.665,100.0,2
870,1,20.0,20.0,100.0,2
870,2,58.335,58.335,100.0,2
880,0,21.665,21.665,100.0,2
880,1,20.0,20.0,100.0,2
880,2,58.335,58.335,100.0,2
890,0,21.665,21.665,100.0,2
890,1,55.00000000000001,55.00000000000001,100.0,2
890,2,23.335,23.335,100.0,2
900,0,21.665,21.665,100.0,2
900,1,55.00000000000001,55.00000000000001,100.0,2
900,2,23.335,23.335,100.0,2
910,0,21.665,21.665,100.0,2
910,1,55.00000000000001,55.00000000000001,100.0,2
910,2,23.335,23.335,100.0,2
920,0,21.665,21.665,100.0,2
920,1,55.00000000000001,55.00000000000001,100.0,2
920,2,23.335,23.335,100.0,2
930,0,21.665,21.665,100.0,2
930,1,55.00000000000001,55.00000000000001,100.0,2
930,2,23.335,23.335,100.0,2
940,0,21.665,21.665,100.0,2
940,1,55.00000000000001,55.00000000000001,100.0,2
940,2,23.335,23.335,100.0,2
950,0,26.665,26.665,100.0,1
950,1,40.0,40.0,100.0,1
950,2,33.335,33.335,100.0,1
960,0,21.665,21.665,100.0,2
960,1,55.00000000000001,55.00000000000001,100.0,2
960,2,23.335,23.335,100.0,2
970,0,26.665,26.665,100.0,1
970,1,45.0,45.0,100.0,1
970,2,28.335,28.335,100.0,1
980,0,21.665,21.665,100.0,2
980,1,55.00000000000001,55.00000000000001,100.0,2
980,2,23.335,23.335,100.0,2
990,0,21.665,21.665,100.0,2
990,1,55.00000000000001,55.00000000000001,100.0,2
990,2,23.335,23.335,100.0,2
1000,0,21.665,21.665,100.0,2
1000,1,55.00000000000001,55.00000000000001,100.0,2
1000,2,23.335,23.335,100.0,2
1010,0,21.665,21.665,100.0,2
1010,1,55.00000000000001,55.00000000000001,100.0,2
1010,2,23.335,23.335,100.0,2
1020,0,21.665,21.665,100.0,2
1020,1,55.00000000000001,55.00000000000001,100.0,2
1020,2,23.335,23.335,100.0,2
1030,0,21.665,21.665,100.0,0
1030,1,30.000000000000004,30.000000000000004,100.0,0
1030,2,48.334999999999994,48.334999999999994,100.0,0
1040,0,21.665,21.665,100.0,0
1040,1,30.000000000000004,30.000000000000004,100.0,0
1040,2,48.334999999999994,48.334999999999994,100.0,0
1050,0,21.665,21.665,100.0,0
1050,1,30.000000000000004,30.000000000000004,100.0,0
1050,2,48.334999999999994,48.334999999999994,100.0,0
1060,0,21.665,21.665,100.0,0
1060,1,30.000000000000004,30.000000000000004,100.0,0
1060,2,48.334999999999994,48.334999999999994,100.0,0
1070,0,21.665,21.665,100.0,0
1070,1,30.000000000000004,30.000000000000004,100.0,0
1070,2,48.334999999999994,48.334999999999994,100.0,0
1080,0,21.665,21.665,100.0,0
1080,1,30.000000000000004,30.000000000000004,100.0,0
1080,2,48.334999999999994,48.334999999999994,100.0,0
1090,0,21.665,21.665,100.0,0
1090,1,30.000000000000004,30.000000000000004,100.0,0
1090,2,48.334999999999994,48.334999999999994,100.0,0
1100,0,21.665,21.665,100.0,0
1100,1,30.000000000000004,30.000000000000004,100.0,0
1100,2,48.334999999999994,48.334999999999994,100.0,0
1110,0,21.665,21.665,100.0,0
1110,1,30.000000000000004,30.000000000000004,100.0,0
1110,2,48.334999999999994,48.334999999999994,100.0,0
1120,0,21.665,21.665,100.0,0
1120,1,30.000000000000004,30.000000000000004,100.0,0
1120,2,48.334999999999994,48.334999999999994,100.0,0
1130,0,21.665,21.665,100.0,0
1130,1,30.000000000000004,30.000000000000004,100.0,0
1130,2,48.334999999999994,48.334999999999994,100.0,0
1140,0,16.665,16.665,100.0,0
1140,1,20.0,20.0,100.0,0
1140,2,63.334999999999994,63.334999999999994,100.0,0
1150,0,16.665,16.665,100.0,0
1150,1,20.0,20.0,100.0,0
1150,2,63.334999999999994,63.334999999999994,100.0,0
1160,0,16.665,16.665,100.0,0
1160,1,20.0,20.0,100.0,0
1160,2,63.334999999999994,63.334999999999994,100.0,0
1170,0,16.665,16.665,100.0,0
1170,1,20.0,20.0,100.0,0
1170,2,63.334999999999994,63.334999999999994,100.0,0
1180,0,16.665,16.665,100.0,0
1180,1,20.0,20.0,100.0,0
1180,2,63.334999999999994,63.334999999999994,100.0,0
1190,0,16.665,16.665,100.0,0
1190,1,20.0,20.0,100.0,0
1190,2,63.334999999999994,63.334999999999994,100.0,0
1200,0,16.665,16.665,100.0,0
1200,1,20.0,20.0,100.0,0
1200,2,63.334999999999994,63.334999999999994,100.0,0
1210,0,16.665,16.665,100.0,0
1210,1,20.0,20.0,100.0,0
1210,2,63.334999999999994,63.334999999999994,100.0,0
1220,0,16.665,16.665,100.0,0
1220,1,20.0,20.0,100.0,0
1220,2,63.334999999999994,63.334999999999994,100.0,0
1230,0,16.665,16.665,100.0,0
1230,1,20.0,20.0,100.0,0
1230,2,63.334999999999994,63.334999999999994,100.0,0
1240,0,26.665,26.665,100.0,2
1240,1,50.0,50.0,100.0,2
1240,2,23.335,23.335,100.0,2
1250,0,36.665000000000006,36.665000000000006,100.0,1
1250,1,50.0,50.0,100.0,1
1250,2,13.334999999999999,13.334999999999999,100.0,1
1260,0,51.665000000000006,51.665000000000006,100.0,2
1260,1,35.0,35.0,100.0,2
1260,2,13.335000000000003,13.335000000000003,100.0,2
1270,0,51.665000000000006,51.665000000000006,100.0,2
1270,1,35.0,35.0,100.0,2
1270,2,13.335000000000003,13.335000000000003,100.0,2
1280,0,51.665000000000006,51.665000000000006,100.0,2
1280,1,35.0,35.0,100.0,2
1280,2,13.335000000000003,13.335000000000003,100.0,2
1290,0,51.665000000000006,51.665000000000006,100.0,2
1290,1,35.0,35.0,100.0,2
1290,2,13.335000000000003,13.335000000000003,100.0,2
1300,0,51.665000000000006,51.665000000000006,100.0,2
1300,1,35.0,35.0,100.0,2
1300,2,13.335000000000003,13.335000000000003,100.0,2
1310,0,51.665000000000006,51.665000000000006,100.0,2
1310,1,35.0,35.0,100.0,2
1310,2,13.335000000000003,13.335000000000003,100.0,2
1320,0,51.665000000000006,51.665000000000006,100.0,2
1320,1,35.0,35.0,100.0,2
1320,2,13.335000000000003,13.335000000000003,100.0,2
1330,0,51.665000000000006,51.665000000000006,100.0,2
1330,1,35.0,35.0,100.0,2
1330,2,13.335000000000003,13.335000000000003,100.0,2
1340,0,51.665000000000006,51.665000000000006,100.0,2
1340,1,35.0,35.0,100.0,2
1340,2,13.335000000000003,13.335000000000003,100.0,2
1350,0,16.665,16.665,100.0,0
1350,1,60.00000000000001,60.00000000000001,100.0,0
1350,2,23.335,23.335,100.0,0
1360,0,16.665,16.665,100.0,0
1360,1,60.00000000000001,60.00000000000001,100.0,0
1360,2,23.335,23.335,100.0,0
1370,0,16.665000000000003,16.665000000000003,100.0,2
1370,1,70.0,70.0,100.0,2
1370,2,13.335000000000003,13.335000000000003,100.0,2
1380,0,16.665,16.665,100.0,0
1380,1,60.00000000000001,60.00000000000001,100.0,0
1380,2,23.335,23.335,100.0,0
1390,0,16.665000000000003,16.665000000000003,100.0,2
1390,1,35.0,35.0,100.0,2
1390,2,48.335,48.335,100.0,2
1400,0,16.665,16.665,100.0,0
1400,1,60.00000000000001,60.00000000000001,100.0,0
1400,2,23.335,23.335,100.0,0
1410,0,16.665000000000003,16.665000000000003,100.0,2
1410,1,35.0,35.0,100.0,2
1410,2,48.335,48.335,100.0,2
1420,0,16.665000000000003,16.665000000000003,100.0,2
1420,1,35.0,35.0,100.0,2
1420,2,48.335,48.335,100.0,2
1430,0,16.665000000000003,16.665000000000003,100.0,2
1430,1,35.0,35.0,100.0,2
1430,2,48.335,48.335,100.0,2
1440,0,16.665000000000003,16.665000000000003,100.0,2
1440,1,35.0,35.0,100.0,2
1440,2,48.335,48.335,100.0,2
1450,0,16.665000000000003,16.665000000000003,100.0,2
1450,1,35.0,35.0,100.0,2
1450,2,48.335,48.335,100.0,2
1460,0,21.665,21.665,100.0,0
1460,1,25.0,25.0,100.0,0
1460,2,53.335,53.335,100.0,0
1470,0,21.665,21.665,100.0,0
1470,1,25.0,25.0,100.0,0
1470,2,53.335,53.335,100.0,0
1480,0,31.665,31.665,100.0,1
1480,1,35.0,35.0,100.0,1
1480,2,33.335,33.335,100.0,1
1490,0,21.665,21.665,100.0,0
1490,1,25.0,25.0,100.0,0
1490,2,53.335,53.335,100.0,0
1500,0,51.665000000000006,51.665000000000006,100.0,1
1500,1,30.000000000000004,30.000000000000004,100.0,1
1500,2,18.335,18.335,100.0,1
