timestamp,sliceId,dedicatedPRB,minPRB,maxPRB
510,0,42.74499649674096,42.74499649674096,100.0
510,1,36.126400455460335,36.126400455460335,100.0
510,2,21.128603047798705,21.128603047798705,100.0
520,0,51.81097853142891,51.81097853142891,100.0
520,1,27.858392432416828,27.858392432416828,100.0
520,2,20.330629036154267,20.330629036154267,100.0
530,0,51.24667565230882,51.24667565230882,100.0
530,1,26.990593623076865,26.990593623076865,100.0
530,2,21.762730724614332,21.762730724614332,100.0
540,0,39.90559267748171,39.90559267748171,100.0
540,1,40.500308373610885,40.500308373610885,100.0
540,2,19.594098948907412,19.594098948907412,100.0
550,0,50.92720326996043,50.92720326996043,100.0
550,1,29.951075856946275,29.951075856946275,100.0
550,2,19.1217208730933,19.1217208730933,100.0
560,0,39.17790521366118,39.17790521366118,100.0
560,1,28.785532925966873,28.785532925966873,100.0
560,2,32.036561860371954,32.036561860371954,100.0
570,0,29.658795902741915,29.658795902741915,100.0
570,1,29.529652808229816,29.529652808229816,100.0
570,2,40.81155128902827,40.81155128902827,100.0
580,0,33.39881778084303,33.39881778084303,100.0
580,1,40.132032556810955,40.132032556810955,100.0
580,2,26.46914966234602,26.46914966234602,100.0
590,0,27.12520076085528,27.12520076085528,100.0
590,1,42.450713118509384,42.450713118509384,100.0
590,2,30.42408612063534,30.42408612063534,100.0
600,0,29.61588797189548,29.61588797189548,100.0
600,1,25.428881844606536,25.428881844606536,100.0
600,2,44.95523018349799,44.95523018349799,100.0
610,0,27.600595740115068,27.600595740115068,100.0
610,1,34.008590047122276,34.008590047122276,100.0
610,2,38.390814212762656,38.390814212762656,100.0
620,0,31.370007684965962,31.370007684965962,100.0
620,1,49.682275425967084,49.682275425967084,100.0
620,2,18.947716889066957,18.947716889066957,100.0
630,0,46.979231325998896,46.979231325998896,100.0
630,1,25.67430263703907,25.67430263703907,100.0
630,2,27.346466036962035,27.346466036962035,100.0
640,0,39.92169531812589,39.92169531812589,100.0
640,1,30.475851034583528,30.475851034583528,100.0
640,2,29.602453647290588,29.602453647290588,100.0
650,0,25.882252944964378,25.882252944964378,100.0
650,1,34.392334854375925,34.392334854375925,100.0
650,2,39.72541220065969,39.72541220065969,100.0
660,0,27.825998007460985,27.825998007460985,100.0
660,1,52.20134412594377,52.20134412594377,100.0
660,2,19.97265786659525,19.97265786659525,100.0
670,0,26.9299242784909,26.9299242784909,100.0
670,1,30.594916767861786,30.594916767861786,100.0
670,2,42.475158953647316,42.475158953647316,100.0
680,0,45.90316099708664,45.90316099708664,100.0
680,1,28.67141430011103,28.67141430011103,100.0
680,2,25.425424702802335,25.425424702802335,100.0
690,0,39.52733138997914,39.52733138997914,100.0
690,1,30.77408287958342,30.77408287958342,100.0
690,2,29.698585730437443,29.698585730437443,100.0
700,0,40.63961285699045,40.63961285699045,100.0
700,1,37.97511395621898,37.97511395621898,100.0
700,2,21.385273186790556,21.385273186790556,100.0
710,0,29.2802705754845,29.2802705754845,100.0
710,1,36.422180557864756,36.422180557864756,100.0
710,2,34.29754886665074,34.29754886665074,100.0
720,0,24.156624711775383,24.156624711775383,100.0
720,1,49.81172266754504,49.81172266754504,100.0
720,2,26.031652620679573,26.031652620679573,100.0
730,0,30.116784524431555,30.116784524431555,100.0
730,1,28.24437077992495,28.24437077992495,100.0
730,2,41.6388446956435,41.6388446956435,100.0
740,0,33.483671059498676,33.483671059498676,100.0
740,1,25.9182157370085,25.9182157370085,100.0
740,2,40.59811320349284,40.59811320349284,100.0
750,0,27.542235723034075,27.542235723034075,100.0
750,1,30.57692209717915,30.57692209717915,100.0
750,2,41.88084217978678,41.88084217978678,100.0
760,0,21.43311819851294,21.43311819851294,100.0
760,1,37.4117205389604,37.4117205389604,100.0
760,2,41.15516126252666,41.15516126252666,100.0
770,0,26.147842665599708,26.147842665599708,100.0
770,1,42.98475771678658,42.98475771678658,100.0
770,2,30.86739961761371,30.86739961761371,100.0
780,0,38.622792785464505,38.622792785464505,100.0
780,1,27.968872861423005,27.968872861423005,100.0
780,2,33.408334353112494,33.408334353112494,100.0
790,0,36.62351712653981,36.62351712653981,100.0
790,1,42.201890948296715,42.201890948296715,100.0
790,2,21.174591925163476,21.174591925163476,100.0
800,0,33.484573791686586,33.484573791686586,100.0
800,1,28.816256778513427,28.816256778513427,100.0
800,2,37.69916942979998,37.69916942979998,100.0
810,0,31.01723999464308,31.01723999464308,100.0
810,1,42.053695604916676,42.053695604916676,100.0
810,2,26.929064400440243,26.929064400440243,100.0
820,0,45.03364765106513,45.03364765106513,100.0
820,1,29.570741465940355,29.570741465940355,100.0
820,2,25.395610882994507,25.395610882994507,100.0
830,0,29.59289120785622,29.59289120785622,100.0
830,1,30.59932826228423,30.59932826228423,100.0
830,2,39.80778052985955,39.80778052985955,100.0
840,0,45.47730349793393,45.47730349793393,100.0
840,1,33.65359301227733,33.65359301227733,100.0
840,2,20.86910348978875,20.86910348978875,100.0
850,0,28.424357541616473,28.424357541616473,100.0
850,1,32.542776639160095,32.542776639160095,100.0
850,2,39.03286581922343,39.03286581922343,100.0
860,0,26.63057288919765,26.63057288919765,100.0
860,1,39.99983078675775,39.99983078675775,100.0
860,2,33.36959632404459,33.36959632404459,100.0
870,0,31.976593946620103,31.976593946620103,100.0
870,1,33.40487484955963,33.40487484955963,100.0
870,2,34.61853120382027,34.61853120382027,100.0
880,0,24.779757080155214,24.779757080155214,100.0
880,1,41.256806343785726,41.256806343785726,100.0
880,2,33.96343657605907,33.96343657605907,100.0
890,0,47.49726979375263,47.49726979375263,100.0
890,1,30.177056992610684,30.177056992610684,100.0
890,2,22.325673213636694,22.325673213636694,100.0
900,0,33.14188255169272,33.14188255169272,100.0
900,1,25.931089309930027,25.931089309930027,100.0
900,2,40.92702813837725,40.92702813837725,100.0
910,0,32.290557339835104,32.290557339835104,100.0
910,1,40.231189626057976,40.231189626057976,100.0
910,2,27.47825303410693,27.47825303410693,100.0
920,0,38.27228242075201,38.27228242075201,100.0
920,1,29.310116152326554,29.310116152326554,100.0
920,2,32.417601426921436,32.417601426921436,100.0
930,0,39.50688231278946,39.50688231278946,100.0
930,1,35.87967903655797,35.87967903655797,100.0
930,2,24.613438650652576,24.613438650652576,100.0
940,0,44.08946962797704,44.08946962797704,100.0
940,1,30.424873652692796,30.424873652692796,100.0
940,2,25.485656719330162,25.485656719330162,100.0
950,0,25.395313378946,25.395313378946,100.0
950,1,26.62838015532471,26.62838015532471,100.0
950,2,47.97630646572929,47.97630646572929,100.0
960,0,49.914362219904085,49.914362219904085,100.0
960,1,29.408879891850127,29.408879891850127,100.0
960,2,20.6767578882458,20.6767578882458,100.0
970,0,27.867847065223227,27.867847065223227,100.0
970,1,43.68049457326671,43.68049457326671,100.0
970,2,28.45165836151007,28.45165836151007,100.0
980,0,28.06708186665794,28.06708186665794,100.0
980,1,35.369054985759476,35.369054985759476,100.0
980,2,36.56386314758258,36.56386314758258,100.0
990,0,32.5050721063546,32.5050721063546,100.0
990,1,32.141742213522726,32.141742213522726,100.0
990,2,35.353185680122664,35.353185680122664,100.0
1000,0,27.8850886338325,27.8850886338325,100.0
1000,1,42.2341322553841,42.2341322553841,100.0
1000,2,29.88077911078342,29.88077911078342,100.0
1010,0,40.29753754399692,40.29753754399692,100.0
1010,1,29.852268365603475,29.852268365603475,100.0
1010,2,29.85019409039962,29.85019409039962,100.0
1020,0,41.709842317115495,41.709842317115495,100.0
1020,1,38.818963713952606,38.818963713952606,100.0
1020,2,19.4711939689319,19.4711939689319,100.0
1030,0,26.405302048674223,26.405302048674223,100.0
1030,1,49.63980185681079,49.63980185681079,100.0
1030,2,23.95489609451499,23.95489609451499,100.0
1040,0,38.578606377980584,38.578606377980584,100.0
1040,1,37.0814469100155,37.0814469100155,100.0
1040,2,24.339946712003922,24.339946712003922,100.0
1050,0,25.853039278464685,25.853039278464685,100.0
1050,1,53.41503215398463,53.41503215398463,100.0
1050,2,20.731928567550682,20.731928567550682,100.0
1060,0,27.65202895725491,27.65202895725491,100.0
1060,1,40.172750679289656,40.172750679289656,100.0
1060,2,32.17522036345544,32.17522036345544,100.0
1070,0,49.862893987828436,49.862893987828436,100.0
1070,1,25.916998919546934,25.916998919546934,100.0
1070,2,24.22010709262463,24.22010709262463,100.0
1080,0,23.681882305123665,23.681882305123665,100.0
1080,1,40.286144905709854,40.286144905709854,100.0
1080,2,36.03197278916648,36.03197278916648,100.0
1090,0,29.631886872805236,29.631886872805236,100.0
1090,1,28.674091259768453,28.674091259768453,100.0
1090,2,41.694021867426315,41.694021867426315,100.0
1100,0,41.178523713605735,41.178523713605735,100.0
1100,1,38.854330240005375,38.854330240005375,100.0
1100,2,19.96714604638889,19.96714604638889,100.0
1110,0,35.9379506477795,35.9379506477795,100.0
1110,1,33.81509870289583,33.81509870289583,100.0
1110,2,30.246950649324667,30.246950649324667,100.0
1120,0,41.652929297913424,41.652929297913424,100.0
1120,1,29.750660722624687,29.750660722624687,100.0
1120,2,28.596409979461885,28.596409979461885,100.0
1130,0,30.264755517953713,30.264755517953713,100.0
1130,1,39.86022685252536,39.86022685252536,100.0
1130,2,29.87501762952093,29.87501762952093,100.0
1140,0,46.67896623403402,46.67896623403402,100.0
1140,1,32.49736887820734,32.49736887820734,100.0
1140,2,20.823664887758643,20.823664887758643,100.0
1150,0,31.274408051632395,31.274408051632395,100.0
1150,1,30.981521515935224,30.981521515935224,100.0
1150,2,37.74407043243237,37.74407043243237,100.0
1160,0,45.23972578705959,45.23972578705959,100.0
1160,1,32.80748411827712,32.80748411827712,100.0
1160,2,21.952790094663282,21.952790094663282,100.0
1170,0,33.35722456695464,33.35722456695464,100.0
1170,1,35.28628164804827,35.28628164804827,100.0
1170,2,31.356493784997085,31.356493784997085,100.0
1180,0,30.061519766598664,30.061519766598664,100.0
1180,1,34.279088916511306,34.279088916511306,100.0
1180,2,35.65939131689003,35.65939131689003,100.0
1190,0,47.79460594641429,47.79460594641429,100.0
1190,1,28.419686514668758,28.419686514668758,100.0
1190,2,23.785707538916956,23.785707538916956,100.0
1200,0,27.50839516030828,27.50839516030828,100.0
1200,1,29.922186759980406,29.922186759980406,100.0
1200,2,42.569418079711326,42.569418079711326,100.0
1210,0,26.82400167712185,26.82400167712185,100.0
1210,1,50.51204834904145,50.51204834904145,100.0
1210,2,22.663949973836708,22.663949973836708,100.0
1220,0,50.904636051292286,50.904636051292286,100.0
1220,1,25.33351550835039,25.33351550835039,100.0
1220,2,23.761848440357326,23.761848440357326,100.0
1230,0,23.259391688906415,23.259391688906415,100.0
1230,1,49.220919851268256,49.220919851268256,100.0
1230,2,27.519688459825325,27.519688459825325,100.0
1240,0,27.619554887022968,27.619554887022968,100.0
1240,1,50.86938699504451,50.86938699504451,100.0
1240,2,21.511058117932528,21.511058117932528,100.0
1250,0,22.286648981467515,22.286648981467515,100.0
1250,1,54.87169426503379,54.87169426503379,100.0
1250,2,22.84165675349871,22.84165675349871,100.0
1260,0,36.46784170922693,36.46784170922693,100.0
1260,1,33.57051178850464,33.57051178850464,100.0
1260,2,29.96164650226844,29.96164650226844,100.0
1270,0,41.85724076321547,41.85724076321547,100.0
1270,1,29.13957337029079,29.13957337029079,100.0
1270,2,29.00318586649373,29.00318586649373,100.0
1280,0,43.727686399778435,43.727686399778435,100.0
1280,1,32.71376456009806,32.71376456009806,100.0
1280,2,23.558549040123506,23.558549040123506,100.0
1290,0,25.103251130545278,25.103251130545278,100.0
1290,1,52.195952506150775,52.195952506150775,100.0
1290,2,22.700796363303944,22.700796363303944,100.0
1300,0,25.563451539597043,25.563451539597043,100.0
1300,1,35.33393678624301,35.33393678624301,100.0
1300,2,39.102611674159945,39.102611674159945,100.0
1310,0,29.904181068189033,29.904181068189033,100.0
1310,1,40.23333014999597,40.23333014999597,100.0
1310,2,29.86248878181499,29.86248878181499,100.0
1320,0,24.895426160810565,24.895426160810565,100.0
1320,1,27.88573027941681,27.88573027941681,100.0
1320,2,47.21884355977263,47.21884355977263,100.0
1330,0,32.364610497114064,32.364610497114064,100.0
1330,1,32.73918778395319,32.73918778395319,100.0
1330,2,34.89620171893275,34.89620171893275,100.0
1340,0,41.715249462412714,41.715249462412714,100.0
1340,1,35.650424728106984,35.650424728106984,100.0
1340,2,22.634325809480305,22.634325809480305,100.0
1350,0,39.7593453710065,39.7593453710065,100.0
1350,1,35.614422768046026,35.614422768046026,100.0
1350,2,24.626231860947467,24.626231860947467,100.0
1360,0,37.48338182340388,37.48338182340388,100.0
1360,1,38.73327691541,38.73327691541,100.0
1360,2,23.783341261186123,23.783341261186123,100.0
1370,0,46.111611561798405,46.111611561798405,100.0
1370,1,34.91251993717772,34.91251993717772,100.0
1370,2,18.975868501023868,18.975868501023868,100.0
1380,0,34.306930109632226,34.306930109632226,100.0
1380,1,28.18963823377201,28.18963823377201,100.0
1380,2,37.503431656595765,37.503431656595765,100.0
1390,0,36.944310629871126,36.944310629871126,100.0
1390,1,34.32665662624704,34.32665662624704,100.0
1390,2,28.729032743881838,28.729032743881838,100.0
1400,0,29.177300615025814,29.177300615025814,100.0
1400,1,27.580966717059674,27.580966717059674,100.0
1400,2,43.24173266791451,43.24173266791451,100.0
1410,0,43.02402192721365,43.02402192721365,100.0
1410,1,32.15504159297219,32.15504159297219,100.0
1410,2,24.820936479814158,24.820936479814158,100.0
1420,0,44.67124910005391,44.67124910005391,100.0
1420,1,28.98024281133782,28.98024281133782,100.0
1420,2,26.34850808860827,26.34850808860827,100.0
1430,0,26.17516084657952,26.17516084657952,100.0
1430,1,38.94729063611878,38.94729063611878,100.0
1430,2,34.87754851730169,34.87754851730169,100.0
1440,0,50.42485404490743,50.42485404490743,100.0
1440,1,28.050953518564057,28.050953518564057,100.0
1440,2,21.52419243652851,21.52419243652851,100.0
1450,0,33.18559983808714,33.18559983808714,100.0
1450,1,45.87188996706105,45.87188996706105,100.0
1450,2,20.9425101948518,20.9425101948518,100.0
1460,0,29.99574998363058,29.99574998363058,100.0
1460,1,37.90763347231143,37.90763347231143,100.0
1460,2,32.09661654405799,32.09661654405799,100.0
1470,0,33.3054482746479,33.3054482746479,100.0
1470,1,33.76621783942835,33.76621783942835,100.0
1470,2,32.928333885923756,32.928333885923756,100.0
1480,0,48.92101619187051,48.92101619187051,100.0
1480,1,31.61398380979709,31.61398380979709,100.0
1480,2,19.46499999833241,19.46499999833241,100.0
1490,0,26.752664085862037,26.752664085862037,100.0
1490,1,45.63225459698379,45.63225459698379,100.0
1490,2,27.61508131715418,27.61508131715418,100.0
1500,0,37.775104625659395,37.775104625659395,100.0
1500,1,25.724122631957385,25.724122631957385,100.0
1500,2,36.50077274238321,36.50077274238321,100.0
