timestamp,ueImsi,sliceId,dTxBytes,dRxBytes,plr,resourceSharePct,dLostPackets,throughputMbps,bufferBytes
1510,1,0,18336,15280,16.67,32.56,2,12.2240,2053
1510,2,0,18336,10696,41.67,32.56,5,8.5568,557651
1510,3,0,18336,13752,25.00,32.56,3,11.0016,212619
1510,4,0,18336,6112,66.67,32.56,8,4.8896,1059317
1510,5,0,18336,0,100.00,32.56,12,0.0000,1666490
1510,6,1,390,0,100.00,48.68,5,0.0000,87
1510,7,1,390,390,0.00,48.68,0,0.3120,87
1510,8,1,390,234,40.00,48.68,2,0.1872,87
1510,9,1,390,0,100.00,48.68,5,0.0000,333
1510,10,1,390,390,0.00,48.68,0,0.3120,87
1510,11,2,384,256,33.33,18.76,1,0.2048,90
1510,12,2,384,0,100.00,18.76,3,0.0000,15
1510,13,2,384,256,33.33,18.76,1,0.2048,137
1510,14,2,384,0,100.00,18.76,3,0.0000,328
1510,15,2,384,0,100.00,18.76,3,0.0000,137
1510,16,2,384,256,33.33,18.76,1,0.2048,137
1510,17,2,384,0,100.00,18.76,3,0.0000,137
1510,18,2,384,0,100.00,18.76,3,0.0000,269
1510,19,2,384,256,33.33,18.76,1,0.2048,137
1510,20,2,384,640,0.00,18.76,0,0.5120,137
