timestamp,ueImsi,sliceId,dTxBytes,dRxBytes,plr,resourceSharePct,dLostPackets,throughputMbps,bufferBytes
1510,1,0,18336,0,100.00,23.27,12,0.0000,1690093
1510,2,0,18336,3056,83.33,23.27,10,2.4448,1468557
1510,3,0,18336,4584,75.00,23.27,9,3.6672,1146599
1510,4,0,18336,0,100.00,23.27,12,0.0000,1320934
1510,5,0,18336,0,100.00,23.27,12,0.0000,1681420
1510,6,1,390,390,0.00,30.91,0,0.3120,87
1510,7,1,390,0,100.00,30.91,5,0.0000,169
1510,8,1,390,390,0.00,30.91,0,0.3120,87
1510,9,1,390,1092,0.00,30.91,0,0.8736,169
1510,10,1,390,0,100.00,30.91,5,0.0000,1467
1510,11,2,384,256,33.33,45.82,1,0.2048,137
1510,12,2,384,256,33.33,45.82,1,0.2048,137
1510,13,2,384,256,33.33,45.82,1,0.2048,137
1510,14,2,384,256,33.33,45.82,1,0.2048,137
1510,15,2,384,256,33.33,45.82,1,0.2048,137
1510,16,2,384,0,100.00,45.82,3,0.0000,423
1510,17,2,384,256,33.33,45.82,1,0.2048,137
1510,18,2,384,0,100.00,45.82,3,0.0000,401
1510,19,2,384,256,33.33,45.82,1,0.2048,137
1510,20,2,384,256,33.33,45.82,1,0.2048,137
