timestamp,sliceId,dedicatedPRB,minPRB,maxPRB
510,0,50.52129354105447,50.52129354105447,100.0
510,1,28.224868566271294,28.224868566271294,100.0
510,2,21.253837892674238,21.253837892674238,100.0
520,0,24.86942034733019,24.86942034733019,100.0
520,1,25.28781860094997,25.28781860094997,100.0
520,2,49.84276105171985,49.84276105171985,100.0
530,0,42.81988459552808,42.81988459552808,100.0
530,1,36.56172236758442,36.56172236758442,100.0
530,2,20.61839303688749,20.61839303688749,100.0
540,0,25.64950607829475,25.64950607829475,100.0
540,1,32.055891508524255,32.055891508524255,100.0
540,2,42.29460241318101,42.29460241318101,100.0
550,0,36.33518876026558,36.33518876026558,100.0
550,1,30.574331804641687,30.574331804641687,100.0
550,2,33.09047943509273,33.09047943509273,100.0
560,0,34.02588733056507,34.02588733056507,100.0
560,1,41.886134767973516,41.886134767973516,100.0
560,2,24.087977901461414,24.087977901461414,100.0
570,0,27.868203455450928,27.868203455450928,100.0
570,1,41.48351840271185,41.48351840271185,100.0
570,2,30.64827814183723,30.64827814183723,100.0
580,0,36.08964194029823,36.08964194029823,100.0
580,1,24.145458191111473,24.145458191111473,100.0
580,2,39.7648998685903,39.7648998685903,100.0
590,0,30.214561865779547,30.214561865779547,100.0
590,1,44.34790672192308,44.34790672192308,100.0
590,2,25.437531412297375,25.437531412297375,100.0
600,0,25.55669609228211,25.55669609228211,100.0
600,1,30.36354504343162,30.36354504343162,100.0
600,2,44.07975886428627,44.07975886428627,100.0
610,0,43.194776901079344,43.194776901079344,100.0
610,1,26.423504569679313,26.423504569679313,100.0
610,2,30.381718529241347,30.381718529241347,100.0
620,0,36.355862325691746,36.355862325691746,100.0
620,1,39.77952648643662,39.77952648643662,100.0
620,2,23.86461118787163,23.86461118787163,100.0
630,0,25.45839549094814,25.45839549094814,100.0
630,1,32.061167423319134,32.061167423319134,100.0
630,2,42.480437085732724,42.480437085732724,100.0
640,0,24.34864131490137,24.34864131490137,100.0
640,1,41.34192453026898,41.34192453026898,100.0
640,2,34.30943415482965,34.30943415482965,100.0
650,0,34.73979848031424,34.73979848031424,100.0
650,1,35.46803283942197,35.46803283942197,100.0
650,2,29.792168680263785,29.792168680263785,100.0
660,0,29.365476197952066,29.365476197952066,100.0
660,1,46.072831818785765,46.072831818785765,100.0
660,2,24.56169198326217,24.56169198326217,100.0
670,0,22.594067783160618,22.594067783160618,100.0
670,1,39.649942952487,39.649942952487,100.0
670,2,37.755989264352365,37.755989264352365,100.0
680,0,38.67718253453312,38.67718253453312,100.0
680,1,32.27761524293782,32.27761524293782,100.0
680,2,29.045202222529063,29.045202222529063,100.0
690,0,27.724645291811452,27.724645291811452,100.0
690,1,33.858665941604926,33.858665941604926,100.0
690,2,38.41668876658363,38.41668876658363,100.0
700,0,29.564143600882687,29.564143600882687,100.0
700,1,31.566317113468102,31.566317113468102,100.0
700,2,38.86953928564921,38.86953928564921,100.0
710,0,21.508139831703684,21.508139831703684,100.0
710,1,37.46702358249155,37.46702358249155,100.0
710,2,41.02483658580478,41.02483658580478,100.0
720,0,22.273758805173266,22.273758805173266,100.0
720,1,39.412959709743134,39.412959709743134,100.0
720,2,38.31328148508359,38.31328148508359,100.0
730,0,33.35082084556518,33.35082084556518,100.0
730,1,27.39840564371715,27.39840564371715,100.0
730,2,39.25077351071768,39.25077351071768,100.0
740,0,36.245090911415666,36.245090911415666,100.0
740,1,29.982572475130965,29.982572475130965,100.0
740,2,33.77233661345337,33.77233661345337,100.0
750,0,25.242321707100228,25.242321707100228,100.0
750,1,42.165487684192264,42.165487684192264,100.0
750,2,32.592190608707504,32.592190608707504,100.0
760,0,23.73339869526554,23.73339869526554,100.0
760,1,42.858934388644784,42.858934388644784,100.0
760,2,33.407666916089674,33.407666916089674,100.0
770,0,37.492254425791494,37.492254425791494,100.0
770,1,30.433281423744553,30.433281423744553,100.0
770,2,32.07446415046395,32.07446415046395,100.0
780,0,22.69501983747207,22.69501983747207,100.0
780,1,43.48088797318273,43.48088797318273,100.0
780,2,33.82409218934521,33.82409218934521,100.0
790,0,29.85700230532148,29.85700230532148,100.0
790,1,43.294264066898755,43.294264066898755,100.0
790,2,26.848733627779758,26.848733627779758,100.0
800,0,32.55851103605489,32.55851103605489,100.0
800,1,29.54485232416102,29.54485232416102,100.0
800,2,37.8966366397841,37.8966366397841,100.0
810,0,24.67181932183771,24.67181932183771,100.0
810,1,52.59891594311449,52.59891594311449,100.0
810,2,22.72926473504781,22.72926473504781,100.0
820,0,32.42561617774567,32.42561617774567,100.0
820,1,25.310207411621512,25.310207411621512,100.0
820,2,42.26417641063283,42.26417641063283,100.0
830,0,34.104747146137434,34.104747146137434,100.0
830,1,29.09415918702829,29.09415918702829,100.0
830,2,36.80109366683427,36.80109366683427,100.0
840,0,32.340059322634104,32.340059322634104,100.0
840,1,43.99774061997302,43.99774061997302,100.0
840,2,23.66220005739287,23.66220005739287,100.0
850,0,36.88441109525845,36.88441109525845,100.0
850,1,33.64435761077811,33.64435761077811,100.0
850,2,29.471231293963434,29.471231293963434,100.0
860,0,29.483808943840963,29.483808943840963,100.0
860,1,44.60260146880722,44.60260146880722,100.0
860,2,25.913589587351808,25.913589587351808,100.0
870,0,26.545537594595807,26.545537594595807,100.0
870,1,26.537241695875792,26.537241695875792,100.0
870,2,46.917220709528415,46.917220709528415,100.0
880,0,25.979628855898618,25.979628855898618,100.0
880,1,35.44418929794452,35.44418929794452,100.0
880,2,38.576181846156864,38.576181846156864,100.0
890,0,43.11238966250413,43.11238966250413,100.0
890,1,33.980316387577204,33.980316387577204,100.0
890,2,22.90729394991867,22.90729394991867,100.0
900,0,36.10199610325328,36.10199610325328,100.0
900,1,35.77015580152533,35.77015580152533,100.0
900,2,28.127848095221403,28.127848095221403,100.0
910,0,43.407735687715345,43.407735687715345,100.0
910,1,29.124425765790807,29.124425765790807,100.0
910,2,27.46783854649385,27.46783854649385,100.0
920,0,21.932964494932527,21.932964494932527,100.0
920,1,38.799196149747125,38.799196149747125,100.0
920,2,39.267839355320355,39.267839355320355,100.0
930,0,48.52218509124974,48.52218509124974,100.0
930,1,29.506659852049026,29.506659852049026,100.0
930,2,21.97115505670124,21.97115505670124,100.0
940,0,25.118894517131224,25.118894517131224,100.0
940,1,36.21862868858155,36.21862868858155,100.0
940,2,38.66247679428723,38.66247679428723,100.0
950,0,40.318960110085854,40.318960110085854,100.0
950,1,38.016790960397586,38.016790960397586,100.0
950,2,21.664248929516557,21.664248929516557,100.0
960,0,36.945019966557936,36.945019966557936,100.0
960,1,40.28068971916194,40.28068971916194,100.0
960,2,22.774290314280123,22.774290314280123,100.0
970,0,50.723898412923184,50.723898412923184,100.0
970,1,30.56467204685292,30.56467204685292,100.0
970,2,18.711429540223897,18.711429540223897,100.0
980,0,44.33831072847968,44.33831072847968,100.0
980,1,34.02738120178056,34.02738120178056,100.0
980,2,21.634308069739767,21.634308069739767,100.0
990,0,27.771343152570076,27.771343152570076,100.0
990,1,33.49980417667327,33.49980417667327,100.0
990,2,38.72885267075665,38.72885267075665,100.0
1000,0,28.245601588306812,28.245601588306812,100.0
1000,1,38.63464091017833,38.63464091017833,100.0
1000,2,33.119757501514876,33.119757501514876,100.0
1010,0,28.714889074700988,28.714889074700988,100.0
1010,1,30.614306604111263,30.614306604111263,100.0
1010,2,40.670804321187745,40.670804321187745,100.0
1020,0,44.98958576009614,44.98958576009614,100.0
1020,1,35.84912587360538,35.84912587360538,100.0
1020,2,19.161288366298475,19.161288366298475,100.0
1030,0,25.3582380936603,25.3582380936603,100.0
1030,1,52.658199439394195,52.658199439394195,100.0
1030,2,21.983562466945507,21.983562466945507,100.0
1040,0,31.248455894964234,31.248455894964234,100.0
1040,1,27.692341963216656,27.692341963216656,100.0
1040,2,41.05920214181912,41.05920214181912,100.0
1050,0,32.83083688143543,32.83083688143543,100.0
1050,1,44.18197496239604,44.18197496239604,100.0
1050,2,22.98718815616853,22.98718815616853,100.0
1060,0,40.210064689836834,40.210064689836834,100.0
1060,1,39.80700752000768,39.80700752000768,100.0
1060,2,19.982927790155493,19.982927790155493,100.0
1070,0,25.897860942437532,25.897860942437532,100.0
1070,1,41.486636121525656,41.486636121525656,100.0
1070,2,32.61550293603681,32.61550293603681,100.0
1080,0,38.667267660130456,38.667267660130456,100.0
1080,1,28.623506675717252,28.623506675717252,100.0
1080,2,32.7092256641523,32.7092256641523,100.0
1090,0,29.6954295722341,29.6954295722341,100.0
1090,1,43.98916879055447,43.98916879055447,100.0
1090,2,26.315401637211426,26.315401637211426,100.0
1100,0,51.35333082143102,51.35333082143102,100.0
1100,1,29.327185768593544,29.327185768593544,100.0
1100,2,19.31948340997543,19.31948340997543,100.0
1110,0,48.401569790452704,48.401569790452704,100.0
1110,1,29.929599862113726,29.929599862113726,100.0
1110,2,21.66883034743357,21.66883034743357,100.0
1120,0,35.45809851535858,35.45809851535858,100.0
1120,1,35.021005397575586,35.021005397575586,100.0
1120,2,29.52089608706583,29.52089608706583,100.0
1130,0,43.28054477681156,43.28054477681156,100.0
1130,1,30.747340348829994,30.747340348829994,100.0
1130,2,25.97211487435845,25.97211487435845,100.0
1140,0,37.94194868302912,37.94194868302912,100.0
1140,1,38.74471123157519,38.74471123157519,100.0
1140,2,23.313340085395694,23.313340085395694,100.0
1150,0,33.574006876054355,33.574006876054355,100.0
1150,1,44.349715481394526,44.349715481394526,100.0
1150,2,22.07627764255112,22.07627764255112,100.0
1160,0,44.199898470725515,44.199898470725515,100.0
1160,1,25.8568936092631,25.8568936092631,100.0
1160,2,29.943207920011382,29.943207920011382,100.0
1170,0,34.87538339924119,34.87538339924119,100.0
1170,1,39.7888561849842,39.7888561849842,100.0
1170,2,25.33576041577461,25.33576041577461,100.0
1180,0,42.52463801606265,42.52463801606265,100.0
1180,1,32.498894044494655,32.498894044494655,100.0
1180,2,24.9764679394427,24.9764679394427,100.0
1190,0,46.51982254355932,46.51982254355932,100.0
1190,1,34.278130237239324,34.278130237239324,100.0
1190,2,19.20204721920136,19.20204721920136,100.0
1200,0,36.24957099723184,36.24957099723184,100.0
1200,1,27.52839525829408,27.52839525829408,100.0
1200,2,36.222033744474075,36.222033744474075,100.0
1210,0,43.315544540394114,43.315544540394114,100.0
1210,1,37.55284499370784,37.55284499370784,100.0
1210,2,19.131610465898042,19.131610465898042,100.0
1220,0,29.61500884691106,29.61500884691106,100.0
1220,1,39.24226936153001,39.24226936153001,100.0
1220,2,31.14272179155892,31.14272179155892,100.0
1230,0,28.731175178777406,28.731175178777406,100.0
1230,1,35.12986725122316,35.12986725122316,100.0
1230,2,36.13895756999944,36.13895756999944,100.0
1240,0,25.674090064946874,25.674090064946874,100.0
1240,1,26.842601714510682,26.842601714510682,100.0
1240,2,47.48330822054244,47.48330822054244,100.0
1250,0,43.02133480888721,43.02133480888721,100.0
1250,1,25.186276748986717,25.186276748986717,100.0
1250,2,31.792388442126075,31.792388442126075,100.0
1260,0,31.038025544650484,31.038025544650484,100.0
1260,1,34.34798892771344,34.34798892771344,100.0
1260,2,34.61398552763608,34.61398552763608,100.0
1270,0,27.381056758425824,27.381056758425824,100.0
1270,1,33.031922988319316,33.031922988319316,100.0
1270,2,39.587020253254856,39.587020253254856,100.0
1280,0,30.637857015203046,30.637857015203046,100.0
1280,1,29.79208163806934,29.79208163806934,100.0
1280,2,39.57006134672761,39.57006134672761,100.0
1290,0,41.55611186739521,41.55611186739521,100.0
1290,1,26.788586927955894,26.788586927955894,100.0
1290,2,31.655301204648893,31.655301204648893,100.0
1300,0,44.364946019212624,44.364946019212624,100.0
1300,1,28.657463441633745,28.657463441633745,100.0
1300,2,26.977590539153628,26.977590539153628,100.0
1310,0,42.28872620576713,42.28872620576713,100.0
1310,1,34.18477892567849,34.18477892567849,100.0
1310,2,23.52649486855438,23.52649486855438,100.0
1320,0,52.648254808536755,52.648254808536755,100.0
1320,1,25.656348075037283,25.656348075037283,100.0
1320,2,21.695397116425962,21.695397116425962,100.0
1330,0,46.12059449748342,46.12059449748342,100.0
1330,1,27.22131251965597,27.22131251965597,100.0
1330,2,26.658092982860616,26.658092982860616,100.0
1340,0,30.493373189603535,30.493373189603535,100.0
1340,1,38.972454835297135,38.972454835297135,100.0
1340,2,30.534171975099333,30.534171975099333,100.0
1350,0,35.130565843241115,35.130565843241115,100.0
1350,1,33.026347908291534,33.026347908291534,100.0
1350,2,31.843086248467365,31.843086248467365,100.0
1360,0,37.373882346397956,37.373882346397956,100.0
1360,1,43.06018246127716,43.06018246127716,100.0
1360,2,19.565935192324886,19.565935192324886,100.0
1370,0,45.031588855353164,45.031588855353164,100.0
1370,1,28.1278306045756,28.1278306045756,100.0
1370,2,26.840580540071237,26.840580540071237,100.0
1380,0,26.333777594523657,26.333777594523657,100.0
1380,1,49.592074268057864,49.592074268057864,100.0
1380,2,24.074148137418483,24.074148137418483,100.0
1390,0,40.12142146020796,40.12142146020796,100.0
1390,1,37.574992609077896,37.574992609077896,100.0
1390,2,22.30358593071414,22.30358593071414,100.0
1400,0,29.642835178499283,29.642835178499283,100.0
1400,1,42.47558865595866,42.47558865595866,100.0
1400,2,27.881576165542054,27.881576165542054,100.0
1410,0,40.808777823423355,40.808777823423355,100.0
1410,1,36.49033310042415,36.49033310042415,100.0
1410,2,22.700889076152475,22.700889076152475,100.0
1420,0,26.695012235441606,26.695012235441606,100.0
1420,1,35.176763300213246,35.176763300213246,100.0
1420,2,38.12822446434516,38.12822446434516,100.0
1430,0,24.536163647242198,24.536163647242198,100.0
1430,1,47.621526702091884,47.621526702091884,100.0
1430,2,27.842309650665918,27.842309650665918,100.0
1440,0,33.958455451778526,33.958455451778526,100.0
1440,1,44.540089815146445,44.540089815146445,100.0
1440,2,21.501454733075025,21.501454733075025,100.0
1450,0,41.719497948425335,41.719497948425335,100.0
1450,1,27.365735036324303,27.365735036324303,100.0
1450,2,30.914767015250366,30.914767015250366,100.0
1460,0,32.38146375757972,32.38146375757972,100.0
1460,1,32.94403005274685,32.94403005274685,100.0
1460,2,34.67450618967344,34.67450618967344,100.0
1470,0,41.0655387371429,41.0655387371429,100.0
1470,1,36.90819333057889,36.90819333057889,100.0
1470,2,22.026267932278216,22.026267932278216,100.0
1480,0,32.90334279899515,32.90334279899515,100.0
1480,1,35.28522816003464,35.28522816003464,100.0
1480,2,31.811429040970207,31.811429040970207,100.0
1490,0,46.373992457676586,46.373992457676586,100.0
1490,1,35.329459797643835,35.329459797643835,100.0
1490,2,18.296547744679575,18.296547744679575,100.0
1500,0,45.70796243660412,45.70796243660412,100.0
1500,1,27.257625710785405,27.257625710785405,100.0
1500,2,27.034411852610475,27.034411852610475,100.0
