timestamp,ueImsi,sliceId,dTxBytes,dRxBytes,plr,resourceSharePct,dLostPackets,throughputMbps,bufferBytes
1510,1,0,35144,3056,91.30,28.94,21,2.4448,1563359
1510,2,0,35144,33616,4.35,28.94,1,26.8928,1537
1510,3,1,1014,936,7.69,29.84,1,0.7488,87
1510,4,1,1014,936,7.69,29.84,1,0.7488,87
1510,5,2,256,256,0.00,41.23,0,0.2048,137
1510,6,2,256,0,100.00,41.23,2,0.0000,137
1510,7,2,256,0,100.00,41.23,2,0.0000,137
1510,8,2,256,256,0.00,41.23,0,0.2048,137
1510,9,2,256,256,0.00,41.23,0,0.2048,137
1510,10,2,256,256,0.00,41.23,0,0.2048,137
