timestamp,ueImsi,sliceId,dTxBytes,dRxBytes,plr,resourceSharePct,dLostPackets,throughputMbps,bufferBytes
560,1,0,24448,1528,93.75,46.86,15,1.2224,135034
560,2,0,24448,1528,93.75,46.86,15,1.2224,135013
560,3,0,24448,1528,93.75,46.86,15,1.2224,135074
560,4,0,24448,1528,93.75,46.86,15,1.2224,135083
560,5,0,24448,1528,93.75,46.86,15,1.2224,134984
560,6,1,780,624,20.00,34.25,2,0.4992,126
560,7,1,780,624,20.00,34.25,2,0.4992,87
560,8,1,780,624,20.00,34.25,2,0.4992,87
560,9,1,780,624,20.00,34.25,2,0.4992,87
560,10,1,780,624,20.00,34.25,2,0.4992,126
560,11,2,16000,512,96.80,18.88,121,0.4096,91757
560,12,2,16000,512,96.80,18.88,121,0.4096,91741
560,13,2,16000,512,96.80,18.88,121,0.4096,91757
560,14,2,16000,512,96.80,18.88,121,0.4096,91765
560,15,2,16000,512,96.80,18.88,121,0.4096,91811
560,16,2,16000,512,96.80,18.88,121,0.4096,91812
560,17,2,16000,512,96.80,18.88,121,0.4096,91704
560,18,2,16000,512,96.80,18.88,121,0.4096,91714
560,19,2,16000,512,96.80,18.88,121,0.4096,91704
560,20,2,16000,512,96.80,18.88,121,0.4096,91704
