timestamp,ueImsi,sliceId,dTxBytes,dRxBytes,plr,resourceSharePct,dLostPackets,throughputMbps,bufferBytes
1040,1,0,24448,1528,93.75,29.35,15,1.2224,1244229
1040,2,0,24448,1528,93.75,29.35,15,1.2224,1244163
1040,3,0,24448,1528,93.75,29.35,15,1.2224,1244006
1040,4,0,24448,1528,93.75,29.35,15,1.2224,1244092
1040,5,0,24448,1528,93.75,29.35,15,1.2224,1244236
1040,6,1,390,546,0.00,34.62,0,0.4368,87
1040,7,1,390,546,0.00,34.62,0,0.4368,87
1040,8,1,390,546,0.00,34.62,0,0.4368,87
1040,9,1,390,546,0.00,34.62,0,0.4368,87
1040,10,1,390,546,0.00,34.62,0,0.4368,87
1040,11,2,16000,1408,91.20,36.03,114,1.1264,831255
1040,12,2,16000,1408,91.20,36.03,114,1.1264,831244
1040,13,2,16000,1408,91.20,36.03,114,1.1264,831345
1040,14,2,16000,1408,91.20,36.03,114,1.1264,831259
1040,15,2,16000,1408,91.20,36.03,114,1.1264,831383
1040,16,2,16000,1536,90.40,36.03,113,1.2288,831282
1040,17,2,16000,1536,90.40,36.03,113,1.2288,831203
1040,18,2,16000,1536,90.40,36.03,113,1.2288,831330
1040,19,2,16000,1408,91.20,36.03,114,1.1264,831396
1040,20,2,16000,1408,91.20,36.03,114,1.1264,831372
