timestamp,ueImsi,sliceId,dTxBytes,dRxBytes,plr,resourceSharePct,dLostPackets,throughputMbps,bufferBytes
1510,1,0,35144,36672,0.00,43.69,0,29.3376,311528
1510,2,0,35144,21392,39.13,43.69,9,17.1136,1586671
1510,3,1,1014,0,100.00,31.21,13,0.0000,87
1510,4,1,1014,936,7.69,31.21,1,0.7488,87
1510,5,2,256,0,100.00,25.10,2,0.0000,269
1510,6,2,256,0,100.00,25.10,2,0.0000,137
1510,7,2,256,256,0.00,25.10,0,0.2048,137
1510,8,2,256,0,100.00,25.10,2,0.0000,137
1510,9,2,256,0,100.00,25.10,2,0.0000,137
1510,10,2,256,256,0.00,25.10,0,0.2048,137
