timestamp,sliceId,dedicatedPRB,minPRB,maxPRB
510,0,38.26595478665777,38.26595478665777,100.0
510,1,33.74492014476955,33.74492014476955,100.0
510,2,27.989125068572672,27.989125068572672,100.0
520,0,38.69170494852428,38.69170494852428,100.0
520,1,34.05480668506274,34.05480668506274,100.0
520,2,27.253488366412977,27.253488366412977,100.0
530,0,29.391084690758202,29.391084690758202,100.0
530,1,26.396433881479613,26.396433881479613,100.0
530,2,44.21248142776219,44.21248142776219,100.0
540,0,37.33302393330818,37.33302393330818,100.0
540,1,41.60607918626519,41.60607918626519,100.0
540,2,21.060896880426625,21.060896880426625,100.0
550,0,27.45649099965213,27.45649099965213,100.0
550,1,26.596175609187757,26.596175609187757,100.0
550,2,45.94733339116012,45.94733339116012,100.0
