timestamp,ueImsi,sliceId,dTxBytes,dRxBytes,plr,resourceSharePct,dLostPackets,throughputMbps,bufferBytes,dlBufferBytes,ulBufferBytes,macBufferBytes,congestionPct,lastDrlActionStatus
9900,1,0,193616,2712,97.67,40.30,168,0.2170,1200005,183782,1200005,1383787,13.20,applied
9900,2,0,193616,1484,98.26,40.30,169,0.1187,1199919,183799,1199919,1383718,13.20,applied
9900,3,0,193616,50604,75.00,40.30,129,4.0483,1200005,183786,1200005,1383791,13.20,applied
9900,4,0,193616,128,99.42,40.30,171,0.0102,1200005,186917,1200005,1386922,13.23,applied
9900,5,0,193616,256,98.84,40.30,170,0.0205,1200005,183793,1200005,1383798,13.20,applied
9900,6,1,0,0,0.00,24.65,0,0.0000,34,0,34,34,0.00,applied
9900,7,1,0,0,0.00,24.65,0,0.0000,34,0,34,34,0.00,applied
9900,8,1,0,0,0.00,24.65,0,0.0000,34,0,34,34,0.00,applied
9900,9,1,0,0,0.00,24.65,0,0.0000,34,0,34,34,0.00,applied
9900,10,1,0,0,0.00,24.65,0,0.0000,34,0,34,34,0.00,applied
9900,11,1,0,0,0.00,24.65,0,0.0000,34,0,34,34,0.00,applied
9900,12,1,0,0,0.00,24.65,0,0.0000,34,0,34,34,0.00,applied
9900,13,1,0,0,0.00,24.65,0,0.0000,34,0,34,34,0.00,applied
9900,14,2,65200,1428,98.00,35.05,49,0.1142,6000101,6000101,51,6000152,57.22,applied
9900,15,2,65200,0,100.00,35.05,50,0.0000,6000216,6000216,34,6000250,57.22,applied
9900,16,2,65200,1428,98.00,35.05,49,0.1142,6000107,6000107,51,6000158,57.22,applied
9900,17,2,65200,0,100.00,35.05,50,0.0000,6002655,6002655,51,6002706,57.25,applied
9900,18,2,65200,0,100.00,35.05,50,0.0000,6000104,6000104,51,6000155,57.22,applied
9900,19,2,65200,2368,88.00,35.05,44,0.1894,6000109,6000109,51,6000160,57.22,applied
9900,20,2,65200,2368,88.00,35.05,44,0.1894,6000109,6000109,51,6000160,57.22,applied
9900,21,2,65200,0,100.00,35.05,50,0.0000,6000649,6000649,51,6000700,57.23,applied
9900,22,2,65200,0,100.00,35.05,50,0.0000,6001477,6001477,51,6001528,57.24,applied
9900,23,2,65200,1428,98.00,35.05,49,0.1142,6000100,6000100,51,6000151,57.22,applied
9900,24,2,65200,2368,88.00,35.05,44,0.1894,6000099,6000099,51,6000150,57.22,applied
9900,25,2,65200,1428,98.00,35.05,49,0.1142,6000099,6000099,51,6000150,57.22,applied
9900,26,2,65200,1428,98.00,35.05,49,0.1142,6000099,6000099,51,6000150,57.22,applied
9900,27,2,65200,0,100.00,35.05,50,0.0000,6000191,6000191,51,6000242,57.22,applied
9900,28,2,65200,0,100.00,35.05,50,0.0000,6000235,6000235,51,6000286,57.22,applied
9900,29,2,65200,0,100.00,35.05,50,0.0000,6002462,6002462,51,6002513,57.24,applied
9900,30,2,65200,1428,98.00,35.05,49,0.1142,6000097,6000097,51,6000148,57.22,applied
9900,31,2,65200,2368,88.00,35.05,44,0.1894,6000105,6000105,51,6000156,57.22,applied
9900,32,2,65200,1428,98.00,35.05,49,0.1142,6000105,6000105,51,6000156,57.22,applied
9900,33,2,65200,0,100.00,35.05,50,0.0000,6002092,6002092,51,6002143,57.24,applied
