timestamp,sliceId,dedicatedPRB,minPRB,maxPRB
510,0,28.537965147252216,28.537965147252216,100.0
510,1,47.256443730506135,47.256443730506135,100.0
510,2,24.205591122241653,24.205591122241653,100.0
520,0,43.209468814165675,43.209468814165675,100.0
520,1,29.16406953272993,29.16406953272993,100.0
520,2,27.6264616531044,27.6264616531044,100.0
530,0,22.740661388737905,22.740661388737905,100.0
530,1,36.747123013642046,36.747123013642046,100.0
530,2,40.51221559762004,40.51221559762004,100.0
540,0,34.939742293755586,34.939742293755586,100.0
540,1,26.168853843142497,26.168853843142497,100.0
540,2,38.89140386310192,38.89140386310192,100.0
550,0,40.59097737588748,40.59097737588748,100.0
550,1,25.08944955242028,25.08944955242028,100.0
550,2,34.31957307169225,34.31957307169225,100.0
560,0,30.065143242607256,30.065143242607256,100.0
560,1,46.859551864299256,46.859551864299256,100.0
560,2,23.075304893093488,23.075304893093488,100.0
570,0,24.731398116678637,24.731398116678637,100.0
570,1,54.05738308384228,54.05738308384228,100.0
570,2,21.211218799479077,21.211218799479077,100.0
580,0,26.634061274403447,26.634061274403447,100.0
580,1,46.04324791412991,46.04324791412991,100.0
580,2,27.32269081146665,27.32269081146665,100.0
590,0,35.03875945400919,35.03875945400919,100.0
590,1,47.326026992492075,47.326026992492075,100.0
590,2,17.635213553498748,17.635213553498748,100.0
600,0,24.02781543561973,24.02781543561973,100.0
600,1,45.26239041893045,45.26239041893045,100.0
600,2,30.709794145449827,30.709794145449827,100.0
610,0,28.53366821027606,28.53366821027606,100.0
610,1,51.938492353670384,51.938492353670384,100.0
610,2,19.52783943605356,19.52783943605356,100.0
620,0,28.665467317670007,28.665467317670007,100.0
620,1,27.723422617074256,27.723422617074256,100.0
620,2,43.61111006525574,43.61111006525574,100.0
630,0,36.38265333098119,36.38265333098119,100.0
630,1,41.28488958320395,41.28488958320395,100.0
630,2,22.33245708581486,22.33245708581486,100.0
640,0,24.059241845768245,24.059241845768245,100.0
640,1,40.229918950685416,40.229918950685416,100.0
640,2,35.71083920354634,35.71083920354634,100.0
650,0,45.416840125052296,45.416840125052296,100.0
650,1,36.2480407652329,36.2480407652329,100.0
650,2,18.335119109714803,18.335119109714803,100.0
660,0,37.145257473910284,37.145257473910284,100.0
660,1,32.386694179626474,32.386694179626474,100.0
660,2,30.468048346463245,30.468048346463245,100.0
