timestamp,ueImsi,sliceId,dTxBytes,dRxBytes,plr,resourceSharePct,dLostPackets,throughputMbps,bufferBytes
560,1,0,24448,3056,87.50,48.49,14,2.4448,135509
560,2,0,24448,3056,87.50,48.49,14,2.4448,135411
560,3,0,24448,3056,87.50,48.49,14,2.4448,135468
560,4,0,24448,3056,87.50,48.49,14,2.4448,135460
560,5,0,24448,3056,87.50,48.49,14,2.4448,135467
560,6,1,780,624,20.00,24.82,2,0.4992,126
560,7,1,780,624,20.00,24.82,2,0.4992,225
560,8,1,780,624,20.00,24.82,2,0.4992,225
560,9,1,780,624,20.00,24.82,2,0.4992,126
560,10,1,780,624,20.00,24.82,2,0.4992,126
560,11,2,16000,640,96.00,26.69,120,0.5120,91642
560,12,2,16000,768,95.20,26.69,119,0.6144,91741
560,13,2,16000,640,96.00,26.69,120,0.5120,91640
560,14,2,16000,640,96.00,26.69,120,0.5120,91656
560,15,2,16000,512,96.80,26.69,121,0.4096,91712
560,16,2,16000,640,96.00,26.69,120,0.5120,91722
560,17,2,16000,640,96.00,26.69,120,0.5120,91723
560,18,2,16000,640,96.00,26.69,120,0.5120,91721
560,19,2,16000,640,96.00,26.69,120,0.5120,91711
560,20,2,16000,640,96.00,26.69,120,0.5120,91709
