timestamp,ueImsi,sliceId,dTxBytes,dRxBytes,plr,resourceSharePct,dLostPackets,throughputMbps,bufferBytes,dlBufferBytes,ulBufferBytes,macBufferBytes,congestionPct,lastDrlActionStatus
9900,1,0,128736,0,100.00,27.58,112,0.0000,1200005,92056,1200005,1292061,12.32,applied
9900,2,0,128736,58944,57.14,27.58,64,4.7155,1200005,92056,1200005,1292061,12.32,applied
9900,3,0,128736,109292,20.54,27.58,23,8.7434,1200005,92056,1200005,1292061,12.32,applied
9900,4,0,128736,0,100.00,27.58,112,0.0000,34,92056,34,92090,0.88,applied
9900,5,0,128736,0,100.00,27.58,112,0.0000,34,92056,34,92090,0.88,applied
9900,6,1,0,0,0.00,35.64,0,0.0000,34,0,34,34,0.00,applied
9900,7,1,0,0,0.00,35.64,0,0.0000,34,0,34,34,0.00,applied
9900,8,1,0,0,0.00,35.64,0,0.0000,34,0,34,34,0.00,applied
9900,9,1,0,0,0.00,35.64,0,0.0000,34,0,34,34,0.00,applied
9900,10,1,0,0,0.00,35.64,0,0.0000,34,0,34,34,0.00,applied
9900,11,1,0,0,0.00,35.64,0,0.0000,34,0,34,34,0.00,applied
9900,12,1,0,0,0.00,35.64,0,0.0000,34,0,34,34,0.00,applied
9900,13,1,0,0,0.00,35.64,0,0.0000,34,0,34,34,0.00,applied
9900,14,2,65200,0,100.00,36.78,50,0.0000,5625807,5625807,51,5625858,53.65,applied
9900,15,2,65200,0,100.00,36.78,50,0.0000,5625807,5625807,51,5625858,53.65,applied
9900,16,2,65200,752,92.00,36.78,46,0.0602,5625807,5625807,51,5625858,53.65,applied
9900,17,2,65200,0,100.00,36.78,50,0.0000,5626948,5626948,51,5626999,53.66,applied
9900,18,2,65200,0,100.00,36.78,50,0.0000,5625807,5625807,51,5625858,53.65,applied
