timestamp,ueImsi,sliceId,dTxBytes,dRxBytes,plr,resourceSharePct,dLostPackets,throughputMbps,bufferBytes
560,1,0,24448,1528,93.75,21.66,15,1.2224,133765
560,2,0,24448,1528,93.75,21.66,15,1.2224,133277
560,3,0,24448,1528,93.75,21.66,15,1.2224,133279
560,4,0,24448,3056,87.50,21.66,14,2.4448,133090
560,5,0,24448,3056,87.50,21.66,14,2.4448,132697
560,6,1,390,312,20.00,60.00,1,0.2496,169
560,7,1,390,312,20.00,60.00,1,0.2496,169
560,8,1,390,312,20.00,60.00,1,0.2496,169
560,9,1,390,312,20.00,60.00,1,0.2496,169
560,10,1,390,312,20.00,60.00,1,0.2496,169
560,11,2,16000,768,95.20,18.34,119,0.6144,91872
560,12,2,16000,640,96.00,18.34,120,0.5120,91861
560,13,2,16000,768,95.20,18.34,119,0.6144,91863
560,14,2,16000,768,95.20,18.34,119,0.6144,91863
560,15,2,16000,768,95.20,18.34,119,0.6144,91916
560,16,2,16000,768,95.20,18.34,119,0.6144,91907
560,17,2,16000,768,95.20,18.34,119,0.6144,91816
560,18,2,16000,768,95.20,18.34,119,0.6144,91721
560,19,2,16000,768,95.20,18.34,119,0.6144,91440
560,20,2,16000,896,94.40,18.34,118,0.7168,91336
