timestamp,ueImsi,sliceId,dTxBytes,dRxBytes,plr,resourceSharePct,dLostPackets,throughputMbps,bufferBytes
560,1,0,24448,1528,93.75,25.81,15,1.2224,132913
560,2,0,24448,1528,93.75,25.81,15,1.2224,132952
560,3,0,24448,1528,93.75,25.81,15,1.2224,132966
560,4,0,24448,1528,93.75,25.81,15,1.2224,132993
560,5,0,24448,1528,93.75,25.81,15,1.2224,132987
560,6,1,780,702,10.00,41.69,1,0.5616,87
560,7,1,780,702,10.00,41.69,1,0.5616,87
560,8,1,780,702,10.00,41.69,1,0.5616,87
560,9,1,780,702,10.00,41.69,1,0.5616,87
560,10,1,780,702,10.00,41.69,1,0.5616,87
560,11,2,16000,1280,92.00,32.51,115,1.0240,88169
560,12,2,16000,1280,92.00,32.51,115,1.0240,88117
560,13,2,16000,1280,92.00,32.51,115,1.0240,88172
560,14,2,16000,1280,92.00,32.51,115,1.0240,88153
560,15,2,16000,1280,92.00,32.51,115,1.0240,88154
560,16,2,16000,1408,91.20,32.51,114,1.1264,88155
560,17,2,16000,1408,91.20,32.51,114,1.1264,88166
560,18,2,16000,1280,92.00,32.51,115,1.0240,88198
560,19,2,16000,1280,92.00,32.51,115,1.0240,88198
560,20,2,16000,1408,91.20,32.51,114,1.1264,88083
