timestamp,ueImsi,sliceId,dTxBytes,dRxBytes,plr,resourceSharePct,dLostPackets,throughputMbps,bufferBytes
560,1,0,16808,6112,63.64,52.18,7,4.8896,71727
560,2,0,16808,6112,63.64,52.18,7,4.8896,71703
560,3,0,16808,6112,63.64,52.18,7,4.8896,71658
560,4,0,16808,6112,63.64,52.18,7,4.8896,71737
560,5,0,16808,6112,63.64,52.18,7,4.8896,71731
560,6,1,390,390,0.00,28.51,0,0.3120,87
560,7,1,390,390,0.00,28.51,0,0.3120,87
560,8,1,390,390,0.00,28.51,0,0.3120,87
560,9,1,390,390,0.00,28.51,0,0.3120,87
560,10,1,390,390,0.00,28.51,0,0.3120,87
560,11,2,256,256,0.00,19.31,0,0.2048,54
560,12,2,256,256,0.00,19.31,0,0.2048,54
560,13,2,256,256,0.00,19.31,0,0.2048,137
560,14,2,256,256,0.00,19.31,0,0.2048,54
560,15,2,256,256,0.00,19.31,0,0.2048,54
560,16,2,256,256,0.00,19.31,0,0.2048,54
560,17,2,256,256,0.00,19.31,0,0.2048,54
560,18,2,256,256,0.00,19.31,0,0.2048,54
560,19,2,256,256,0.00,19.31,0,0.2048,54
560,20,2,256,256,0.00,19.31,0,0.2048,54
