timestamp,sliceId,dedicatedPRB,minPRB,maxPRB,algorithm
510,0,46.665,46.665,100.0,0
510,1,30.000000000000004,30.000000000000004,100.0,0
510,2,23.335,23.335,100.0,0
520,0,36.665000000000006,36.665000000000006,100.0,0
520,1,35.0,35.0,100.0,0
520,2,28.335,28.335,100.0,0
530,0,46.665,46.665,100.0,0
530,1,35.0,35.0,100.0,0
530,2,18.335,18.335,100.0,0
540,0,41.665,41.665,100.0,0
540,1,20.000000000000004,20.000000000000004,100.0,0
540,2,38.335,38.335,100.0,0
550,0,16.665,16.665,100.0,0
550,1,55.00000000000001,55.00000000000001,100.0,0
550,2,28.335,28.335,100.0,0
560,0,61.665000000000006,61.665000000000006,100.0,0
560,1,20.0,20.0,100.0,0
560,2,18.335,18.335,100.0,0
570,0,61.665000000000006,61.665000000000006,100.0,0
570,1,20.0,20.0,100.0,0
570,2,18.335,18.335,100.0,0
580,0,61.665000000000006,61.665000000000006,100.0,0
580,1,20.0,20.0,100.0,0
580,2,18.335,18.335,100.0,0
590,0,61.665000000000006,61.665000000000006,100.0,0
590,1,20.0,20.0,100.0,0
590,2,18.335,18.335,100.0,0
600,0,61.665000000000006,61.665000000000006,100.0,0
600,1,20.0,20.0,100.0,0
600,2,18.335,18.335,100.0,0
610,0,61.665000000000006,61.665000000000006,100.0,0
610,1,20.0,20.0,100.0,0
610,2,18.335,18.335,100.0,0
620,0,61.665000000000006,61.665000000000006,100.0,0
620,1,20.0,20.0,100.0,0
620,2,18.335,18.335,100.0,0
630,0,26.664999999999996,26.664999999999996,100.0,0
630,1,60.0,60.0,100.0,0
630,2,13.334999999999997,13.334999999999997,100.0,0
640,0,61.665000000000006,61.665000000000006,100.0,0
640,1,20.0,20.0,100.0,0
640,2,18.335,18.335,100.0,0
650,0,61.665000000000006,61.665000000000006,100.0,0
650,1,20.0,20.0,100.0,0
650,2,18.335,18.335,100.0,0
660,0,61.665000000000006,61.665000000000006,100.0,0
660,1,20.0,20.0,100.0,0
660,2,18.335,18.335,100.0,0
670,0,61.665000000000006,61.665000000000006,100.0,0
670,1,20.0,20.0,100.0,0
670,2,18.335,18.335,100.0,0
680,0,61.665000000000006,61.665000000000006,100.0,0
680,1,20.0,20.0,100.0,0
680,2,18.335,18.335,100.0,0
690,0,16.665,16.665,100.0,2
690,1,25.0,25.0,100.0,2
690,2,58.335,58.335,100.0,2
700,0,66.665,66.665,100.0,1
700,1,20.000000000000004,20.000000000000004,100.0,1
700,2,13.335000000000003,13.335000000000003,100.0,1
710,0,66.665,66.665,100.0,1
710,1,20.000000000000004,20.000000000000004,100.0,1
710,2,13.335000000000003,13.335000000000003,100.0,1
720,0,66.665,66.665,100.0,1
720,1,20.000000000000004,20.000000000000004,100.0,1
720,2,13.335000000000003,13.335000000000003,100.0,1
730,0,66.665,66.665,100.0,1
730,1,20.000000000000004,20.000000000000004,100.0,1
730,2,13.335000000000003,13.335000000000003,100.0,1
740,0,56.665,56.665,100.0,0
740,1,20.0,20.0,100.0,0
740,2,23.335,23.335,100.0,0
750,0,66.665,66.665,100.0,1
750,1,20.000000000000004,20.000000000000004,100.0,1
750,2,13.335000000000003,13.335000000000003,100.0,1
760,0,56.665,56.665,100.0,0
760,1,20.0,20.0,100.0,0
760,2,23.335,23.335,100.0,0
770,0,66.665,66.665,100.0,1
770,1,20.000000000000004,20.000000000000004,100.0,1
770,2,13.335000000000003,13.335000000000003,100.0,1
780,0,56.665,56.665,100.0,0
780,1,20.0,20.0,100.0,0
780,2,23.335,23.335,100.0,0
790,0,66.665,66.665,100.0,1
790,1,20.000000000000004,20.000000000000004,100.0,1
790,2,13.335000000000003,13.335000000000003,100.0,1
800,0,16.665,16.665,100.0,0
800,1,55.00000000000001,55.00000000000001,100.0,0
800,2,28.335,28.335,100.0,0
810,0,66.665,66.665,100.0,1
810,1,20.000000000000004,20.000000000000004,100.0,1
810,2,13.335000000000003,13.335000000000003,100.0,1
820,0,16.665,16.665,100.0,0
820,1,55.00000000000001,55.00000000000001,100.0,0
820,2,28.335,28.335,100.0,0
830,0,66.665,66.665,100.0,1
830,1,20.000000000000004,20.000000000000004,100.0,1
830,2,13.335000000000003,13.335000000000003,100.0,1
840,0,41.665,41.665,100.0,0
840,1,20.000000000000004,20.000000000000004,100.0,0
840,2,38.335,38.335,100.0,0
850,0,56.665,56.665,100.0,0
850,1,20.0,20.0,100.0,0
850,2,23.335,23.335,100.0,0
860,0,41.665,41.665,100.0,0
860,1,20.000000000000004,20.000000000000004,100.0,0
860,2,38.335,38.335,100.0,0
870,0,61.665000000000006,61.665000000000006,100.0,0
870,1,20.0,20.0,100.0,0
870,2,18.335,18.335,100.0,0
880,0,41.665,41.665,100.0,0
880,1,20.000000000000004,20.000000000000004,100.0,0
880,2,38.335,38.335,100.0,0
890,0,16.665,16.665,100.0,0
890,1,55.00000000000001,55.00000000000001,100.0,0
890,2,28.335,28.335,100.0,0
900,0,26.665000000000006,26.665000000000006,100.0,0
900,1,35.0,35.0,100.0,0
900,2,38.335,38.335,100.0,0
910,0,61.665000000000006,61.665000000000006,100.0,0
910,1,20.0,20.0,100.0,0
910,2,18.335,18.335,100.0,0
920,0,41.665,41.665,100.0,0
920,1,20.000000000000004,20.000000000000004,100.0,0
920,2,38.335,38.335,100.0,0
930,0,16.665,16.665,100.0,0
930,1,55.00000000000001,55.00000000000001,100.0,0
930,2,28.335,28.335,100.0,0
940,0,61.665000000000006,61.665000000000006,100.0,0
940,1,20.0,20.0,100.0,0
940,2,18.335,18.335,100.0,0
950,0,41.665,41.665,100.0,0
950,1,20.000000000000004,20.000000000000004,100.0,0
950,2,38.335,38.335,100.0,0
960,0,16.665,16.665,100.0,0
960,1,55.00000000000001,55.00000000000001,100.0,0
960,2,28.335,28.335,100.0,0
970,0,61.665000000000006,61.665000000000006,100.0,0
970,1,20.0,20.0,100.0,0
970,2,18.335,18.335,100.0,0
980,0,16.665,16.665,100.0,0
980,1,55.00000000000001,55.00000000000001,100.0,0
980,2,28.335,28.335,100.0,0
990,0,66.665,66.665,100.0,1
990,1,20.000000000000004,20.000000000000004,100.0,1
990,2,13.335000000000003,13.335000000000003,100.0,1
1000,0,41.665,41.665,100.0,0
1000,1,20.000000000000004,20.000000000000004,100.0,0
1000,2,38.335,38.335,100.0,0
1010,0,16.665,16.665,100.0,0
1010,1,55.00000000000001,55.00000000000001,100.0,0
1010,2,28.335,28.335,100.0,0
1020,0,66.665,66.665,100.0,1
1020,1,20.000000000000004,20.000000000000004,100.0,1
1020,2,13.335000000000003,13.335000000000003,100.0,1
1030,0,41.665,41.665,100.0,0
1030,1,20.000000000000004,20.000000000000004,100.0,0
1030,2,38.335,38.335,100.0,0
1040,0,16.665,16.665,100.0,0
1040,1,55.00000000000001,55.00000000000001,100.0,0
1040,2,28.335,28.335,100.0,0
1050,0,66.665,66.665,100.0,1
1050,1,20.000000000000004,20.000000000000004,100.0,1
1050,2,13.335000000000003,13.335000000000003,100.0,1
1060,0,41.665,41.665,100.0,0
1060,1,20.000000000000004,20.000000000000004,100.0,0
1060,2,38.335,38.335,100.0,0
1070,0,16.665,16.665,100.0,0
1070,1,55.00000000000001,55.00000000000001,100.0,0
1070,2,28.335,28.335,100.0,0
1080,0,41.665,41.665,100.0,1
1080,1,25.0,25.0,100.0,1
1080,2,33.335,33.335,100.0,1
1090,0,26.665,26.665,100.0,0
1090,1,30.000000000000004,30.000000000000004,100.0,0
1090,2,43.335,43.335,100.0,0
1100,0,16.665,16.665,100.0,0
1100,1,55.00000000000001,55.00000000000001,100.0,0
1100,2,28.335,28.335,100.0,0
1110,0,61.665000000000006,61.665000000000006,100.0,0
1110,1,20.0,20.0,100.0,0
1110,2,18.335,18.335,100.0,0
1120,0,16.665,16.665,100.0,0
1120,1,55.00000000000001,55.00000000000001,100.0,0
1120,2,28.335,28.335,100.0,0
1130,0,66.665,66.665,100.0,1
1130,1,20.000000000000004,20.000000000000004,100.0,1
1130,2,13.335000000000003,13.335000000000003,100.0,1
1140,0,16.665,16.665,100.0,0
1140,1,55.00000000000001,55.00000000000001,100.0,0
1140,2,28.335,28.335,100.0,0
1150,0,66.665,66.665,100.0,1
1150,1,20.000000000000004,20.000000000000004,100.0,1
1150,2,13.335000000000003,13.335000000000003,100.0,1
1160,0,16.665,16.665,100.0,0
1160,1,55.00000000000001,55.00000000000001,100.0,0
1160,2,28.335,28.335,100.0,0
1170,0,66.665,66.665,100.0,1
1170,1,20.000000000000004,20.000000000000004,100.0,1
1170,2,13.335000000000003,13.335000000000003,100.0,1
1180,0,16.665,16.665,100.0,0
1180,1,55.00000000000001,55.00000000000001,100.0,0
1180,2,28.335,28.335,100.0,0
1190,0,66.665,66.665,100.0,1
1190,1,20.000000000000004,20.000000000000004,100.0,1
1190,2,13.335000000000003,13.335000000000003,100.0,1
1200,0,16.665,16.665,100.0,0
1200,1,55.00000000000001,55.00000000000001,100.0,0
1200,2,28.335,28.335,100.0,0
1210,0,66.665,66.665,100.0,1
1210,1,20.000000000000004,20.000000000000004,100.0,1
1210,2,13.335000000000003,13.335000000000003,100.0,1
1220,0,16.665,16.665,100.0,0
1220,1,55.00000000000001,55.00000000000001,100.0,0
1220,2,28.335,28.335,100.0,0
1230,0,66.665,66.665,100.0,1
1230,1,20.000000000000004,20.000000000000004,100.0,1
1230,2,13.335000000000003,13.335000000000003,100.0,1
1240,0,16.665,16.665,100.0,0
1240,1,55.00000000000001,55.00000000000001,100.0,0
1240,2,28.335,28.335,100.0,0
1250,0,66.665,66.665,100.0,1
1250,1,20.000000000000004,20.000000000000004,100.0,1
1250,2,13.335000000000003,13.335000000000003,100.0,1
1260,0,56.665,56.665,100.0,0
1260,1,20.0,20.0,100.0,0
1260,2,23.335,23.335,100.0,0
1270,0,56.665,56.665,100.0,0
1270,1,20.0,20.0,100.0,0
1270,2,23.335,23.335,100.0,0
1280,0,16.665,16.665,100.0,0
1280,1,55.00000000000001,55.00000000000001,100.0,0
1280,2,28.335,28.335,100.0,0
1290,0,66.665,66.665,100.0,1
1290,1,20.000000000000004,20.000000000000004,100.0,1
1290,2,13.335000000000003,13.335000000000003,100.0,1
1300,0,16.665,16.665,100.0,0
1300,1,55.00000000000001,55.00000000000001,100.0,0
1300,2,28.335,28.335,100.0,0
1310,0,61.665000000000006,61.665000000000006,100.0,0
1310,1,20.0,20.0,100.0,0
1310,2,18.335,18.335,100.0,0
1320,0,16.665,16.665,100.0,0
1320,1,55.00000000000001,55.00000000000001,100.0,0
1320,2,28.335,28.335,100.0,0
1330,0,66.665,66.665,100.0,1
1330,1,20.000000000000004,20.000000000000004,100.0,1
1330,2,13.335000000000003,13.335000000000003,100.0,1
1340,0,16.665,16.665,100.0,0
1340,1,55.00000000000001,55.00000000000001,100.0,0
1340,2,28.335,28.335,100.0,0
1350,0,66.665,66.665,100.0,1
1350,1,20.000000000000004,20.000000000000004,100.0,1
1350,2,13.335000000000003,13.335000000000003,100.0,1
1360,0,16.665,16.665,100.0,0
1360,1,55.00000000000001,55.00000000000001,100.0,0
1360,2,28.335,28.335,100.0,0
1370,0,61.665000000000006,61.665000000000006,100.0,0
1370,1,20.0,20.0,100.0,0
1370,2,18.335,18.335,100.0,0
1380,0,16.665,16.665,100.0,0
1380,1,55.00000000000001,55.00000000000001,100.0,0
1380,2,28.335,28.335,100.0,0
1390,0,66.665,66.665,100.0,1
1390,1,20.000000000000004,20.000000000000004,100.0,1
1390,2,13.335000000000003,13.335000000000003,100.0,1
1400,0,16.665,16.665,100.0,0
1400,1,55.00000000000001,55.00000000000001,100.0,0
1400,2,28.335,28.335,100.0,0
1410,0,66.665,66.665,100.0,1
1410,1,20.000000000000004,20.000000000000004,100.0,1
1410,2,13.335000000000003,13.335000000000003,100.0,1
1420,0,16.665,16.665,100.0,0
1420,1,55.00000000000001,55.00000000000001,100.0,0
1420,2,28.335,28.335,100.0,0
1430,0,66.665,66.665,100.0,1
1430,1,20.000000000000004,20.000000000000004,100.0,1
1430,2,13.335000000000003,13.335000000000003,100.0,1
1440,0,16.665,16.665,100.0,0
1440,1,55.00000000000001,55.00000000000001,100.0,0
1440,2,28.335,28.335,100.0,0
1450,0,61.665000000000006,61.665000000000006,100.0,0
1450,1,20.0,20.0,100.0,0
1450,2,18.335,18.335,100.0,0
1460,0,16.665,16.665,100.0,2
1460,1,55.00000000000001,55.00000000000001,100.0,2
1460,2,28.335,28.335,100.0,2
1470,0,66.665,66.665,100.0,1
1470,1,20.000000000000004,20.000000000000004,100.0,1
1470,2,13.335000000000003,13.335000000000003,100.0,1
1480,0,46.665,46.665,100.0,1
1480,1,40.0,40.0,100.0,1
1480,2,13.334999999999999,13.334999999999999,100.0,1
1490,0,46.665,46.665,100.0,1
1490,1,40.0,40.0,100.0,1
1490,2,13.334999999999999,13.334999999999999,100.0,1
1500,0,46.665,46.665,100.0,1
1500,1,40.0,40.0,100.0,1
1500,2,13.334999999999999,13.334999999999999,100.0,1
