timestamp,ueImsi,sliceId,dTxBytes,dRxBytes,plr,resourceSharePct,dLostPackets,throughputMbps,bufferBytes,dlBufferBytes,ulBufferBytes,macBufferBytes,congestionPct,lastDrlActionStatus
9900,1,0,193616,4912,97.67,21.68,168,0.3930,1200005,181602,1200005,1381607,13.18,applied
9900,2,0,193616,6140,97.09,21.68,167,0.4912,1200005,181601,1200005,1381606,13.18,applied
9900,3,0,193616,52804,75.00,21.68,129,4.2243,1200005,181607,1200005,1381612,13.18,applied
9900,4,0,193616,0,100.00,21.68,172,0.0000,1200005,184579,1200005,1384584,13.20,applied
9900,5,0,193616,18420,91.28,21.68,157,1.4736,1200005,181601,1200005,1381606,13.18,applied
9900,6,1,0,0,0.00,40.16,0,0.0000,17,0,17,17,0.00,applied
9900,7,1,0,0,0.00,40.16,0,0.0000,34,0,34,34,0.00,applied
9900,8,1,0,0,0.00,40.16,0,0.0000,34,0,34,34,0.00,applied
9900,9,1,0,0,0.00,40.16,0,0.0000,34,0,34,34,0.00,applied
9900,10,1,0,0,0.00,40.16,0,0.0000,34,0,34,34,0.00,applied
9900,11,1,0,0,0.00,40.16,0,0.0000,34,0,34,34,0.00,applied
9900,12,1,0,0,0.00,40.16,0,0.0000,34,0,34,34,0.00,applied
9900,13,1,0,0,0.00,40.16,0,0.0000,34,0,34,34,0.00,applied
9900,14,2,65200,0,100.00,38.16,50,0.0000,5911711,5911711,51,5911762,56.38,applied
9900,15,2,65200,0,100.00,38.16,50,0.0000,5911811,5911811,34,5911845,56.38,applied
9900,16,2,65200,0,100.00,38.16,50,0.0000,5911715,5911715,51,5911766,56.38,applied
9900,17,2,65200,0,100.00,38.16,50,0.0000,5914071,5914071,51,5914122,56.40,applied
9900,18,2,65200,0,100.00,38.16,50,0.0000,5911723,5911723,51,5911774,56.38,applied
9900,19,2,65200,940,90.00,38.16,45,0.0752,5911714,5911714,51,5911765,56.38,applied
9900,20,2,65200,940,90.00,38.16,45,0.0752,5911714,5911714,51,5911765,56.38,applied
9900,21,2,65200,0,100.00,38.16,50,0.0000,5912229,5912229,51,5912280,56.38,applied
9900,22,2,65200,0,100.00,38.16,50,0.0000,5913000,5913000,51,5913051,56.39,applied
9900,23,2,65200,0,100.00,38.16,50,0.0000,5911719,5911719,51,5911770,56.38,applied
9900,24,2,65200,940,90.00,38.16,45,0.0752,5911719,5911719,51,5911770,56.38,applied
9900,25,2,65200,0,100.00,38.16,50,0.0000,5911720,5911720,51,5911771,56.38,applied
9900,26,2,65200,0,100.00,38.16,50,0.0000,5911720,5911720,51,5911771,56.38,applied
9900,27,2,65200,0,100.00,38.16,50,0.0000,5911857,5911857,51,5911908,56.38,applied
9900,28,2,65200,0,100.00,38.16,50,0.0000,5911937,5911937,51,5911988,56.38,applied
9900,29,2,65200,0,100.00,38.16,50,0.0000,5913850,5913850,51,5913901,56.40,applied
9900,30,2,65200,0,100.00,38.16,50,0.0000,5911718,5911718,51,5911769,56.38,applied
9900,31,2,65200,940,90.00,38.16,45,0.0752,5911717,5911717,51,5911768,56.38,applied
9900,32,2,65200,0,100.00,38.16,50,0.0000,5911718,5911718,51,5911769,56.38,applied
9900,33,2,65200,0,100.00,38.16,50,0.0000,5913608,5913608,51,5913659,56.40,applied
