timestamp,ueImsi,sliceId,dTxBytes,dRxBytes,plr,resourceSharePct,dLostPackets,throughputMbps,bufferBytes
560,1,0,16808,4584,72.73,61.67,8,3.6672,86617
560,2,0,16808,3056,81.82,61.67,9,2.4448,86031
560,3,0,16808,4584,72.73,61.67,8,3.6672,85039
560,4,0,16808,4584,72.73,61.67,8,3.6672,84445
560,5,0,16808,4584,72.73,61.67,8,3.6672,84157
560,6,1,390,312,20.00,20.00,1,0.2496,169
560,7,1,390,312,20.00,20.00,1,0.2496,169
560,8,1,390,312,20.00,20.00,1,0.2496,169
560,9,1,390,312,20.00,20.00,1,0.2496,169
560,10,1,390,312,20.00,20.00,1,0.2496,169
560,11,2,256,128,50.00,18.34,1,0.1024,96
560,12,2,256,128,50.00,18.34,1,0.1024,96
560,13,2,256,128,50.00,18.34,1,0.1024,96
560,14,2,256,128,50.00,18.34,1,0.1024,96
560,15,2,256,128,50.00,18.34,1,0.1024,96
560,16,2,256,128,50.00,18.34,1,0.1024,96
560,17,2,256,128,50.00,18.34,1,0.1024,96
560,18,2,256,128,50.00,18.34,1,0.1024,96
560,19,2,256,128,50.00,18.34,1,0.1024,96
560,20,2,256,128,50.00,18.34,1,0.1024,96
