timestamp,ueImsi,sliceId,dTxBytes,dRxBytes,plr,resourceSharePct,dLostPackets,throughputMbps,bufferBytes
1510,1,0,35144,33616,4.35,38.64,1,26.8928,313738
1510,2,0,35144,19864,43.48,38.64,10,15.8912,1589539
1510,3,1,1014,0,100.00,40.72,13,0.0000,87
1510,4,1,1014,936,7.69,40.72,1,0.7488,87
1510,5,2,256,0,100.00,20.64,2,0.0000,137
1510,6,2,256,256,0.00,20.64,0,0.2048,137
1510,7,2,256,256,0.00,20.64,0,0.2048,137
1510,8,2,256,0,100.00,20.64,2,0.0000,137
1510,9,2,256,0,100.00,20.64,2,0.0000,137
1510,10,2,256,256,0.00,20.64,0,0.2048,137
