timestamp,ueImsi,sliceId,dTxBytes,dRxBytes,plr,resourceSharePct,dLostPackets,throughputMbps,bufferBytes
1510,1,0,18336,15280,16.67,66.67,2,12.2240,2467
1510,2,0,18336,16808,8.33,66.67,1,13.4464,419066
1510,3,0,18336,21392,0.00,66.67,0,17.1136,73430
1510,4,0,18336,9168,50.00,66.67,6,7.3344,1009229
1510,5,0,18336,0,100.00,66.67,12,0.0000,1710673
1510,6,1,390,312,20.00,20.00,1,0.2496,169
1510,7,1,390,390,0.00,20.00,0,0.3120,87
1510,8,1,390,780,0.00,20.00,0,0.6240,87
1510,9,1,390,0,100.00,20.00,5,0.0000,151
1510,10,1,390,390,0.00,20.00,0,0.3120,87
1510,11,2,384,384,0.00,13.34,0,0.3072,124
1510,12,2,384,256,33.33,13.34,1,0.2048,86
1510,13,2,384,256,33.33,13.34,1,0.2048,137
1510,14,2,384,0,100.00,13.34,3,0.0000,396
1510,15,2,384,256,33.33,13.34,1,0.2048,137
1510,16,2,384,256,33.33,13.34,1,0.2048,137
1510,17,2,384,512,0.00,13.34,0,0.4096,71
1510,18,2,384,0,100.00,13.34,3,0.0000,440
1510,19,2,384,256,33.33,13.34,1,0.2048,137
1510,20,2,384,0,100.00,13.34,3,0.0000,32
