timestamp,sliceId,dedicatedPRB,minPRB,maxPRB
510,0,40.47478085804331,40.47478085804331,100.0
510,1,31.164599777097745,31.164599777097745,100.0
510,2,28.36061936485894,28.36061936485894,100.0
520,0,47.05382162567175,47.05382162567175,100.0
520,1,30.35141636446793,30.35141636446793,100.0
520,2,22.594762009860315,22.594762009860315,100.0
530,0,47.99773496849906,47.99773496849906,100.0
530,1,28.32710698979046,28.32710698979046,100.0
530,2,23.67515804171047,23.67515804171047,100.0
540,0,28.24438061750676,28.24438061750676,100.0
540,1,34.87811568561526,34.87811568561526,100.0
540,2,36.87750369687798,36.87750369687798,100.0
550,0,29.494538234783363,29.494538234783363,100.0
550,1,30.26866943706612,30.26866943706612,100.0
550,2,40.236792328150514,40.236792328150514,100.0
560,0,39.59924034015147,39.59924034015147,100.0
560,1,30.372981639646724,30.372981639646724,100.0
560,2,30.02777802020182,30.02777802020182,100.0
570,0,31.656787311652945,31.656787311652945,100.0
570,1,44.74641029743495,44.74641029743495,100.0
570,2,23.596802390912107,23.596802390912107,100.0
580,0,30.737065747856196,30.737065747856196,100.0
580,1,47.48885453619782,47.48885453619782,100.0
580,2,21.774079715945977,21.774079715945977,100.0
590,0,38.64615844149106,38.64615844149106,100.0
590,1,38.08074323643849,38.08074323643849,100.0
590,2,23.273098322070464,23.273098322070464,100.0
600,0,40.95953565912096,40.95953565912096,100.0
600,1,32.61245731244784,32.61245731244784,100.0
600,2,26.4280070284312,26.4280070284312,100.0
610,0,24.88259824275686,24.88259824275686,100.0
610,1,55.17456645353577,55.17456645353577,100.0
610,2,19.942835303707366,19.942835303707366,100.0
620,0,31.36834407708872,31.36834407708872,100.0
620,1,40.494390358669285,40.494390358669285,100.0
620,2,28.137265564242004,28.137265564242004,100.0
630,0,30.198665116732553,30.198665116732553,100.0
630,1,47.35642868608439,47.35642868608439,100.0
630,2,22.444906197183062,22.444906197183062,100.0
640,0,40.48935736287797,40.48935736287797,100.0
640,1,28.130982541649118,28.130982541649118,100.0
640,2,31.37966009547292,31.37966009547292,100.0
650,0,38.813458607682925,38.813458607682925,100.0
650,1,26.417393404299798,26.417393404299798,100.0
650,2,34.769147988017274,34.769147988017274,100.0
660,0,36.18106577365695,36.18106577365695,100.0
660,1,44.81062962339499,44.81062962339499,100.0
660,2,19.00830460294807,19.00830460294807,100.0
670,0,30.651233504542986,30.651233504542986,100.0
670,1,35.78936499047734,35.78936499047734,100.0
670,2,33.55940150497968,33.55940150497968,100.0
680,0,28.304615589582347,28.304615589582347,100.0
680,1,37.56967970714964,37.56967970714964,100.0
680,2,34.12570470326802,34.12570470326802,100.0
690,0,36.986633169004534,36.986633169004534,100.0
690,1,43.31758635269214,43.31758635269214,100.0
690,2,19.69578047830333,19.69578047830333,100.0
700,0,37.112253905494455,37.112253905494455,100.0
700,1,28.8271952132925,28.8271952132925,100.0
700,2,34.06055088121305,34.06055088121305,100.0
710,0,32.53893733336541,32.53893733336541,100.0
710,1,38.568906147267114,38.568906147267114,100.0
710,2,28.892156519367475,28.892156519367475,100.0
720,0,33.50951762796745,33.50951762796745,100.0
720,1,43.67938220746399,43.67938220746399,100.0
720,2,22.81110016456856,22.81110016456856,100.0
730,0,31.094924734368647,31.094924734368647,100.0
730,1,29.372039158146336,29.372039158146336,100.0
730,2,39.53303610748502,39.53303610748502,100.0
740,0,33.22525943891653,33.22525943891653,100.0
740,1,29.909579500824286,29.909579500824286,100.0
740,2,36.86516106025919,36.86516106025919,100.0
750,0,41.441213477231194,41.441213477231194,100.0
750,1,32.18694556498957,32.18694556498957,100.0
750,2,26.37184095777924,26.37184095777924,100.0
760,0,28.211050252148706,28.211050252148706,100.0
760,1,36.27150285930203,36.27150285930203,100.0
760,2,35.517446888549266,35.517446888549266,100.0
770,0,30.374995912352492,30.374995912352492,100.0
770,1,43.87498438816904,43.87498438816904,100.0
770,2,25.75001969947848,25.75001969947848,100.0
780,0,52.62771659330772,52.62771659330772,100.0
780,1,26.683500835821285,26.683500835821285,100.0
780,2,20.688782570871005,20.688782570871005,100.0
790,0,50.04154694740388,50.04154694740388,100.0
790,1,28.50790142906948,28.50790142906948,100.0
790,2,21.450551623526636,21.450551623526636,100.0
800,0,34.19005909809499,34.19005909809499,100.0
800,1,37.46273463513748,37.46273463513748,100.0
800,2,28.347206266767532,28.347206266767532,100.0
810,0,35.799890658553146,35.799890658553146,100.0
810,1,31.130415331636605,31.130415331636605,100.0
810,2,33.06969400981024,33.06969400981024,100.0
820,0,35.53567173323805,35.53567173323805,100.0
820,1,34.40345101900932,34.40345101900932,100.0
820,2,30.060877247752636,30.060877247752636,100.0
830,0,23.35267514819961,23.35267514819961,100.0
830,1,26.069890508622528,26.069890508622528,100.0
830,2,50.57743434317786,50.57743434317786,100.0
840,0,37.83292660594061,37.83292660594061,100.0
840,1,28.45208551776528,28.45208551776528,100.0
840,2,33.714987876294124,33.714987876294124,100.0
850,0,28.21447971635276,28.21447971635276,100.0
850,1,38.48519545712856,38.48519545712856,100.0
850,2,33.30032482651868,33.30032482651868,100.0
860,0,27.053443652826058,27.053443652826058,100.0
860,1,33.244455467165814,33.244455467165814,100.0
860,2,39.70210088000813,39.70210088000813,100.0
870,0,36.17013586343967,36.17013586343967,100.0
870,1,35.0139791173182,35.0139791173182,100.0
870,2,28.81588501924214,28.81588501924214,100.0
880,0,53.74314175389865,53.74314175389865,100.0
880,1,26.14361730402277,26.14361730402277,100.0
880,2,20.11324094207859,20.11324094207859,100.0
890,0,40.28689146637278,40.28689146637278,100.0
890,1,25.092031788744347,25.092031788744347,100.0
890,2,34.621076744882885,34.621076744882885,100.0
900,0,35.284434592072834,35.284434592072834,100.0
900,1,30.990985164297907,30.990985164297907,100.0
900,2,33.72458024362926,33.72458024362926,100.0
910,0,29.08747549462606,29.08747549462606,100.0
910,1,42.717753554509095,42.717753554509095,100.0
910,2,28.194770950864843,28.194770950864843,100.0
920,0,29.35377059489559,29.35377059489559,100.0
920,1,44.521906479520176,44.521906479520176,100.0
920,2,26.124322925584227,26.124322925584227,100.0
930,0,47.422832278850066,47.422832278850066,100.0
930,1,27.072124806358932,27.072124806358932,100.0
930,2,25.505042914790998,25.505042914790998,100.0
940,0,25.84845336248116,25.84845336248116,100.0
940,1,38.398188702604266,38.398188702604266,100.0
940,2,35.75335793491458,35.75335793491458,100.0
950,0,50.93461249527679,50.93461249527679,100.0
950,1,27.46448292316788,27.46448292316788,100.0
950,2,21.60090458155533,21.60090458155533,100.0
960,0,33.13744732362686,33.13744732362686,100.0
960,1,30.94131353423958,30.94131353423958,100.0
960,2,35.921239142133565,35.921239142133565,100.0
970,0,39.451536432327536,39.451536432327536,100.0
970,1,24.639382601770723,24.639382601770723,100.0
970,2,35.909080965901744,35.909080965901744,100.0
980,0,38.323180795531144,38.323180795531144,100.0
980,1,25.984346132309728,25.984346132309728,100.0
980,2,35.69247307215914,35.69247307215914,100.0
990,0,27.225155786118037,27.225155786118037,100.0
990,1,38.11463224883656,38.11463224883656,100.0
990,2,34.660211965045406,34.660211965045406,100.0
1000,0,48.13953523037405,48.13953523037405,100.0
1000,1,33.34434163329779,33.34434163329779,100.0
1000,2,18.516123136328154,18.516123136328154,100.0
1010,0,22.928715430789175,22.928715430789175,100.0
1010,1,45.59413292842535,45.59413292842535,100.0
1010,2,31.477151640785472,31.477151640785472,100.0
1020,0,28.65571368942409,28.65571368942409,100.0
1020,1,41.56987682300074,41.56987682300074,100.0
1020,2,29.774409487575166,29.774409487575166,100.0
1030,0,29.619006885646616,29.619006885646616,100.0
1030,1,28.941554646866198,28.941554646866198,100.0
1030,2,41.439438467487186,41.439438467487186,100.0
1040,0,34.71108671938094,34.71108671938094,100.0
1040,1,38.624730480075186,38.624730480075186,100.0
1040,2,26.664182800543877,26.664182800543877,100.0
1050,0,36.2027907943137,36.2027907943137,100.0
1050,1,26.35016598433726,26.35016598433726,100.0
1050,2,37.44704322134905,37.44704322134905,100.0
1060,0,40.08566639150906,40.08566639150906,100.0
1060,1,37.54543350685987,37.54543350685987,100.0
1060,2,22.368900101631073,22.368900101631073,100.0
1070,0,50.51005574093514,50.51005574093514,100.0
1070,1,27.180466089928856,27.180466089928856,100.0
1070,2,22.309478169136014,22.309478169136014,100.0
1080,0,24.639376108392813,24.639376108392813,100.0
1080,1,29.61304105001593,29.61304105001593,100.0
1080,2,45.74758284159126,45.74758284159126,100.0
1090,0,32.84610870099377,32.84610870099377,100.0
1090,1,30.917062094667397,30.917062094667397,100.0
1090,2,36.23682920433884,36.23682920433884,100.0
1100,0,48.44837084826405,48.44837084826405,100.0
1100,1,30.70842945067911,30.70842945067911,100.0
1100,2,20.843199701056854,20.843199701056854,100.0
1110,0,48.02629255824711,48.02629255824711,100.0
1110,1,29.509965094658842,29.509965094658842,100.0
1110,2,22.46374234709406,22.46374234709406,100.0
1120,0,34.82672707180801,34.82672707180801,100.0
1120,1,37.10615101859817,37.10615101859817,100.0
1120,2,28.06712190959383,28.06712190959383,100.0
1130,0,32.60635115707024,32.60635115707024,100.0
1130,1,24.4385874618324,24.4385874618324,100.0
1130,2,42.955061381097366,42.955061381097366,100.0
1140,0,26.688254519800026,26.688254519800026,100.0
1140,1,41.13771194727348,41.13771194727348,100.0
1140,2,32.174033532926494,32.174033532926494,100.0
1150,0,29.0091962267507,29.0091962267507,100.0
1150,1,49.2356136813217,49.2356136813217,100.0
1150,2,21.755190091927595,21.755190091927595,100.0
1160,0,50.50279498879326,50.50279498879326,100.0
1160,1,26.30527483080791,26.30527483080791,100.0
1160,2,23.19193018039882,23.19193018039882,100.0
1170,0,39.54370181190381,39.54370181190381,100.0
1170,1,34.79977247870155,34.79977247870155,100.0
1170,2,25.65652570939464,25.65652570939464,100.0
1180,0,44.667136644799974,44.667136644799974,100.0
1180,1,29.27932721456254,29.27932721456254,100.0
1180,2,26.05353614063748,26.05353614063748,100.0
1190,0,40.36616534830609,40.36616534830609,100.0
1190,1,37.025644699337214,37.025644699337214,100.0
1190,2,22.60818995235669,22.60818995235669,100.0
1200,0,43.68289476655476,43.68289476655476,100.0
1200,1,27.734028692098335,27.734028692098335,100.0
1200,2,28.58307654134692,28.58307654134692,100.0
1210,0,39.719444534703264,39.719444534703264,100.0
1210,1,37.6035405566962,37.6035405566962,100.0
1210,2,22.67701490860054,22.67701490860054,100.0
1220,0,23.742733148918724,23.742733148918724,100.0
1220,1,36.32596799566716,36.32596799566716,100.0
1220,2,39.93129885541411,39.93129885541411,100.0
1230,0,46.4537857637768,46.4537857637768,100.0
1230,1,26.481375984786066,26.481375984786066,100.0
1230,2,27.06483825143713,27.06483825143713,100.0
1240,0,30.461199740152317,30.461199740152317,100.0
1240,1,39.04018972796409,39.04018972796409,100.0
1240,2,30.498610531883585,30.498610531883585,100.0
1250,0,31.87929656347692,31.87929656347692,100.0
1250,1,37.31382573414279,37.31382573414279,100.0
1250,2,30.806877702380287,30.806877702380287,100.0
1260,0,34.33994815864302,34.33994815864302,100.0
1260,1,40.53584055829573,40.53584055829573,100.0
1260,2,25.12421128306125,25.12421128306125,100.0
1270,0,25.50963116990703,25.50963116990703,100.0
1270,1,50.83927020935787,50.83927020935787,100.0
1270,2,23.6510986207351,23.6510986207351,100.0
1280,0,31.05259536451096,31.05259536451096,100.0
1280,1,29.169888539145855,29.169888539145855,100.0
1280,2,39.77751609634319,39.77751609634319,100.0
1290,0,28.21564450046885,28.21564450046885,100.0
1290,1,30.26042093280447,30.26042093280447,100.0
1290,2,41.52393456672669,41.52393456672669,100.0
1300,0,21.180444806707207,21.180444806707207,100.0
1300,1,38.15262261641037,38.15262261641037,100.0
1300,2,40.66693257688242,40.66693257688242,100.0
1310,0,31.110805429797043,31.110805429797043,100.0
1310,1,46.184953238022565,46.184953238022565,100.0
1310,2,22.704241332180402,22.704241332180402,100.0
1320,0,54.92299984810579,54.92299984810579,100.0
1320,1,25.99997658869449,25.99997658869449,100.0
1320,2,19.077023563199717,19.077023563199717,100.0
1330,0,27.140235326420754,27.140235326420754,100.0
1330,1,47.99740290720825,47.99740290720825,100.0
1330,2,24.862361766370995,24.862361766370995,100.0
1340,0,36.21202874192054,36.21202874192054,100.0
1340,1,29.303821343230858,29.303821343230858,100.0
1340,2,34.48414991484861,34.48414991484861,100.0
1350,0,28.908498565577563,28.908498565577563,100.0
1350,1,40.96360374795205,40.96360374795205,100.0
1350,2,30.127897686470394,30.127897686470394,100.0
1360,0,31.16674690740079,31.16674690740079,100.0
1360,1,48.50247973465374,48.50247973465374,100.0
1360,2,20.33077335794546,20.33077335794546,100.0
1370,0,43.008355282715485,43.008355282715485,100.0
1370,1,25.548716160326013,25.548716160326013,100.0
1370,2,31.442928556958517,31.442928556958517,100.0
1380,0,25.69902562475526,25.69902562475526,100.0
1380,1,26.70593030049914,26.70593030049914,100.0
1380,2,47.595044074745594,47.595044074745594,100.0
1390,0,26.91165658011052,26.91165658011052,100.0
1390,1,29.890267508507335,29.890267508507335,100.0
1390,2,43.19807591138215,43.19807591138215,100.0
1400,0,46.87909720380852,46.87909720380852,100.0
1400,1,28.87000012367321,28.87000012367321,100.0
1400,2,24.250902672518272,24.250902672518272,100.0
1410,0,41.812008285168844,41.812008285168844,100.0
1410,1,29.385629186657848,29.385629186657848,100.0
1410,2,28.802362528173308,28.802362528173308,100.0
1420,0,32.84953442649296,32.84953442649296,100.0
1420,1,38.89191267146025,38.89191267146025,100.0
1420,2,28.258552902046794,28.258552902046794,100.0
1430,0,50.322955362776234,50.322955362776234,100.0
1430,1,26.473820346647926,26.473820346647926,100.0
1430,2,23.20322429057584,23.20322429057584,100.0
1440,0,38.88295069442959,38.88295069442959,100.0
1440,1,27.060704075960533,27.060704075960533,100.0
1440,2,34.056345229609875,34.056345229609875,100.0
1450,0,33.472147533072025,33.472147533072025,100.0
1450,1,34.51284161693943,34.51284161693943,100.0
1450,2,32.01501084998854,32.01501084998854,100.0
1460,0,30.560734936884682,30.560734936884682,100.0
1460,1,48.66168728055664,48.66168728055664,100.0
1460,2,20.777577782558684,20.777577782558684,100.0
1470,0,39.01319927782556,39.01319927782556,100.0
1470,1,25.587540349504543,25.587540349504543,100.0
1470,2,35.39926037266991,35.39926037266991,100.0
1480,0,39.78537887686968,39.78537887686968,100.0
1480,1,32.65398564054854,32.65398564054854,100.0
1480,2,27.56063548258179,27.56063548258179,100.0
1490,0,53.63451554014592,53.63451554014592,100.0
1490,1,27.376829653562545,27.376829653562545,100.0
1490,2,18.988654806291542,18.988654806291542,100.0
1500,0,28.04569439093234,28.04569439093234,100.0
1500,1,33.14933198398198,33.14933198398198,100.0
1500,2,38.80497362508568,38.80497362508568,100.0
