timestamp,ueImsi,sliceId,dTxBytes,dRxBytes,plr,resourceSharePct,dLostPackets,throughputMbps,bufferBytes,dlBufferBytes,ulBufferBytes,macBufferBytes,congestionPct,lastDrlActionStatus
9900,1,0,193616,896,95.93,36.32,165,0.0717,1199937,186053,1199937,1385990,13.22,applied
9900,2,0,193616,896,95.93,36.32,165,0.0717,1200005,186055,1200005,1386060,13.22,applied
9900,3,0,193616,896,95.93,36.32,165,0.0717,1200005,186058,1200005,1386063,13.22,applied
9900,4,0,193616,768,96.51,36.32,166,0.0614,1200005,188624,1200005,1388629,13.24,applied
9900,5,0,193616,4580,94.19,36.32,162,0.3664,1199877,186053,1199877,1385930,13.22,applied
9900,6,1,0,0,0.00,37.81,0,0.0000,34,0,34,34,0.00,applied
9900,7,1,0,0,0.00,37.81,0,0.0000,34,0,34,34,0.00,applied
9900,8,1,0,0,0.00,37.81,0,0.0000,34,0,34,34,0.00,applied
9900,9,1,0,0,0.00,37.81,0,0.0000,34,0,34,34,0.00,applied
9900,10,1,0,0,0.00,37.81,0,0.0000,34,0,34,34,0.00,applied
9900,11,1,0,0,0.00,37.81,0,0.0000,34,0,34,34,0.00,applied
9900,12,1,0,0,0.00,37.81,0,0.0000,34,0,34,34,0.00,applied
9900,13,1,0,0,0.00,37.81,0,0.0000,147,0,147,147,0.00,applied
9900,14,2,65200,0,100.00,25.87,50,0.0000,5996228,5996228,51,5996279,57.18,applied
9900,15,2,65200,0,100.00,25.87,50,0.0000,5996390,5996390,34,5996424,57.19,applied
9900,16,2,65200,0,100.00,25.87,50,0.0000,5996232,5996232,51,5996283,57.19,applied
9900,17,2,65200,0,100.00,25.87,50,0.0000,5998514,5998514,51,5998565,57.21,applied
9900,18,2,65200,0,100.00,25.87,50,0.0000,5996248,5996248,51,5996299,57.19,applied
9900,19,2,65200,940,90.00,25.87,45,0.0752,5996239,5996239,51,5996290,57.19,applied
9900,20,2,65200,940,90.00,25.87,45,0.0752,5996239,5996239,51,5996290,57.19,applied
9900,21,2,65200,0,100.00,25.87,50,0.0000,5996782,5996782,51,5996833,57.19,applied
9900,22,2,65200,0,100.00,25.87,50,0.0000,5997538,5997538,51,5997589,57.20,applied
9900,23,2,65200,0,100.00,25.87,50,0.0000,5996228,5996228,51,5996279,57.18,applied
9900,24,2,65200,940,90.00,25.87,45,0.0752,5996236,5996236,51,5996287,57.19,applied
9900,25,2,65200,940,90.00,25.87,45,0.0752,5996236,5996236,51,5996287,57.19,applied
9900,26,2,65200,0,100.00,25.87,50,0.0000,5996229,5996229,51,5996280,57.18,applied
9900,27,2,65200,0,100.00,25.87,50,0.0000,5996395,5996395,51,5996446,57.19,applied
9900,28,2,65200,0,100.00,25.87,50,0.0000,5996470,5996470,51,5996521,57.19,applied
9900,29,2,65200,0,100.00,25.87,50,0.0000,5998285,5998285,51,5998336,57.20,applied
9900,30,2,65200,0,100.00,25.87,50,0.0000,5996231,5996231,51,5996282,57.19,applied
9900,31,2,65200,940,90.00,25.87,45,0.0752,5996234,5996234,51,5996285,57.19,applied
9900,32,2,65200,0,100.00,25.87,50,0.0000,5996234,5996234,51,5996285,57.19,applied
9900,33,2,65200,0,100.00,25.87,50,0.0000,5997847,5997847,51,5997898,57.20,applied
