timestamp,sliceId,dedicatedPRB,minPRB,maxPRB
510,0,35.71788306452102,35.71788306452102,100.0
510,1,37.766321731185435,37.766321731185435,100.0
510,2,26.515795204293546,26.515795204293546,100.0
520,0,33.23745963396875,33.23745963396875,100.0
520,1,27.18185055420861,27.18185055420861,100.0
520,2,39.580689811822644,39.580689811822644,100.0
530,0,29.848107727488493,29.848107727488493,100.0
530,1,49.05122104882012,49.05122104882012,100.0
530,2,21.100671223691386,21.100671223691386,100.0
540,0,37.74390079476703,37.74390079476703,100.0
540,1,28.747809813272585,28.747809813272585,100.0
540,2,33.508289391960396,33.508289391960396,100.0
550,0,39.751583001522846,39.751583001522846,100.0
550,1,30.54980766708425,30.54980766708425,100.0
550,2,29.698609331392916,29.698609331392916,100.0
560,0,34.88255818034002,34.88255818034002,100.0
560,1,26.088926891939185,26.088926891939185,100.0
560,2,39.02851492772079,39.02851492772079,100.0
570,0,31.266572725778225,31.266572725778225,100.0
570,1,40.77992177045656,40.77992177045656,100.0
570,2,27.953505503765207,27.953505503765207,100.0
580,0,29.84039350628791,29.84039350628791,100.0
580,1,49.1270365580554,49.1270365580554,100.0
580,2,21.032569935656692,21.032569935656692,100.0
590,0,24.335615272950584,24.335615272950584,100.0
590,1,43.96301708340889,43.96301708340889,100.0
590,2,31.701367643640516,31.701367643640516,100.0
600,0,38.70284303995224,38.70284303995224,100.0
600,1,26.744368173667965,26.744368173667965,100.0
600,2,34.55278878637979,34.55278878637979,100.0
610,0,24.46254465742986,24.46254465742986,100.0
610,1,42.40019789260591,42.40019789260591,100.0
610,2,33.13725744996424,33.13725744996424,100.0
620,0,30.076238549160106,30.076238549160106,100.0
620,1,36.98667640720491,36.98667640720491,100.0
620,2,32.93708504363499,32.93708504363499,100.0
630,0,23.74125438726159,23.74125438726159,100.0
630,1,29.902115166703737,29.902115166703737,100.0
630,2,46.35663044603467,46.35663044603467,100.0
640,0,47.07471829226463,47.07471829226463,100.0
640,1,29.606150944013088,29.606150944013088,100.0
640,2,23.319130763722278,23.319130763722278,100.0
650,0,31.371574823138616,31.371574823138616,100.0
650,1,26.048534486288137,26.048534486288137,100.0
650,2,42.579890690573244,42.579890690573244,100.0
660,0,40.61896322221924,40.61896322221924,100.0
660,1,33.022766501481485,33.022766501481485,100.0
660,2,26.358270276299265,26.358270276299265,100.0
670,0,36.95748630153538,36.95748630153538,100.0
670,1,32.490441550010644,32.490441550010644,100.0
670,2,30.55207214845398,30.55207214845398,100.0
680,0,36.31899619819473,36.31899619819473,100.0
680,1,34.61894362679787,34.61894362679787,100.0
680,2,29.0620601750074,29.0620601750074,100.0
690,0,25.64780317597868,25.64780317597868,100.0
690,1,35.37668906421846,35.37668906421846,100.0
690,2,38.975507759802866,38.975507759802866,100.0
700,0,32.88578730364438,32.88578730364438,100.0
700,1,31.08623658864519,31.08623658864519,100.0
700,2,36.02797610771044,36.02797610771044,100.0
710,0,32.01736590711631,32.01736590711631,100.0
710,1,31.053129402625974,31.053129402625974,100.0
710,2,36.92950469025772,36.92950469025772,100.0
720,0,41.406273572639705,41.406273572639705,100.0
720,1,29.15551393923278,29.15551393923278,100.0
720,2,29.438212488127512,29.438212488127512,100.0
730,0,51.166153551374684,51.166153551374684,100.0
730,1,26.954839651262567,26.954839651262567,100.0
730,2,21.87900679736274,21.87900679736274,100.0
740,0,34.88000193966429,34.88000193966429,100.0
740,1,27.19317646988022,27.19317646988022,100.0
740,2,37.926821590455496,37.926821590455496,100.0
750,0,47.77740379991061,47.77740379991061,100.0
750,1,33.74276191683995,33.74276191683995,100.0
750,2,18.479834283249446,18.479834283249446,100.0
760,0,25.61391427629618,25.61391427629618,100.0
760,1,39.55852091723941,39.55852091723941,100.0
760,2,34.82756480646441,34.82756480646441,100.0
770,0,32.24272990180837,32.24272990180837,100.0
770,1,35.81294013200939,35.81294013200939,100.0
770,2,31.944329966182245,31.944329966182245,100.0
780,0,46.85093660097578,46.85093660097578,100.0
780,1,29.903654896198635,29.903654896198635,100.0
780,2,23.245408502825587,23.245408502825587,100.0
790,0,36.94043066328724,36.94043066328724,100.0
790,1,29.033792112071705,29.033792112071705,100.0
790,2,34.02577722464106,34.02577722464106,100.0
800,0,30.63817250356651,30.63817250356651,100.0
800,1,44.50072778801758,44.50072778801758,100.0
800,2,24.861099708415914,24.861099708415914,100.0
810,0,37.36320951689894,37.36320951689894,100.0
810,1,41.58473472458766,41.58473472458766,100.0
810,2,21.0520557585134,21.0520557585134,100.0
820,0,32.084643110225585,32.084643110225585,100.0
820,1,32.172564015145596,32.172564015145596,100.0
820,2,35.74279287462881,35.74279287462881,100.0
830,0,26.80322721857947,26.80322721857947,100.0
830,1,49.96591946615091,49.96591946615091,100.0
830,2,23.230853315269634,23.230853315269634,100.0
840,0,38.94711533871532,38.94711533871532,100.0
840,1,32.86694593795411,32.86694593795411,100.0
840,2,28.185938723330572,28.185938723330572,100.0
850,0,33.959138667898635,33.959138667898635,100.0
850,1,31.314242709035007,31.314242709035007,100.0
850,2,34.726618623066365,34.726618623066365,100.0
860,0,28.67803871023808,28.67803871023808,100.0
860,1,27.815776919532702,27.815776919532702,100.0
860,2,43.50618437022922,43.50618437022922,100.0
870,0,32.84635500309012,32.84635500309012,100.0
870,1,35.11502774497753,35.11502774497753,100.0
870,2,32.03861725193236,32.03861725193236,100.0
880,0,27.537793757890462,27.537793757890462,100.0
880,1,33.68676830293344,33.68676830293344,100.0
880,2,38.77543793917611,38.77543793917611,100.0
890,0,36.852227851727726,36.852227851727726,100.0
890,1,25.70015152750663,25.70015152750663,100.0
890,2,37.44762062076564,37.44762062076564,100.0
900,0,44.94201017233023,44.94201017233023,100.0
900,1,30.312020643401418,30.312020643401418,100.0
900,2,24.745969184268358,24.745969184268358,100.0
910,0,35.478633641616184,35.478633641616184,100.0
910,1,27.18077216508971,27.18077216508971,100.0
910,2,37.340594193294116,37.340594193294116,100.0
920,0,42.9493910694028,42.9493910694028,100.0
920,1,34.911681079573874,34.911681079573874,100.0
920,2,22.13892785102333,22.13892785102333,100.0
930,0,24.9303482287617,24.9303482287617,100.0
930,1,32.232324727705,32.232324727705,100.0
930,2,42.8373270435333,42.8373270435333,100.0
940,0,28.50444854795913,28.50444854795913,100.0
940,1,30.12430585391257,30.12430585391257,100.0
940,2,41.371245598128304,41.371245598128304,100.0
950,0,40.642024185921116,40.642024185921116,100.0
950,1,32.867488243017455,32.867488243017455,100.0
950,2,26.49048757106143,26.49048757106143,100.0
960,0,23.253248391226723,23.253248391226723,100.0
960,1,38.48330961973576,38.48330961973576,100.0
960,2,38.26344198903753,38.26344198903753,100.0
970,0,39.909077625753895,39.909077625753895,100.0
970,1,31.826125215326567,31.826125215326567,100.0
970,2,28.264797158919542,28.264797158919542,100.0
980,0,34.87644037398498,34.87644037398498,100.0
980,1,36.03265812906275,36.03265812906275,100.0
980,2,29.090901496952267,29.090901496952267,100.0
990,0,42.532504791736095,42.532504791736095,100.0
990,1,39.66385918059822,39.66385918059822,100.0
990,2,17.803636027665686,17.803636027665686,100.0
1000,0,38.40538561978685,38.40538561978685,100.0
1000,1,28.109878821830105,28.109878821830105,100.0
1000,2,33.48473555838305,33.48473555838305,100.0
1010,0,37.05416763260778,37.05416763260778,100.0
1010,1,30.574686162792975,30.574686162792975,100.0
1010,2,32.37114620459924,32.37114620459924,100.0
1020,0,45.84013127345252,45.84013127345252,100.0
1020,1,29.81980914906972,29.81980914906972,100.0
1020,2,24.340059577477753,24.340059577477753,100.0
1030,0,36.45990990647068,36.45990990647068,100.0
1030,1,26.006668304215403,26.006668304215403,100.0
1030,2,37.533421789313934,37.533421789313934,100.0
1040,0,29.64159929941229,29.64159929941229,100.0
1040,1,25.87596459917757,25.87596459917757,100.0
1040,2,44.48243610141014,44.48243610141014,100.0
1050,0,45.476157600965635,45.476157600965635,100.0
1050,1,29.11812960831718,29.11812960831718,100.0
1050,2,25.40571279071718,25.40571279071718,100.0
1060,0,34.84380105409036,34.84380105409036,100.0
1060,1,35.76978804866533,35.76978804866533,100.0
1060,2,29.386410897244303,29.386410897244303,100.0
1070,0,38.40322400195395,38.40322400195395,100.0
1070,1,28.69280715078495,28.69280715078495,100.0
1070,2,32.9039688472611,32.9039688472611,100.0
1080,0,23.7015568971492,23.7015568971492,100.0
1080,1,44.95993158108524,44.95993158108524,100.0
1080,2,31.338511521765554,31.338511521765554,100.0
1090,0,23.85381860204154,23.85381860204154,100.0
1090,1,44.29440782629818,44.29440782629818,100.0
1090,2,31.851773571660285,31.851773571660285,100.0
1100,0,43.03201626152256,43.03201626152256,100.0
1100,1,26.26185642523421,26.26185642523421,100.0
1100,2,30.706127313243236,30.706127313243236,100.0
1110,0,40.71031910763331,40.71031910763331,100.0
1110,1,25.147589100449764,25.147589100449764,100.0
1110,2,34.142091791916926,34.142091791916926,100.0
1120,0,32.38154877664006,32.38154877664006,100.0
1120,1,36.1647835375914,36.1647835375914,100.0
1120,2,31.453667685768536,31.453667685768536,100.0
1130,0,30.64157652786932,30.64157652786932,100.0
1130,1,29.385410677549338,29.385410677549338,100.0
1130,2,39.973012794581344,39.973012794581344,100.0
1140,0,37.804527852392624,37.804527852392624,100.0
1140,1,33.868717129689806,33.868717129689806,100.0
1140,2,28.32675501791757,28.32675501791757,100.0
1150,0,36.658750308641565,36.658750308641565,100.0
1150,1,38.692732805129246,38.692732805129246,100.0
1150,2,24.648516886229192,24.648516886229192,100.0
1160,0,45.98584397772038,45.98584397772038,100.0
1160,1,26.262456469663338,26.262456469663338,100.0
1160,2,27.751699552616294,27.751699552616294,100.0
1170,0,25.240347565577487,25.240347565577487,100.0
1170,1,47.37032927116274,47.37032927116274,100.0
1170,2,27.389323163259782,27.389323163259782,100.0
1180,0,27.754516470197643,27.754516470197643,100.0
1180,1,52.663028690544586,52.663028690544586,100.0
1180,2,19.582454839257764,19.582454839257764,100.0
1190,0,21.291053786751736,21.291053786751736,100.0
1190,1,42.9029072241478,42.9029072241478,100.0
1190,2,35.806038989100465,35.806038989100465,100.0
1200,0,22.569594041409246,22.569594041409246,100.0
1200,1,52.451306645741106,52.451306645741106,100.0
1200,2,24.979099312849645,24.979099312849645,100.0
1210,0,35.298156794941214,35.298156794941214,100.0
1210,1,37.44109762558372,37.44109762558372,100.0
1210,2,27.26074557947506,27.26074557947506,100.0
1220,0,27.962826002991907,27.962826002991907,100.0
1220,1,35.2936864105319,35.2936864105319,100.0
1220,2,36.743487586476185,36.743487586476185,100.0
1230,0,44.49479231588413,44.49479231588413,100.0
1230,1,34.741219579531126,34.741219579531126,100.0
1230,2,20.763988104584737,20.763988104584737,100.0
1240,0,23.7026687833399,23.7026687833399,100.0
1240,1,43.304137867517596,43.304137867517596,100.0
1240,2,32.99319334914251,32.99319334914251,100.0
1250,0,44.08990946205474,44.08990946205474,100.0
1250,1,27.650882078910964,27.650882078910964,100.0
1250,2,28.259208459034298,28.259208459034298,100.0
1260,0,42.988259293562415,42.988259293562415,100.0
1260,1,28.538992988616364,28.538992988616364,100.0
1260,2,28.47274771782122,28.47274771782122,100.0
1270,0,27.877502708454294,27.877502708454294,100.0
1270,1,46.02685684451816,46.02685684451816,100.0
1270,2,26.095640447027545,26.095640447027545,100.0
1280,0,44.07280800509318,44.07280800509318,100.0
1280,1,25.7795045722699,25.7795045722699,100.0
1280,2,30.147687422636928,30.147687422636928,100.0
1290,0,49.83994742855178,49.83994742855178,100.0
1290,1,26.872542362256734,26.872542362256734,100.0
1290,2,23.28751020919149,23.28751020919149,100.0
1300,0,28.81351150381405,28.81351150381405,100.0
1300,1,44.132768066201244,44.132768066201244,100.0
1300,2,27.053720429984708,27.053720429984708,100.0
1310,0,31.318112396737853,31.318112396737853,100.0
1310,1,39.95652681992507,39.95652681992507,100.0
1310,2,28.725360783337084,28.725360783337084,100.0
1320,0,28.154214794154452,28.154214794154452,100.0
1320,1,25.137250730824867,25.137250730824867,100.0
1320,2,46.70853447502068,46.70853447502068,100.0
1330,0,26.649508112494647,26.649508112494647,100.0
1330,1,25.62784530599474,25.62784530599474,100.0
1330,2,47.72264658151062,47.72264658151062,100.0
1340,0,32.704331122959616,32.704331122959616,100.0
1340,1,40.75154546698515,40.75154546698515,100.0
1340,2,26.54412341005523,26.54412341005523,100.0
1350,0,50.860473688695315,50.860473688695315,100.0
1350,1,27.656199609632704,27.656199609632704,100.0
1350,2,21.483326701671977,21.483326701671977,100.0
1360,0,41.132541593818594,41.132541593818594,100.0
1360,1,37.555842276839,37.555842276839,100.0
1360,2,21.311616129342404,21.311616129342404,100.0
1370,0,26.877530004558416,26.877530004558416,100.0
1370,1,47.84146363273199,47.84146363273199,100.0
1370,2,25.2810063627096,25.2810063627096,100.0
1380,0,24.671810334064435,24.671810334064435,100.0
1380,1,25.92818755454445,25.92818755454445,100.0
1380,2,49.4000021113911,49.4000021113911,100.0
1390,0,46.32417319497964,46.32417319497964,100.0
1390,1,34.90820986886146,34.90820986886146,100.0
1390,2,18.767616936158895,18.767616936158895,100.0
1400,0,27.400195539082283,27.400195539082283,100.0
1400,1,30.144877700403306,30.144877700403306,100.0
1400,2,42.454926760514425,42.454926760514425,100.0
1410,0,32.75983338585833,32.75983338585833,100.0
1410,1,30.30799535275871,30.30799535275871,100.0
1410,2,36.93217126138296,36.93217126138296,100.0
1420,0,26.38835084301568,26.38835084301568,100.0
1420,1,47.64613793445506,47.64613793445506,100.0
1420,2,25.96551122252926,25.96551122252926,100.0
1430,0,45.39316210170406,45.39316210170406,100.0
1430,1,28.770106226652608,28.770106226652608,100.0
1430,2,25.836731671643342,25.836731671643342,100.0
1440,0,35.220594809149745,35.220594809149745,100.0
1440,1,33.869885273768794,33.869885273768794,100.0
1440,2,30.90951991708146,30.90951991708146,100.0
1450,0,27.034754580516072,27.034754580516072,100.0
1450,1,28.252282158768217,28.252282158768217,100.0
1450,2,44.71296326071571,44.71296326071571,100.0
1460,0,29.303389743248033,29.303389743248033,100.0
1460,1,41.278972420542296,41.278972420542296,100.0
1460,2,29.417637836209675,29.417637836209675,100.0
1470,0,39.81718293304728,39.81718293304728,100.0
1470,1,29.90020902928449,29.90020902928449,100.0
1470,2,30.282608037668226,30.282608037668226,100.0
1480,0,41.598060166339,41.598060166339,100.0
1480,1,32.80791097220451,32.80791097220451,100.0
1480,2,25.594028861456497,25.594028861456497,100.0
1490,0,43.50677833257198,43.50677833257198,100.0
1490,1,28.605573006288598,28.605573006288598,100.0
1490,2,27.887648661139426,27.887648661139426,100.0
1500,0,38.220144941797464,38.220144941797464,100.0
1500,1,34.85910679103393,34.85910679103393,100.0
1500,2,26.92074826716861,26.92074826716861,100.0
