timestamp,sliceId,dedicatedPRB,minPRB,maxPRB
510,0,31.36734547190872,31.36734547190872,100.0
510,1,30.5195102151275,30.5195102151275,100.0
510,2,38.11314431296379,38.11314431296379,100.0
520,0,38.29536018213335,38.29536018213335,100.0
520,1,40.76671761275089,40.76671761275089,100.0
520,2,20.937922205115754,20.937922205115754,100.0
530,0,27.048043224315986,27.048043224315986,100.0
530,1,36.522285434658755,36.522285434658755,100.0
530,2,36.42967134102526,36.42967134102526,100.0
540,0,24.370161702684285,24.370161702684285,100.0
540,1,53.04394266687207,53.04394266687207,100.0
540,2,22.585895630443652,22.585895630443652,100.0
550,0,27.470155905051275,27.470155905051275,100.0
550,1,41.916906123046175,41.916906123046175,100.0
550,2,30.61293797190256,30.61293797190256,100.0
560,0,35.704786504866206,35.704786504866206,100.0
560,1,28.00560840261865,28.00560840261865,100.0
560,2,36.289605092515146,36.289605092515146,100.0
570,0,24.586399948922782,24.586399948922782,100.0
570,1,39.38618887758495,39.38618887758495,100.0
570,2,36.02741117349226,36.02741117349226,100.0
580,0,40.15050187389397,40.15050187389397,100.0
580,1,29.577712038373438,29.577712038373438,100.0
580,2,30.27178608773259,30.27178608773259,100.0
590,0,23.379262517858155,23.379262517858155,100.0
590,1,49.63446244542811,49.63446244542811,100.0
590,2,26.986275036713735,26.986275036713735,100.0
600,0,22.821869396603407,22.821869396603407,100.0
600,1,27.62007239866601,27.62007239866601,100.0
600,2,49.558058204730585,49.558058204730585,100.0
610,0,34.96708794846782,34.96708794846782,100.0
610,1,35.18738014965471,35.18738014965471,100.0
610,2,29.845531901877465,29.845531901877465,100.0
620,0,29.750527207954846,29.750527207954846,100.0
620,1,32.310042629064874,32.310042629064874,100.0
620,2,37.93943016298027,37.93943016298027,100.0
630,0,24.537719688624897,24.537719688624897,100.0
630,1,52.1580585332388,52.1580585332388,100.0
630,2,23.3042217781363,23.3042217781363,100.0
640,0,28.639631771016017,28.639631771016017,100.0
640,1,47.24951042775214,47.24951042775214,100.0
640,2,24.110857801231848,24.110857801231848,100.0
650,0,32.85249472848002,32.85249472848002,100.0
650,1,40.19774867821133,40.19774867821133,100.0
650,2,26.94975659330865,26.94975659330865,100.0
660,0,23.82254250577993,23.82254250577993,100.0
660,1,54.67919719760914,54.67919719760914,100.0
660,2,21.498260296610926,21.498260296610926,100.0
670,0,47.51203047200286,47.51203047200286,100.0
670,1,30.88798777890769,30.88798777890769,100.0
670,2,21.59998174908945,21.59998174908945,100.0
680,0,31.113204748354562,31.113204748354562,100.0
680,1,40.80912785408304,40.80912785408304,100.0
680,2,28.077667397562404,28.077667397562404,100.0
690,0,43.81942574576788,43.81942574576788,100.0
690,1,32.19059845091813,32.19059845091813,100.0
690,2,23.989975803313996,23.989975803313996,100.0
700,0,26.465371619009943,26.465371619009943,100.0
700,1,52.54076487034354,52.54076487034354,100.0
700,2,20.993863510646527,20.993863510646527,100.0
710,0,30.805309480974397,30.805309480974397,100.0
710,1,44.90456527687695,44.90456527687695,100.0
710,2,24.290125242148648,24.290125242148648,100.0
720,0,40.152967820850726,40.152967820850726,100.0
720,1,38.32008954153061,38.32008954153061,100.0
720,2,21.526942637618657,21.526942637618657,100.0
730,0,45.91746895656507,45.91746895656507,100.0
730,1,26.861363849839258,26.861363849839258,100.0
730,2,27.22116719359568,27.22116719359568,100.0
740,0,22.195328133103274,22.195328133103274,100.0
740,1,41.093925653441055,41.093925653441055,100.0
740,2,36.71074621345567,36.71074621345567,100.0
750,0,36.105231593314194,36.105231593314194,100.0
750,1,39.70629127591978,39.70629127591978,100.0
750,2,24.188477130766017,24.188477130766017,100.0
760,0,35.04406885247299,35.04406885247299,100.0
760,1,44.73885112511336,44.73885112511336,100.0
760,2,20.217080022413654,20.217080022413654,100.0
770,0,46.980210738314746,46.980210738314746,100.0
770,1,28.732331459851956,28.732331459851956,100.0
770,2,24.287457801833302,24.287457801833302,100.0
780,0,36.65369975448672,36.65369975448672,100.0
780,1,40.95238128008119,40.95238128008119,100.0
780,2,22.393918965432086,22.393918965432086,100.0
790,0,36.243196803189846,36.243196803189846,100.0
790,1,36.44259729865212,36.44259729865212,100.0
790,2,27.314205898158033,27.314205898158033,100.0
800,0,30.404204570647224,30.404204570647224,100.0
800,1,44.06416550996206,44.06416550996206,100.0
800,2,25.531629919390713,25.531629919390713,100.0
810,0,21.67440290959679,21.67440290959679,100.0
810,1,38.06946288022998,38.06946288022998,100.0
810,2,40.25613421017324,40.25613421017324,100.0
820,0,40.03972778880716,40.03972778880716,100.0
820,1,39.02162260438029,39.02162260438029,100.0
820,2,20.93864960681255,20.93864960681255,100.0
830,0,29.69773081057055,29.69773081057055,100.0
830,1,41.749138542926346,41.749138542926346,100.0
830,2,28.55313064650311,28.55313064650311,100.0
840,0,37.36669697559412,37.36669697559412,100.0
840,1,44.260037058862025,44.260037058862025,100.0
840,2,18.37326596554385,18.37326596554385,100.0
850,0,31.320680299971222,31.320680299971222,100.0
850,1,45.976926862781,45.976926862781,100.0
850,2,22.702392837247793,22.702392837247793,100.0
860,0,44.92310106841134,44.92310106841134,100.0
860,1,30.040073936839352,30.040073936839352,100.0
860,2,25.036824994749306,25.036824994749306,100.0
870,0,43.52045603769882,43.52045603769882,100.0
870,1,27.800568456185125,27.800568456185125,100.0
870,2,28.67897550611606,28.67897550611606,100.0
880,0,45.71490153724728,45.71490153724728,100.0
880,1,25.354559023335003,25.354559023335003,100.0
880,2,28.930539439417718,28.930539439417718,100.0
890,0,38.01627337369098,38.01627337369098,100.0
890,1,30.1951610681276,30.1951610681276,100.0
890,2,31.78856555818142,31.78856555818142,100.0
900,0,28.643208135206162,28.643208135206162,100.0
900,1,32.397044055905816,32.397044055905816,100.0
900,2,38.959747808888025,38.959747808888025,100.0
910,0,50.64154565871781,50.64154565871781,100.0
910,1,28.939524163442208,28.939524163442208,100.0
910,2,20.418930177839982,20.418930177839982,100.0
920,0,45.35592081880136,45.35592081880136,100.0
920,1,30.56848574495016,30.56848574495016,100.0
920,2,24.07559343624849,24.07559343624849,100.0
930,0,39.34376283712042,39.34376283712042,100.0
930,1,32.3078177015794,32.3078177015794,100.0
930,2,28.34841946130018,28.34841946130018,100.0
940,0,41.99381618005563,41.99381618005563,100.0
940,1,35.54661057409901,35.54661057409901,100.0
940,2,22.459573245845355,22.459573245845355,100.0
950,0,26.45520697096162,26.45520697096162,100.0
950,1,30.670289935774314,30.670289935774314,100.0
950,2,42.874503093264074,42.874503093264074,100.0
960,0,27.15639787205596,27.15639787205596,100.0
960,1,42.93767438947767,42.93767438947767,100.0
960,2,29.905927738466364,29.905927738466364,100.0
970,0,35.62157173829045,35.62157173829045,100.0
970,1,40.83831881499349,40.83831881499349,100.0
970,2,23.540109446716055,23.540109446716055,100.0
980,0,29.21474323401921,29.21474323401921,100.0
980,1,44.84173016459546,44.84173016459546,100.0
980,2,25.943526601385326,25.943526601385326,100.0
990,0,36.97173068192603,36.97173068192603,100.0
990,1,38.176980753925115,38.176980753925115,100.0
990,2,24.851288564148852,24.851288564148852,100.0
1000,0,39.785574775094226,39.785574775094226,100.0
1000,1,37.090520958272165,37.090520958272165,100.0
1000,2,23.1239042666336,23.1239042666336,100.0
1010,0,44.27012191166575,44.27012191166575,100.0
1010,1,28.70649005426415,28.70649005426415,100.0
1010,2,27.023388034070095,27.023388034070095,100.0
1020,0,25.426267973335275,25.426267973335275,100.0
1020,1,33.3284009548343,33.3284009548343,100.0
1020,2,41.245331071830414,41.245331071830414,100.0
1030,0,29.75791589985399,29.75791589985399,100.0
1030,1,48.94997663343107,48.94997663343107,100.0
1030,2,21.29210746671493,21.29210746671493,100.0
1040,0,32.88740525771526,32.88740525771526,100.0
1040,1,32.55950120300678,32.55950120300678,100.0
1040,2,34.55309353927796,34.55309353927796,100.0
1050,0,26.775833034551326,26.775833034551326,100.0
1050,1,47.36926095845037,47.36926095845037,100.0
1050,2,25.854906006998313,25.854906006998313,100.0
1060,0,51.71214041159675,51.71214041159675,100.0
1060,1,27.24523139656878,27.24523139656878,100.0
1060,2,21.04262819183448,21.04262819183448,100.0
1070,0,31.700378404117167,31.700378404117167,100.0
1070,1,44.05073309975107,44.05073309975107,100.0
1070,2,24.24888849613176,24.24888849613176,100.0
1080,0,43.772975342997825,43.772975342997825,100.0
1080,1,27.103935164883342,27.103935164883342,100.0
1080,2,29.123089492118837,29.123089492118837,100.0
1090,0,37.32867986684719,37.32867986684719,100.0
1090,1,39.22922467822293,39.22922467822293,100.0
1090,2,23.442095454929884,23.442095454929884,100.0
1100,0,42.26829753555771,42.26829753555771,100.0
1100,1,36.24637782373165,36.24637782373165,100.0
1100,2,21.48532464071064,21.48532464071064,100.0
1110,0,34.241392877245524,34.241392877245524,100.0
1110,1,26.66939156376958,26.66939156376958,100.0
1110,2,39.089215558984904,39.089215558984904,100.0
1120,0,30.87989719213111,30.87989719213111,100.0
1120,1,37.93023512308814,37.93023512308814,100.0
1120,2,31.189867684780747,31.189867684780747,100.0
1130,0,41.343519474687575,41.343519474687575,100.0
1130,1,26.055428134366,26.055428134366,100.0
1130,2,32.601052390946435,32.601052390946435,100.0
1140,0,28.11794091310548,28.11794091310548,100.0
1140,1,27.68241598403281,27.68241598403281,100.0
1140,2,44.19964310286172,44.19964310286172,100.0
1150,0,31.651358894300408,31.651358894300408,100.0
1150,1,29.39628350618506,29.39628350618506,100.0
1150,2,38.95235759951453,38.95235759951453,100.0
1160,0,20.93367328221501,20.93367328221501,100.0
1160,1,41.364391002586665,41.364391002586665,100.0
1160,2,37.701935715198324,37.701935715198324,100.0
1170,0,23.7897905493949,23.7897905493949,100.0
1170,1,48.00068592539875,48.00068592539875,100.0
1170,2,28.209523525206343,28.209523525206343,100.0
1180,0,37.69340274621199,37.69340274621199,100.0
1180,1,36.23234244080921,36.23234244080921,100.0
1180,2,26.074254812978797,26.074254812978797,100.0
1190,0,53.459388692092865,53.459388692092865,100.0
1190,1,27.014612462055336,27.014612462055336,100.0
1190,2,19.525998845851795,19.525998845851795,100.0
1200,0,38.20495882236064,38.20495882236064,100.0
1200,1,37.5862291631139,37.5862291631139,100.0
1200,2,24.208812014525467,24.208812014525467,100.0
1210,0,46.39075706449416,46.39075706449416,100.0
1210,1,34.90900414997215,34.90900414997215,100.0
1210,2,18.700238785533696,18.700238785533696,100.0
1220,0,24.742843797404007,24.742843797404007,100.0
1220,1,53.28392750032178,53.28392750032178,100.0
1220,2,21.973228702274213,21.973228702274213,100.0
1230,0,22.945245404839838,22.945245404839838,100.0
1230,1,52.5876922366727,52.5876922366727,100.0
1230,2,24.467062358487453,24.467062358487453,100.0
1240,0,35.72244978514023,35.72244978514023,100.0
1240,1,34.09009644042561,34.09009644042561,100.0
1240,2,30.187453774434168,30.187453774434168,100.0
1250,0,30.726196943425364,30.726196943425364,100.0
1250,1,50.729832237670756,50.729832237670756,100.0
1250,2,18.543970818903873,18.543970818903873,100.0
1260,0,37.13896496589697,37.13896496589697,100.0
1260,1,33.25151315580588,33.25151315580588,100.0
1260,2,29.609521878297144,29.609521878297144,100.0
1270,0,34.27384821715016,34.27384821715016,100.0
1270,1,36.16994611888962,36.16994611888962,100.0
1270,2,29.55620566396022,29.55620566396022,100.0
1280,0,41.41362932612126,41.41362932612126,100.0
1280,1,34.00996033179028,34.00996033179028,100.0
1280,2,24.57641034208846,24.57641034208846,100.0
1290,0,37.04618089899922,37.04618089899922,100.0
1290,1,33.830668267305576,33.830668267305576,100.0
1290,2,29.12315083369521,29.12315083369521,100.0
1300,0,24.600924368049064,24.600924368049064,100.0
1300,1,29.44072144845718,29.44072144845718,100.0
1300,2,45.95835418349375,45.95835418349375,100.0
1310,0,35.6238490662672,35.6238490662672,100.0
1310,1,42.40715796856739,42.40715796856739,100.0
1310,2,21.968992965165416,21.968992965165416,100.0
1320,0,42.75755335451483,42.75755335451483,100.0
1320,1,32.4286845237653,32.4286845237653,100.0
1320,2,24.813762121719872,24.813762121719872,100.0
1330,0,43.79178651546162,43.79178651546162,100.0
1330,1,27.248419844057587,27.248419844057587,100.0
1330,2,28.959793640480804,28.959793640480804,100.0
1340,0,31.873347573100542,31.873347573100542,100.0
1340,1,28.81503854267503,28.81503854267503,100.0
1340,2,39.31161388422443,39.31161388422443,100.0
1350,0,34.30919062752294,34.30919062752294,100.0
1350,1,47.82125972907416,47.82125972907416,100.0
1350,2,17.86954964340291,17.86954964340291,100.0
1360,0,24.38899031758502,24.38899031758502,100.0
1360,1,31.815357577869495,31.815357577869495,100.0
1360,2,43.79565210454548,43.79565210454548,100.0
1370,0,30.385506219972335,30.385506219972335,100.0
1370,1,32.33040224153429,32.33040224153429,100.0
1370,2,37.28409153849338,37.28409153849338,100.0
1380,0,25.832730630079347,25.832730630079347,100.0
1380,1,52.6754763098336,52.6754763098336,100.0
1380,2,21.491793060087044,21.491793060087044,100.0
1390,0,23.3269105193078,23.3269105193078,100.0
1390,1,49.85376256993466,49.85376256993466,100.0
1390,2,26.819326910757546,26.819326910757546,100.0
1400,0,38.99902507388221,38.99902507388221,100.0
1400,1,27.301629440781365,27.301629440781365,100.0
1400,2,33.69934548533642,33.69934548533642,100.0
1410,0,47.621020236206824,47.621020236206824,100.0
1410,1,26.036499802470537,26.036499802470537,100.0
1410,2,26.34247996132264,26.34247996132264,100.0
1420,0,21.564966287283784,21.564966287283784,100.0
1420,1,43.08474914436324,43.08474914436324,100.0
1420,2,35.350284568352976,35.350284568352976,100.0
1430,0,34.604551877275036,34.604551877275036,100.0
1430,1,44.426750046454856,44.426750046454856,100.0
1430,2,20.968698076270105,20.968698076270105,100.0
1440,0,24.640755001111152,24.640755001111152,100.0
1440,1,33.449530752821566,33.449530752821566,100.0
1440,2,41.90971424606729,41.90971424606729,100.0
1450,0,45.77099829567981,45.77099829567981,100.0
1450,1,30.799579867494053,30.799579867494053,100.0
1450,2,23.42942183682614,23.42942183682614,100.0
1460,0,42.7803113655732,42.7803113655732,100.0
1460,1,24.37892562531464,24.37892562531464,100.0
1460,2,32.84076300911216,32.84076300911216,100.0
1470,0,47.16777633655164,47.16777633655164,100.0
1470,1,31.591739833743503,31.591739833743503,100.0
1470,2,21.240483829704853,21.240483829704853,100.0
1480,0,23.99739263773472,23.99739263773472,100.0
1480,1,39.78638514255409,39.78638514255409,100.0
1480,2,36.2162222197112,36.2162222197112,100.0
1490,0,32.41509623854966,32.41509623854966,100.0
1490,1,33.062736898222475,33.062736898222475,100.0
1490,2,34.52216686322786,34.52216686322786,100.0
1500,0,30.819472148703607,30.819472148703607,100.0
1500,1,34.321837888723564,34.321837888723564,100.0
1500,2,34.85868996257284,34.85868996257284,100.0
