timestamp,sliceId,dedicatedPRB,minPRB,maxPRB
510,0,38.61212506365404,38.61212506365404,100.0
510,1,31.273892341466258,31.273892341466258,100.0
510,2,30.113982594879708,30.113982594879708,100.0
520,0,30.11796942873361,30.11796942873361,100.0
520,1,30.319825322430134,30.319825322430134,100.0
520,2,39.56220524883626,39.56220524883626,100.0
530,0,37.29919087793144,37.29919087793144,100.0
530,1,33.61336955022921,33.61336955022921,100.0
530,2,29.087439571839358,29.087439571839358,100.0
540,0,47.00116762100285,47.00116762100285,100.0
540,1,28.808727526052913,28.808727526052913,100.0
540,2,24.190104852944238,24.190104852944238,100.0
550,0,30.539834440179504,30.539834440179504,100.0
550,1,39.53659531112561,39.53659531112561,100.0
550,2,29.923570248694887,29.923570248694887,100.0
560,0,38.32749412634079,38.32749412634079,100.0
560,1,33.486160219094394,33.486160219094394,100.0
560,2,28.18634565456481,28.18634565456481,100.0
570,0,36.119602653596004,36.119602653596004,100.0
570,1,25.315465990423757,25.315465990423757,100.0
570,2,38.564931355980235,38.564931355980235,100.0
580,0,34.471786566012156,34.471786566012156,100.0
580,1,27.23884442988515,27.23884442988515,100.0
580,2,38.2893690041027,38.2893690041027,100.0
590,0,23.55660072386792,23.55660072386792,100.0
590,1,43.176622496197446,43.176622496197446,100.0
590,2,33.26677677993464,33.26677677993464,100.0
600,0,34.98058424643384,34.98058424643384,100.0
600,1,28.310731046506675,28.310731046506675,100.0
600,2,36.70868470705948,36.70868470705948,100.0
610,0,35.89883568478487,35.89883568478487,100.0
610,1,43.31704383883679,43.31704383883679,100.0
610,2,20.784120476378348,20.784120476378348,100.0
620,0,23.71239023495396,23.71239023495396,100.0
620,1,55.60426757118415,55.60426757118415,100.0
620,2,20.683342193861886,20.683342193861886,100.0
630,0,41.90030792915439,41.90030792915439,100.0
630,1,37.05581553724489,37.05581553724489,100.0
630,2,21.043876533600727,21.043876533600727,100.0
640,0,40.30874059089022,40.30874059089022,100.0
640,1,34.51041861267357,34.51041861267357,100.0
640,2,25.180840796436225,25.180840796436225,100.0
650,0,34.584991447178304,34.584991447178304,100.0
650,1,30.236860798543002,30.236860798543002,100.0
650,2,35.1781477542787,35.1781477542787,100.0
660,0,36.5254271995007,36.5254271995007,100.0
660,1,31.002458078184254,31.002458078184254,100.0
660,2,32.472114722315055,32.472114722315055,100.0
670,0,37.087585632578204,37.087585632578204,100.0
670,1,31.142550583152328,31.142550583152328,100.0
670,2,31.769863784269468,31.769863784269468,100.0
680,0,23.851407841868934,23.851407841868934,100.0
680,1,51.505652981336695,51.505652981336695,100.0
680,2,24.642939176794375,24.642939176794375,100.0
690,0,26.030918954862486,26.030918954862486,100.0
690,1,27.682088707320602,27.682088707320602,100.0
690,2,46.28699233781691,46.28699233781691,100.0
700,0,28.153946928822744,28.153946928822744,100.0
700,1,38.19876338370016,38.19876338370016,100.0
700,2,33.6472896874771,33.6472896874771,100.0
710,0,36.71775558617972,36.71775558617972,100.0
710,1,32.58340219255192,32.58340219255192,100.0
710,2,30.698842221268347,30.698842221268347,100.0
720,0,51.90643269481684,51.90643269481684,100.0
720,1,27.89161560498093,27.89161560498093,100.0
720,2,20.201951700202226,20.201951700202226,100.0
730,0,44.64436592836353,44.64436592836353,100.0
730,1,33.99738065697315,33.99738065697315,100.0
730,2,21.358253414663313,21.358253414663313,100.0
740,0,28.60088230714966,28.60088230714966,100.0
740,1,29.316613379574864,29.316613379574864,100.0
740,2,42.08250431327548,42.08250431327548,100.0
750,0,40.53219965839364,40.53219965839364,100.0
750,1,37.00876749137162,37.00876749137162,100.0
750,2,22.459032850234745,22.459032850234745,100.0
760,0,46.79441803716976,46.79441803716976,100.0
760,1,31.624226359760865,31.624226359760865,100.0
760,2,21.58135560306938,21.58135560306938,100.0
770,0,45.93830272668926,45.93830272668926,100.0
770,1,31.147972599668638,31.147972599668638,100.0
770,2,22.91372467364211,22.91372467364211,100.0
780,0,26.91697777817817,26.91697777817817,100.0
780,1,31.6853433403124,31.6853433403124,100.0
780,2,41.39767888150943,41.39767888150943,100.0
790,0,32.503550352112995,32.503550352112995,100.0
790,1,32.77634056777612,32.77634056777612,100.0
790,2,34.72010908011088,34.72010908011088,100.0
800,0,35.64053188249857,35.64053188249857,100.0
800,1,31.512627199707964,31.512627199707964,100.0
800,2,32.846840917793465,32.846840917793465,100.0
810,0,31.802248562840507,31.802248562840507,100.0
810,1,37.33567859962585,37.33567859962585,100.0
810,2,30.86207283753364,30.86207283753364,100.0
820,0,28.65709005495811,28.65709005495811,100.0
820,1,45.68046910347635,45.68046910347635,100.0
820,2,25.662440841565548,25.662440841565548,100.0
830,0,31.117558740493383,31.117558740493383,100.0
830,1,45.98859638804219,45.98859638804219,100.0
830,2,22.893844871464434,22.893844871464434,100.0
840,0,26.1994292673476,26.1994292673476,100.0
840,1,44.94573047115358,44.94573047115358,100.0
840,2,28.854840261498826,28.854840261498826,100.0
850,0,45.96952546922749,45.96952546922749,100.0
850,1,25.016555390559482,25.016555390559482,100.0
850,2,29.01391914021303,29.01391914021303,100.0
860,0,31.135396594404003,31.135396594404003,100.0
860,1,35.72563808348464,35.72563808348464,100.0
860,2,33.13896532211135,33.13896532211135,100.0
870,0,22.669641611942424,22.669641611942424,100.0
870,1,42.98673999578501,42.98673999578501,100.0
870,2,34.34361839227257,34.34361839227257,100.0
880,0,42.056592177477626,42.056592177477626,100.0
880,1,25.129807157785017,25.129807157785017,100.0
880,2,32.81360066473736,32.81360066473736,100.0
890,0,40.52057781310715,40.52057781310715,100.0
890,1,35.78100506089591,35.78100506089591,100.0
890,2,23.69841712599694,23.69841712599694,100.0
900,0,27.58881026582757,27.58881026582757,100.0
900,1,43.48875354278399,43.48875354278399,100.0
900,2,28.92243619138845,28.92243619138845,100.0
910,0,38.98913487379351,38.98913487379351,100.0
910,1,25.830327737927778,25.830327737927778,100.0
910,2,35.180537388278715,35.180537388278715,100.0
920,0,23.289888960720184,23.289888960720184,100.0
920,1,31.05947366127369,31.05947366127369,100.0
920,2,45.650637378006124,45.650637378006124,100.0
930,0,43.18610772889697,43.18610772889697,100.0
930,1,31.75557619801347,31.75557619801347,100.0
930,2,25.058316073089554,25.058316073089554,100.0
940,0,25.518359603032316,25.518359603032316,100.0
940,1,44.45849046998923,44.45849046998923,100.0
940,2,30.02314992697846,30.02314992697846,100.0
950,0,26.21610075275505,26.21610075275505,100.0
950,1,35.837955422949896,35.837955422949896,100.0
950,2,37.94594382429505,37.94594382429505,100.0
960,0,28.583937845488773,28.583937845488773,100.0
960,1,29.927093134056243,29.927093134056243,100.0
960,2,41.48896902045498,41.48896902045498,100.0
970,0,44.75035385747742,44.75035385747742,100.0
970,1,33.214790968878354,33.214790968878354,100.0
970,2,22.034855173644225,22.034855173644225,100.0
980,0,43.632361617819356,43.632361617819356,100.0
980,1,25.368777147348688,25.368777147348688,100.0
980,2,30.998861234831953,30.998861234831953,100.0
990,0,39.20297362561528,39.20297362561528,100.0
990,1,26.751077576303604,26.751077576303604,100.0
990,2,34.04594879808111,34.04594879808111,100.0
1000,0,23.734675722692884,23.734675722692884,100.0
1000,1,32.700087676896864,32.700087676896864,100.0
1000,2,43.56523660041026,43.56523660041026,100.0
1010,0,22.795066472514158,22.795066472514158,100.0
1010,1,53.335259886516525,53.335259886516525,100.0
1010,2,23.86967364096931,23.86967364096931,100.0
1020,0,28.100681495166825,28.100681495166825,100.0
1020,1,26.65229108147465,26.65229108147465,100.0
1020,2,45.24702742335853,45.24702742335853,100.0
1030,0,23.256629697050364,23.256629697050364,100.0
1030,1,36.014477566864166,36.014477566864166,100.0
1030,2,40.72889273608546,40.72889273608546,100.0
1040,0,32.024786551211726,32.024786551211726,100.0
1040,1,34.55212478020437,34.55212478020437,100.0
1040,2,33.423088668583894,33.423088668583894,100.0
1050,0,28.479674169289847,28.479674169289847,100.0
1050,1,43.06159272154596,43.06159272154596,100.0
1050,2,28.458733109164193,28.458733109164193,100.0
1060,0,23.440025405186223,23.440025405186223,100.0
1060,1,41.34591395420294,41.34591395420294,100.0
1060,2,35.214060640610846,35.214060640610846,100.0
1070,0,28.171189716817942,28.171189716817942,100.0
1070,1,41.83969669729077,41.83969669729077,100.0
1070,2,29.989113585891296,29.989113585891296,100.0
1080,0,28.340496435282276,28.340496435282276,100.0
1080,1,38.753213269835385,38.753213269835385,100.0
1080,2,32.906290294882346,32.906290294882346,100.0
1090,0,25.635709520841814,25.635709520841814,100.0
1090,1,31.956591708577054,31.956591708577054,100.0
1090,2,42.40769877058114,42.40769877058114,100.0
1100,0,27.86510848293365,27.86510848293365,100.0
1100,1,51.32759478423673,51.32759478423673,100.0
1100,2,20.807296732829634,20.807296732829634,100.0
1110,0,31.545966756817556,31.545966756817556,100.0
1110,1,35.696349994681256,35.696349994681256,100.0
1110,2,32.75768324850119,32.75768324850119,100.0
1120,0,36.37250484443638,36.37250484443638,100.0
1120,1,29.522867283978115,29.522867283978115,100.0
1120,2,34.10462787158552,34.10462787158552,100.0
1130,0,29.528582086476472,29.528582086476472,100.0
1130,1,27.657743495806447,27.657743495806447,100.0
1130,2,42.81367441771708,42.81367441771708,100.0
1140,0,33.086091652301455,33.086091652301455,100.0
1140,1,34.46290786189371,34.46290786189371,100.0
1140,2,32.45100048580483,32.45100048580483,100.0
1150,0,32.95589099941986,32.95589099941986,100.0
1150,1,43.89567992115444,43.89567992115444,100.0
1150,2,23.148429079425696,23.148429079425696,100.0
1160,0,45.54067178223485,45.54067178223485,100.0
1160,1,31.736987722721448,31.736987722721448,100.0
1160,2,22.722340495043696,22.722340495043696,100.0
1170,0,23.800495780527783,23.800495780527783,100.0
1170,1,51.384776811065755,51.384776811065755,100.0
1170,2,24.814727408406462,24.814727408406462,100.0
1180,0,41.36900324595589,41.36900324595589,100.0
1180,1,32.147166894318815,32.147166894318815,100.0
1180,2,26.483829859725304,26.483829859725304,100.0
1190,0,24.571612950546506,24.571612950546506,100.0
1190,1,50.155118163750465,50.155118163750465,100.0
1190,2,25.273268885703036,25.273268885703036,100.0
1200,0,39.855292651058974,39.855292651058974,100.0
1200,1,38.864003705775005,38.864003705775005,100.0
1200,2,21.28070364316602,21.28070364316602,100.0
1210,0,37.89402300867679,37.89402300867679,100.0
1210,1,25.8508957251039,25.8508957251039,100.0
1210,2,36.255081266219314,36.255081266219314,100.0
1220,0,24.622008451030947,24.622008451030947,100.0
1220,1,26.603346971873115,26.603346971873115,100.0
1220,2,48.77464457709594,48.77464457709594,100.0
1230,0,40.90901029984122,40.90901029984122,100.0
1230,1,40.630971357164086,40.630971357164086,100.0
1230,2,18.460018342994687,18.460018342994687,100.0
1240,0,50.970543554899926,50.970543554899926,100.0
1240,1,26.430994902758563,26.430994902758563,100.0
1240,2,22.59846154234152,22.59846154234152,100.0
1250,0,39.74078795460188,39.74078795460188,100.0
1250,1,31.942906546633075,31.942906546633075,100.0
1250,2,28.316305498765047,28.316305498765047,100.0
1260,0,34.57717543307257,34.57717543307257,100.0
1260,1,38.633831451262836,38.633831451262836,100.0
1260,2,26.78899311566459,26.78899311566459,100.0
1270,0,52.145688739777704,52.145688739777704,100.0
1270,1,26.281982731997743,26.281982731997743,100.0
1270,2,21.572328528224556,21.572328528224556,100.0
1280,0,27.18441972939824,27.18441972939824,100.0
1280,1,50.69504725175241,50.69504725175241,100.0
1280,2,22.120533018849358,22.120533018849358,100.0
1290,0,49.689895143754306,49.689895143754306,100.0
1290,1,26.99177811219961,26.99177811219961,100.0
1290,2,23.318326744046086,23.318326744046086,100.0
1300,0,47.810168478616355,47.810168478616355,100.0
1300,1,29.632821788333946,29.632821788333946,100.0
1300,2,22.5570097330497,22.5570097330497,100.0
1310,0,35.42278658340974,35.42278658340974,100.0
1310,1,37.34498280345036,37.34498280345036,100.0
1310,2,27.23223061313991,27.23223061313991,100.0
1320,0,32.376110263710146,32.376110263710146,100.0
1320,1,34.24565653289676,34.24565653289676,100.0
1320,2,33.37823320339309,33.37823320339309,100.0
1330,0,39.558989683271996,39.558989683271996,100.0
1330,1,41.04746511740365,41.04746511740365,100.0
1330,2,19.393545199324354,19.393545199324354,100.0
1340,0,41.207071278238836,41.207071278238836,100.0
1340,1,26.283087122008574,26.283087122008574,100.0
1340,2,32.50984159975259,32.50984159975259,100.0
1350,0,24.03055216091476,24.03055216091476,100.0
1350,1,29.037671798408542,29.037671798408542,100.0
1350,2,46.931776040676695,46.931776040676695,100.0
1360,0,43.79932275806073,43.79932275806073,100.0
1360,1,28.590889808892005,28.590889808892005,100.0
1360,2,27.609787433047263,27.609787433047263,100.0
1370,0,44.242715988281276,44.242715988281276,100.0
1370,1,31.551731704180973,31.551731704180973,100.0
1370,2,24.205552307537754,24.205552307537754,100.0
1380,0,32.89283282982301,32.89283282982301,100.0
1380,1,45.11797128380992,45.11797128380992,100.0
1380,2,21.989195886367067,21.989195886367067,100.0
1390,0,24.183492206154522,24.183492206154522,100.0
1390,1,55.999633881831365,55.999633881831365,100.0
1390,2,19.81687391201411,19.81687391201411,100.0
1400,0,32.24916674106545,32.24916674106545,100.0
1400,1,40.26215576173321,40.26215576173321,100.0
1400,2,27.488677497201337,27.488677497201337,100.0
1410,0,29.56865369679702,29.56865369679702,100.0
1410,1,36.82806759891694,36.82806759891694,100.0
1410,2,33.60327870428604,33.60327870428604,100.0
1420,0,40.644587970317424,40.644587970317424,100.0
1420,1,41.468144602519516,41.468144602519516,100.0
1420,2,17.88726742716306,17.88726742716306,100.0
1430,0,33.784108574230416,33.784108574230416,100.0
1430,1,48.598138861702864,48.598138861702864,100.0
1430,2,17.61775256406672,17.61775256406672,100.0
1440,0,24.97865956584764,24.97865956584764,100.0
1440,1,51.13735500447913,51.13735500447913,100.0
1440,2,23.883985429673235,23.883985429673235,100.0
1450,0,30.300931376432022,30.300931376432022,100.0
1450,1,45.177934474550035,45.177934474550035,100.0
1450,2,24.521134149017943,24.521134149017943,100.0
1460,0,22.977881601751406,22.977881601751406,100.0
1460,1,28.064078096238198,28.064078096238198,100.0
1460,2,48.958040302010396,48.958040302010396,100.0
1470,0,46.04346507187128,46.04346507187128,100.0
1470,1,35.50328735224776,35.50328735224776,100.0
1470,2,18.453247575880965,18.453247575880965,100.0
1480,0,30.778981012666208,30.778981012666208,100.0
1480,1,45.40577878385044,45.40577878385044,100.0
1480,2,23.815240203483356,23.815240203483356,100.0
1490,0,41.55121611717069,41.55121611717069,100.0
1490,1,24.479598100587445,24.479598100587445,100.0
1490,2,33.969185782241865,33.969185782241865,100.0
1500,0,33.316179468671066,33.316179468671066,100.0
1500,1,26.282770215587625,26.282770215587625,100.0
1500,2,40.401050315741315,40.401050315741315,100.0
