timestamp,ueImsi,sliceId,dTxBytes,dRxBytes,plr,resourceSharePct,dLostPackets,throughputMbps,bufferBytes
1640,1,0,24448,4584,81.25,42.07,13,3.6672,2308037
1640,2,0,24448,4584,81.25,42.07,13,3.6672,2307964
1640,3,0,24448,4584,81.25,42.07,13,3.6672,2308038
1640,4,0,24448,4584,81.25,42.07,13,3.6672,2308079
1640,5,0,24448,4584,81.25,42.07,13,3.6672,2307934
1640,6,1,390,390,0.00,37.43,0,0.3120,87
1640,7,1,390,390,0.00,37.43,0,0.3120,87
1640,8,1,390,390,0.00,37.43,0,0.3120,87
1640,9,1,390,390,0.00,37.43,0,0.3120,87
1640,10,1,390,390,0.00,37.43,0,0.3120,87
1640,11,2,16000,1280,92.00,20.50,115,1.0240,1739047
1640,12,2,16000,1152,92.80,20.50,116,0.9216,1739146
1640,13,2,16000,1280,92.00,20.50,115,1.0240,1739110
1640,14,2,16000,1280,92.00,20.50,115,1.0240,1739161
1640,15,2,16000,1152,92.80,20.50,116,0.9216,1739124
1640,16,2,16000,1408,91.20,20.50,114,1.1264,1739095
1640,17,2,16000,1280,92.00,20.50,115,1.0240,1739053
1640,18,2,16000,1280,92.00,20.50,115,1.0240,1738994
1640,19,2,16000,1408,91.20,20.50,114,1.1264,1738949
1640,20,2,16000,1280,92.00,20.50,115,1.0240,1739061
