timestamp,sliceId,dedicatedPRB,minPRB,maxPRB
510,0,49.25633778180472,49.25633778180472,100.0
510,1,25.996630923928144,25.996630923928144,100.0
510,2,24.747031294267135,24.747031294267135,100.0
520,0,41.588367908163086,41.588367908163086,100.0
520,1,30.22813818100151,30.22813818100151,100.0
520,2,28.183493910835406,28.183493910835406,100.0
530,0,40.0651737202717,40.0651737202717,100.0
530,1,39.2587033694783,39.2587033694783,100.0
530,2,20.676122910250005,20.676122910250005,100.0
540,0,33.05160797667834,33.05160797667834,100.0
540,1,38.298464862737504,38.298464862737504,100.0
540,2,28.649927160584156,28.649927160584156,100.0
550,0,39.237246041646024,39.237246041646024,100.0
550,1,39.19913038358595,39.19913038358595,100.0
550,2,21.56362357476802,21.56362357476802,100.0
560,0,29.534135378132376,29.534135378132376,100.0
560,1,39.13606221763211,39.13606221763211,100.0
560,2,31.329802404235522,31.329802404235522,100.0
570,0,36.64005942498662,36.64005942498662,100.0
570,1,27.819488551118678,27.819488551118678,100.0
570,2,35.54045202389471,35.54045202389471,100.0
580,0,32.097305088972035,32.097305088972035,100.0
580,1,46.18318698210152,46.18318698210152,100.0
580,2,21.71950792892645,21.71950792892645,100.0
590,0,30.51725949708096,30.51725949708096,100.0
590,1,38.16676278112734,38.16676278112734,100.0
590,2,31.3159777217917,31.3159777217917,100.0
600,0,27.6806690723149,27.6806690723149,100.0
600,1,34.91028150936748,34.91028150936748,100.0
600,2,37.40904941831762,37.40904941831762,100.0
610,0,47.292799277564434,47.292799277564434,100.0
610,1,29.089304690105877,29.089304690105877,100.0
610,2,23.61789603232969,23.61789603232969,100.0
620,0,38.394890445437746,38.394890445437746,100.0
620,1,27.988010123664196,27.988010123664196,100.0
620,2,33.61709943089806,33.61709943089806,100.0
630,0,25.586493212928787,25.586493212928787,100.0
630,1,51.2038284314404,51.2038284314404,100.0
630,2,23.209678355630807,23.209678355630807,100.0
640,0,24.874612689696168,24.874612689696168,100.0
640,1,29.746613459537773,29.746613459537773,100.0
640,2,45.37877385076605,45.37877385076605,100.0
650,0,35.816192796676845,35.816192796676845,100.0
650,1,25.224535684012682,25.224535684012682,100.0
650,2,38.95927151931047,38.95927151931047,100.0
660,0,22.234369596327106,22.234369596327106,100.0
660,1,46.191974099091134,46.191974099091134,100.0
660,2,31.57365630458177,31.57365630458177,100.0
670,0,38.10390887086223,38.10390887086223,100.0
670,1,38.654213624322864,38.654213624322864,100.0
670,2,23.241877504814912,23.241877504814912,100.0
680,0,55.026601120505525,55.026601120505525,100.0
680,1,25.829275807242517,25.829275807242517,100.0
680,2,19.144123072251958,19.144123072251958,100.0
690,0,39.20118491921563,39.20118491921563,100.0
690,1,39.37565937665182,39.37565937665182,100.0
690,2,21.42315570413255,21.42315570413255,100.0
700,0,46.74189242366103,46.74189242366103,100.0
700,1,26.396606632677265,26.396606632677265,100.0
700,2,26.86150094366172,26.86150094366172,100.0
710,0,23.861443789026836,23.861443789026836,100.0
710,1,37.177653718917206,37.177653718917206,100.0
710,2,38.96090249205596,38.96090249205596,100.0
720,0,22.699081720174863,22.699081720174863,100.0
720,1,48.39686157162085,48.39686157162085,100.0
720,2,28.904056708204283,28.904056708204283,100.0
730,0,37.418864555176576,37.418864555176576,100.0
730,1,34.97687896265076,34.97687896265076,100.0
730,2,27.60425648217268,27.60425648217268,100.0
740,0,33.74477841195296,33.74477841195296,100.0
740,1,30.79404747735421,30.79404747735421,100.0
740,2,35.46117411069283,35.46117411069283,100.0
750,0,22.10113199547586,22.10113199547586,100.0
750,1,38.7662009297233,38.7662009297233,100.0
750,2,39.13266707480085,39.13266707480085,100.0
760,0,35.08153735063338,35.08153735063338,100.0
760,1,35.7635937973345,35.7635937973345,100.0
760,2,29.154868852032127,29.154868852032127,100.0
770,0,50.56260087709911,50.56260087709911,100.0
770,1,28.71171708053864,28.71171708053864,100.0
770,2,20.725682042362266,20.725682042362266,100.0
780,0,28.92665453517052,28.92665453517052,100.0
780,1,37.21081882800742,37.21081882800742,100.0
780,2,33.862526636822054,33.862526636822054,100.0
790,0,24.758916098916227,24.758916098916227,100.0
790,1,33.46726309996803,33.46726309996803,100.0
790,2,41.77382080111573,41.77382080111573,100.0
800,0,39.90629780192517,39.90629780192517,100.0
800,1,24.971418314719816,24.971418314719816,100.0
800,2,35.12228388335501,35.12228388335501,100.0
810,0,37.77479484519179,37.77479484519179,100.0
810,1,44.04160844557072,44.04160844557072,100.0
810,2,18.183596709237484,18.183596709237484,100.0
820,0,22.834392843650864,22.834392843650864,100.0
820,1,28.613287185892837,28.613287185892837,100.0
820,2,48.5523199704563,48.5523199704563,100.0
830,0,41.18351241376819,41.18351241376819,100.0
830,1,41.07705718923532,41.07705718923532,100.0
830,2,17.739430396996493,17.739430396996493,100.0
840,0,32.496393486098796,32.496393486098796,100.0
840,1,44.46913191433066,44.46913191433066,100.0
840,2,23.034474599570544,23.034474599570544,100.0
850,0,31.78239432119704,31.78239432119704,100.0
850,1,41.82893378090697,41.82893378090697,100.0
850,2,26.38867189789599,26.38867189789599,100.0
860,0,24.467593661646625,24.467593661646625,100.0
860,1,52.44302509646024,52.44302509646024,100.0
860,2,23.089381241893147,23.089381241893147,100.0
870,0,30.73946061671777,30.73946061671777,100.0
870,1,36.49922634029211,36.49922634029211,100.0
870,2,32.76131304299012,32.76131304299012,100.0
880,0,27.724441157123447,27.724441157123447,100.0
880,1,39.95393126239619,39.95393126239619,100.0
880,2,32.32162758048037,32.32162758048037,100.0
890,0,40.35626783606716,40.35626783606716,100.0
890,1,25.525361846002088,25.525361846002088,100.0
890,2,34.11837031793076,34.11837031793076,100.0
900,0,50.06684686146939,50.06684686146939,100.0
900,1,30.927712684765655,30.927712684765655,100.0
900,2,19.00544045376496,19.00544045376496,100.0
910,0,32.65080405251679,32.65080405251679,100.0
910,1,31.61596831993444,31.61596831993444,100.0
910,2,35.73322762754877,35.73322762754877,100.0
920,0,38.387183823648144,38.387183823648144,100.0
920,1,36.2896859350704,36.2896859350704,100.0
920,2,25.32313024128145,25.32313024128145,100.0
930,0,28.532545653539636,28.532545653539636,100.0
930,1,34.63638171493099,34.63638171493099,100.0
930,2,36.83107263152937,36.83107263152937,100.0
940,0,22.72332884373208,22.72332884373208,100.0
940,1,31.393316291547706,31.393316291547706,100.0
940,2,45.88335486472022,45.88335486472022,100.0
950,0,31.59170800432573,31.59170800432573,100.0
950,1,40.02074881439841,40.02074881439841,100.0
950,2,28.38754318127587,28.38754318127587,100.0
960,0,23.321964857223232,23.321964857223232,100.0
960,1,40.45336981556004,40.45336981556004,100.0
960,2,36.22466532721674,36.22466532721674,100.0
970,0,28.279196365453085,28.279196365453085,100.0
970,1,49.820773419440144,49.820773419440144,100.0
970,2,21.90003021510677,21.90003021510677,100.0
980,0,35.527221317590005,35.527221317590005,100.0
980,1,35.18352910869439,35.18352910869439,100.0
980,2,29.28924957371562,29.28924957371562,100.0
990,0,35.816580581121514,35.816580581121514,100.0
990,1,36.59836373787462,36.59836373787462,100.0
990,2,27.585055681003865,27.585055681003865,100.0
1000,0,32.40545240649935,32.40545240649935,100.0
1000,1,34.17474463850211,34.17474463850211,100.0
1000,2,33.419802954998545,33.419802954998545,100.0
1010,0,31.497111613339356,31.497111613339356,100.0
1010,1,27.696728761833405,27.696728761833405,100.0
1010,2,40.806159624827245,40.806159624827245,100.0
1020,0,27.60488597124864,27.60488597124864,100.0
1020,1,43.13852442445511,43.13852442445511,100.0
1020,2,29.256589604296245,29.256589604296245,100.0
1030,0,37.90857566880544,37.90857566880544,100.0
1030,1,38.46574441494907,38.46574441494907,100.0
1030,2,23.62567991624549,23.62567991624549,100.0
1040,0,30.417405878323894,30.417405878323894,100.0
1040,1,40.11670637261543,40.11670637261543,100.0
1040,2,29.46588774906067,29.46588774906067,100.0
1050,0,44.44665729997477,44.44665729997477,100.0
1050,1,28.160979737316506,28.160979737316506,100.0
1050,2,27.392362962708727,27.392362962708727,100.0
1060,0,30.98618864158236,30.98618864158236,100.0
1060,1,39.883409047357624,39.883409047357624,100.0
1060,2,29.130402311060017,29.130402311060017,100.0
1070,0,30.144691885236607,30.144691885236607,100.0
1070,1,37.98609858132017,37.98609858132017,100.0
1070,2,31.869209533443225,31.869209533443225,100.0
1080,0,27.091755722376636,27.091755722376636,100.0
1080,1,47.25457788602577,47.25457788602577,100.0
1080,2,25.6536663915976,25.6536663915976,100.0
1090,0,32.858396717026665,32.858396717026665,100.0
1090,1,46.35588693443443,46.35588693443443,100.0
1090,2,20.785716348538905,20.785716348538905,100.0
1100,0,45.03315335607427,45.03315335607427,100.0
1100,1,31.934179906048044,31.934179906048044,100.0
1100,2,23.032666737877683,23.032666737877683,100.0
1110,0,29.263970041470976,29.263970041470976,100.0
1110,1,30.123607444779015,30.123607444779015,100.0
1110,2,40.61242251375001,40.61242251375001,100.0
1120,0,50.68433829826403,50.68433829826403,100.0
1120,1,26.320144858217542,26.320144858217542,100.0
1120,2,22.99551684351842,22.99551684351842,100.0
1130,0,46.295739743287925,46.295739743287925,100.0
1130,1,35.1296194671011,35.1296194671011,100.0
1130,2,18.574640789610974,18.574640789610974,100.0
1140,0,26.203600886776545,26.203600886776545,100.0
1140,1,33.30833653143227,33.30833653143227,100.0
1140,2,40.4880625817912,40.4880625817912,100.0
1150,0,42.39677627457644,42.39677627457644,100.0
1150,1,38.56385606875437,38.56385606875437,100.0
1150,2,19.0393676566692,19.0393676566692,100.0
1160,0,39.984841853490316,39.984841853490316,100.0
1160,1,29.780381163809643,29.780381163809643,100.0
1160,2,30.234776982700033,30.234776982700033,100.0
1170,0,45.94426929647254,45.94426929647254,100.0
1170,1,31.323516728410933,31.323516728410933,100.0
1170,2,22.732213975116533,22.732213975116533,100.0
1180,0,30.48696662142436,30.48696662142436,100.0
1180,1,49.1397686761792,49.1397686761792,100.0
1180,2,20.373264702396444,20.373264702396444,100.0
1190,0,36.19316058834575,36.19316058834575,100.0
1190,1,34.57136703843539,34.57136703843539,100.0
1190,2,29.23547237321886,29.23547237321886,100.0
1200,0,28.422122000977414,28.422122000977414,100.0
1200,1,35.83440116663979,35.83440116663979,100.0
1200,2,35.7434768323828,35.7434768323828,100.0
1210,0,26.564853037454228,26.564853037454228,100.0
1210,1,35.51089641821513,35.51089641821513,100.0
1210,2,37.92425054433065,37.92425054433065,100.0
1220,0,34.74464427611401,34.74464427611401,100.0
1220,1,44.145592152290966,44.145592152290966,100.0
1220,2,21.109763571595018,21.109763571595018,100.0
1230,0,34.8398024999571,34.8398024999571,100.0
1230,1,26.25916812128675,26.25916812128675,100.0
1230,2,38.90102937875616,38.90102937875616,100.0
1240,0,27.13493023425404,27.13493023425404,100.0
1240,1,41.98628854643276,41.98628854643276,100.0
1240,2,30.878781219313193,30.878781219313193,100.0
1250,0,23.748681039950448,23.748681039950448,100.0
1250,1,35.946085235164716,35.946085235164716,100.0
1250,2,40.305233724884836,40.305233724884836,100.0
1260,0,41.91892656342689,41.91892656342689,100.0
1260,1,31.00564885690592,31.00564885690592,100.0
1260,2,27.075424579667178,27.075424579667178,100.0
1270,0,45.22012178140559,45.22012178140559,100.0
1270,1,32.22898299399327,32.22898299399327,100.0
1270,2,22.550895224601142,22.550895224601142,100.0
1280,0,31.516597315329093,31.516597315329093,100.0
1280,1,25.87378268459245,25.87378268459245,100.0
1280,2,42.609620000078465,42.609620000078465,100.0
1290,0,36.03033008886992,36.03033008886992,100.0
1290,1,41.2666725382925,41.2666725382925,100.0
1290,2,22.70299737283758,22.70299737283758,100.0
1300,0,27.78079976716522,27.78079976716522,100.0
1300,1,39.84992860060775,39.84992860060775,100.0
1300,2,32.36927163222704,32.36927163222704,100.0
1310,0,34.02371020738644,34.02371020738644,100.0
1310,1,40.63587137151764,40.63587137151764,100.0
1310,2,25.34041842109593,25.34041842109593,100.0
1320,0,46.77309471565826,46.77309471565826,100.0
1320,1,29.9664664320765,29.9664664320765,100.0
1320,2,23.260438852265235,23.260438852265235,100.0
1330,0,34.97768887709971,34.97768887709971,100.0
1330,1,31.26570035359682,31.26570035359682,100.0
1330,2,33.75661076930348,33.75661076930348,100.0
1340,0,43.213042784685115,43.213042784685115,100.0
1340,1,32.780351060697626,32.780351060697626,100.0
1340,2,24.006606154617252,24.006606154617252,100.0
1350,0,33.90192622951438,33.90192622951438,100.0
1350,1,41.19188305923447,41.19188305923447,100.0
1350,2,24.906190711251153,24.906190711251153,100.0
1360,0,47.38388494589787,47.38388494589787,100.0
1360,1,32.35990426675121,32.35990426675121,100.0
1360,2,20.25621078735093,20.25621078735093,100.0
1370,0,30.90797435880187,30.90797435880187,100.0
1370,1,41.76233030204142,41.76233030204142,100.0
1370,2,27.329695339156707,27.329695339156707,100.0
1380,0,30.135759786775584,30.135759786775584,100.0
1380,1,46.927562873691045,46.927562873691045,100.0
1380,2,22.93667733953338,22.93667733953338,100.0
1390,0,43.72871352185713,43.72871352185713,100.0
1390,1,26.665022895130775,26.665022895130775,100.0
1390,2,29.606263583012097,29.606263583012097,100.0
1400,0,26.710827579370306,26.710827579370306,100.0
1400,1,40.72425146031989,40.72425146031989,100.0
1400,2,32.564920960309806,32.564920960309806,100.0
1410,0,31.561112941654446,31.561112941654446,100.0
1410,1,36.367150083439164,36.367150083439164,100.0
1410,2,32.071736974906386,32.071736974906386,100.0
1420,0,24.38004329339036,24.38004329339036,100.0
1420,1,25.841404313619847,25.841404313619847,100.0
1420,2,49.778552392989795,49.778552392989795,100.0
1430,0,23.08462508347396,23.08462508347396,100.0
1430,1,30.707152670433274,30.707152670433274,100.0
1430,2,46.20822224609277,46.20822224609277,100.0
1440,0,51.09199060986375,51.09199060986375,100.0
1440,1,29.140772758760825,29.140772758760825,100.0
1440,2,19.767236631375436,19.767236631375436,100.0
1450,0,35.87673908076239,35.87673908076239,100.0
1450,1,36.11887266627684,36.11887266627684,100.0
1450,2,28.004388252960766,28.004388252960766,100.0
1460,0,28.598291109125807,28.598291109125807,100.0
1460,1,31.58503202644305,31.58503202644305,100.0
1460,2,39.816676864431145,39.816676864431145,100.0
1470,0,41.815905646249064,41.815905646249064,100.0
1470,1,36.911940233061216,36.911940233061216,100.0
1470,2,21.272154120689716,21.272154120689716,100.0
1480,0,36.80602752927376,36.80602752927376,100.0
1480,1,42.35920646489345,42.35920646489345,100.0
1480,2,20.83476600583279,20.83476600583279,100.0
1490,0,38.49728432195322,38.49728432195322,100.0
1490,1,39.837118135159145,39.837118135159145,100.0
1490,2,21.665597542887642,21.665597542887642,100.0
1500,0,29.140917332346145,29.140917332346145,100.0
1500,1,39.17136679574201,39.17136679574201,100.0
1500,2,31.68771587191185,31.68771587191185,100.0
