timestamp,sliceId,dedicatedPRB,minPRB,maxPRB
510,0,42.504608204296076,42.504608204296076,100.0
510,1,35.56649145336166,35.56649145336166,100.0
510,2,21.928900342342267,21.928900342342267,100.0
520,0,36.24520917784465,36.24520917784465,100.0
520,1,42.4483949232459,42.4483949232459,100.0
520,2,21.306395898909443,21.306395898909443,100.0
530,0,38.23899672561015,38.23899672561015,100.0
530,1,31.098375831023787,31.098375831023787,100.0
530,2,30.662627443366063,30.662627443366063,100.0
540,0,31.874875129397452,31.874875129397452,100.0
540,1,42.86022005316731,42.86022005316731,100.0
540,2,25.264904817435248,25.264904817435248,100.0
550,0,39.628665650656885,39.628665650656885,100.0
550,1,41.49393820559244,41.49393820559244,100.0
550,2,18.87739614375068,18.87739614375068,100.0
560,0,46.659551765482036,46.659551765482036,100.0
560,1,28.966285789023523,28.966285789023523,100.0
560,2,24.374162445494445,24.374162445494445,100.0
570,0,22.952466928311946,22.952466928311946,100.0
570,1,53.50661589569907,53.50661589569907,100.0
570,2,23.54091717598899,23.54091717598899,100.0
580,0,22.24076461284717,22.24076461284717,100.0
580,1,54.22999225725472,54.22999225725472,100.0
580,2,23.52924312989811,23.52924312989811,100.0
590,0,37.09899432441018,37.09899432441018,100.0
590,1,35.278532571435214,35.278532571435214,100.0
590,2,27.622473104154615,27.622473104154615,100.0
600,0,22.69511239569704,22.69511239569704,100.0
600,1,26.737296425788102,26.737296425788102,100.0
600,2,50.567591178514846,50.567591178514846,100.0
610,0,30.626936469900045,30.626936469900045,100.0
610,1,41.383791089208714,41.383791089208714,100.0
610,2,27.989272440891245,27.989272440891245,100.0
620,0,25.86914933201509,25.86914933201509,100.0
620,1,33.08498342525055,33.08498342525055,100.0
620,2,41.04586724273436,41.04586724273436,100.0
630,0,43.872547394918385,43.872547394918385,100.0
630,1,28.393187664967297,28.393187664967297,100.0
630,2,27.73426494011433,27.73426494011433,100.0
640,0,35.650270363230774,35.650270363230774,100.0
640,1,38.720914522918484,38.720914522918484,100.0
640,2,25.628815113850738,25.628815113850738,100.0
650,0,30.501352366164465,30.501352366164465,100.0
650,1,45.696879299187884,45.696879299187884,100.0
650,2,23.80176833464766,23.80176833464766,100.0
660,0,25.67587175128214,25.67587175128214,100.0
660,1,40.37030070457544,40.37030070457544,100.0
660,2,33.95382754414242,33.95382754414242,100.0
670,0,26.348748209911115,26.348748209911115,100.0
670,1,39.131437250924286,39.131437250924286,100.0
670,2,34.51981453916461,34.51981453916461,100.0
680,0,22.4208676711594,22.4208676711594,100.0
680,1,51.24619869456739,51.24619869456739,100.0
680,2,26.332933634273214,26.332933634273214,100.0
690,0,28.386076860873345,28.386076860873345,100.0
690,1,32.6899502499146,32.6899502499146,100.0
690,2,38.92397288921205,38.92397288921205,100.0
700,0,27.50565326992429,27.50565326992429,100.0
700,1,30.559717109574784,30.559717109574784,100.0
700,2,41.93462962050092,41.93462962050092,100.0
710,0,25.423320931097486,25.423320931097486,100.0
710,1,33.8109694766876,33.8109694766876,100.0
710,2,40.765709592214904,40.765709592214904,100.0
720,0,41.45848219312375,41.45848219312375,100.0
720,1,40.0091015536024,40.0091015536024,100.0
720,2,18.53241625327386,18.53241625327386,100.0
730,0,22.573727377836267,22.573727377836267,100.0
730,1,43.99081102204502,43.99081102204502,100.0
730,2,33.43546160011871,33.43546160011871,100.0
740,0,24.038868040304358,24.038868040304358,100.0
740,1,53.768360782748545,53.768360782748545,100.0
740,2,22.192771176947097,22.192771176947097,100.0
750,0,24.12522708703224,24.12522708703224,100.0
750,1,51.720491146377626,51.720491146377626,100.0
750,2,24.15428176659015,24.15428176659015,100.0
760,0,34.1427959767751,34.1427959767751,100.0
760,1,29.71605778889223,29.71605778889223,100.0
760,2,36.14114623433267,36.14114623433267,100.0
770,0,21.07638152289919,21.07638152289919,100.0
770,1,39.225776970164596,39.225776970164596,100.0
770,2,39.697841506936214,39.697841506936214,100.0
780,0,29.682529727014707,29.682529727014707,100.0
780,1,44.740515857411204,44.740515857411204,100.0
780,2,25.576954415574093,25.576954415574093,100.0
790,0,28.004050452386288,28.004050452386288,100.0
790,1,38.15277682168161,38.15277682168161,100.0
790,2,33.8431727259321,33.8431727259321,100.0
800,0,22.51224808544486,22.51224808544486,100.0
800,1,40.67683281423411,40.67683281423411,100.0
800,2,36.81091910032103,36.81091910032103,100.0
810,0,22.676691239932023,22.676691239932023,100.0
810,1,46.07997604356284,46.07997604356284,100.0
810,2,31.243332716505144,31.243332716505144,100.0
820,0,32.92169137095517,32.92169137095517,100.0
820,1,24.844005450606367,24.844005450606367,100.0
820,2,42.23430317843846,42.23430317843846,100.0
830,0,37.713063555517195,37.713063555517195,100.0
830,1,41.5920139885566,41.5920139885566,100.0
830,2,20.6949224559262,20.6949224559262,100.0
840,0,25.18713906629869,25.18713906629869,100.0
840,1,35.82327812364433,35.82327812364433,100.0
840,2,38.989582810056994,38.989582810056994,100.0
850,0,25.379685291626963,25.379685291626963,100.0
850,1,29.000876221938903,29.000876221938903,100.0
850,2,45.61943848643414,45.61943848643414,100.0
860,0,26.453832651021735,26.453832651021735,100.0
860,1,50.21928706072569,50.21928706072569,100.0
860,2,23.32688028825257,23.32688028825257,100.0
870,0,21.312314277339574,21.312314277339574,100.0
870,1,41.1563174491302,41.1563174491302,100.0
870,2,37.531368273530234,37.531368273530234,100.0
880,0,21.296211286593042,21.296211286593042,100.0
880,1,46.25700907257735,46.25700907257735,100.0
880,2,32.44677964082961,32.44677964082961,100.0
890,0,30.53985349734758,30.53985349734758,100.0
890,1,47.040790798422684,47.040790798422684,100.0
890,2,22.41935570422974,22.41935570422974,100.0
900,0,29.598028633698476,29.598028633698476,100.0
900,1,45.93737445937783,45.93737445937783,100.0
900,2,24.464596906923695,24.464596906923695,100.0
910,0,26.93453276211738,26.93453276211738,100.0
910,1,38.528793697826785,38.528793697826785,100.0
910,2,34.536673540055844,34.536673540055844,100.0
920,0,24.379386587600525,24.379386587600525,100.0
920,1,33.82711715010277,33.82711715010277,100.0
920,2,41.793496262296706,41.793496262296706,100.0
930,0,21.167143447576382,21.167143447576382,100.0
930,1,45.221912407716324,45.221912407716324,100.0
930,2,33.6109441447073,33.6109441447073,100.0
940,0,22.669279634851744,22.669279634851744,100.0
940,1,27.842804947258635,27.842804947258635,100.0
940,2,49.48791541788962,49.48791541788962,100.0
950,0,29.208802565512425,29.208802565512425,100.0
950,1,46.37561439056302,46.37561439056302,100.0
950,2,24.415583043924556,24.415583043924556,100.0
960,0,27.114152284012622,27.114152284012622,100.0
960,1,29.693802002164084,29.693802002164084,100.0
960,2,43.19204571382329,43.19204571382329,100.0
970,0,23.91456773403175,23.91456773403175,100.0
970,1,56.02317301394499,56.02317301394499,100.0
970,2,20.062259252023253,20.062259252023253,100.0
980,0,26.98706173511807,26.98706173511807,100.0
980,1,40.92120361159496,40.92120361159496,100.0
980,2,32.09173465328698,32.09173465328698,100.0
990,0,23.391871384553127,23.391871384553127,100.0
990,1,36.19031333573687,36.19031333573687,100.0
990,2,40.41781527971001,40.41781527971001,100.0
1000,0,31.433100997981867,31.433100997981867,100.0
1000,1,34.91121756868185,34.91121756868185,100.0
1000,2,33.655681433336284,33.655681433336284,100.0
1010,0,25.22826611987347,25.22826611987347,100.0
1010,1,26.262772837273147,26.262772837273147,100.0
1010,2,48.508961042853386,48.508961042853386,100.0
1020,0,36.69008366652739,36.69008366652739,100.0
1020,1,41.259584163990375,41.259584163990375,100.0
1020,2,22.05033216948223,22.05033216948223,100.0
1030,0,22.77532940672166,22.77532940672166,100.0
1030,1,53.983956859187096,53.983956859187096,100.0
1030,2,23.240713734091244,23.240713734091244,100.0
1040,0,37.70889934719205,37.70889934719205,100.0
1040,1,36.146132414879894,36.146132414879894,100.0
1040,2,26.14496823792805,26.14496823792805,100.0
1050,0,23.487873211235875,23.487873211235875,100.0
1050,1,33.16523950153798,33.16523950153798,100.0
1050,2,43.346887287226146,43.346887287226146,100.0
1060,0,20.70440474505972,20.70440474505972,100.0
1060,1,42.153692805143,42.153692805143,100.0
1060,2,37.14190244979728,37.14190244979728,100.0
1070,0,26.475527830731693,26.475527830731693,100.0
1070,1,51.45660993534662,51.45660993534662,100.0
1070,2,22.067862233921684,22.067862233921684,100.0
1080,0,24.393009192254237,24.393009192254237,100.0
1080,1,41.27054311957509,41.27054311957509,100.0
1080,2,34.33644768817068,34.33644768817068,100.0
1090,0,23.338433426386704,23.338433426386704,100.0
1090,1,50.425501778361514,50.425501778361514,100.0
1090,2,26.236064795251796,26.236064795251796,100.0
1100,0,37.692731254282755,37.692731254282755,100.0
1100,1,38.77469831254423,38.77469831254423,100.0
1100,2,23.532570433173017,23.532570433173017,100.0
1110,0,36.52201622512571,36.52201622512571,100.0
1110,1,41.45338268249724,41.45338268249724,100.0
1110,2,22.02460109237705,22.02460109237705,100.0
1120,0,36.91936740969517,36.91936740969517,100.0
1120,1,44.61687511658714,44.61687511658714,100.0
1120,2,18.463757473717692,18.463757473717692,100.0
1130,0,32.871019523227915,32.871019523227915,100.0
1130,1,44.7439179679081,44.7439179679081,100.0
1130,2,22.385062508863996,22.385062508863996,100.0
1140,0,28.42911455202048,28.42911455202048,100.0
1140,1,33.802781674490994,33.802781674490994,100.0
1140,2,37.76810377348853,37.76810377348853,100.0
1150,0,22.777929997729363,22.777929997729363,100.0
1150,1,43.63749350113234,43.63749350113234,100.0
1150,2,33.5845765011383,33.5845765011383,100.0
1160,0,25.68083083239805,25.68083083239805,100.0
1160,1,42.41800558451438,42.41800558451438,100.0
1160,2,31.901163583087573,31.901163583087573,100.0
1170,0,30.769434826576582,30.769434826576582,100.0
1170,1,29.597202274873773,29.597202274873773,100.0
1170,2,39.63336289854964,39.63336289854964,100.0
1180,0,41.80690893318141,41.80690893318141,100.0
1180,1,30.14802945268481,30.14802945268481,100.0
1180,2,28.045061614133786,28.045061614133786,100.0
1190,0,29.52103755369907,29.52103755369907,100.0
1190,1,37.05927366225402,37.05927366225402,100.0
1190,2,33.419688784046905,33.419688784046905,100.0
1200,0,22.629267505849338,22.629267505849338,100.0
1200,1,46.48073143463011,46.48073143463011,100.0
1200,2,30.890001059520557,30.890001059520557,100.0
1210,0,34.15187016806181,34.15187016806181,100.0
1210,1,39.244785543399075,39.244785543399075,100.0
1210,2,26.60334428853911,26.60334428853911,100.0
1220,0,29.712295911691456,29.712295911691456,100.0
1220,1,31.106126646331216,31.106126646331216,100.0
1220,2,39.18157744197733,39.18157744197733,100.0
1230,0,27.121072923730267,27.121072923730267,100.0
1230,1,47.62511132874829,47.62511132874829,100.0
1230,2,25.25381574752144,25.25381574752144,100.0
1240,0,20.88661377638513,20.88661377638513,100.0
1240,1,47.56120921448337,47.56120921448337,100.0
1240,2,31.552177009131505,31.552177009131505,100.0
1250,0,25.69009386674982,25.69009386674982,100.0
1250,1,46.382470913049225,46.382470913049225,100.0
1250,2,27.927435220200962,27.927435220200962,100.0
1260,0,38.091532383027925,38.091532383027925,100.0
1260,1,36.246195649177935,36.246195649177935,100.0
1260,2,25.662271967794137,25.662271967794137,100.0
1270,0,31.747185399501276,31.747185399501276,100.0
1270,1,27.024812119969738,27.024812119969738,100.0
1270,2,41.22800248052898,41.22800248052898,100.0
1280,0,26.58524199486292,26.58524199486292,100.0
1280,1,45.07520619558318,45.07520619558318,100.0
1280,2,28.339551809553896,28.339551809553896,100.0
1290,0,22.685764887667617,22.685764887667617,100.0
1290,1,36.99273682935513,36.99273682935513,100.0
1290,2,40.32149828297725,40.32149828297725,100.0
1300,0,27.759542433671662,27.759542433671662,100.0
1300,1,46.148928356648376,46.148928356648376,100.0
1300,2,26.09152920967996,26.09152920967996,100.0
1310,0,39.901299411808665,39.901299411808665,100.0
1310,1,39.650792078117426,39.650792078117426,100.0
1310,2,20.447908510073905,20.447908510073905,100.0
1320,0,27.469841993731425,27.469841993731425,100.0
1320,1,47.80571743432054,47.80571743432054,100.0
1320,2,24.724440571948037,24.724440571948037,100.0
1330,0,25.767501139598764,25.767501139598764,100.0
1330,1,46.220139253185685,46.220139253185685,100.0
1330,2,28.012359607215554,28.012359607215554,100.0
1340,0,26.491646645451723,26.491646645451723,100.0
1340,1,34.93703921449748,34.93703921449748,100.0
1340,2,38.57131414005081,38.57131414005081,100.0
1350,0,24.42298840352236,24.42298840352236,100.0
1350,1,34.35194590625999,34.35194590625999,100.0
1350,2,41.22506569021765,41.22506569021765,100.0
1360,0,24.482713274246855,24.482713274246855,100.0
1360,1,39.35049841354725,39.35049841354725,100.0
1360,2,36.1667883122059,36.1667883122059,100.0
1370,0,38.237793965738994,38.237793965738994,100.0
1370,1,37.07316381365942,37.07316381365942,100.0
1370,2,24.689042220601593,24.689042220601593,100.0
1380,0,35.632024953745066,35.632024953745066,100.0
1380,1,36.293750170058374,36.293750170058374,100.0
1380,2,28.074224876196567,28.074224876196567,100.0
1390,0,29.92682887184651,29.92682887184651,100.0
1390,1,38.52360355293201,38.52360355293201,100.0
1390,2,31.54956757522148,31.54956757522148,100.0
1400,0,40.638305506626146,40.638305506626146,100.0
1400,1,31.10986414578892,31.10986414578892,100.0
1400,2,28.251830347584946,28.251830347584946,100.0
1410,0,22.545880625252014,22.545880625252014,100.0
1410,1,51.66775640717499,51.66775640717499,100.0
1410,2,25.786362967572995,25.786362967572995,100.0
1420,0,21.90301854453675,21.90301854453675,100.0
1420,1,48.85634536884808,48.85634536884808,100.0
1420,2,29.24063608661517,29.24063608661517,100.0
1430,0,21.35483752945295,21.35483752945295,100.0
1430,1,47.38339218261437,47.38339218261437,100.0
1430,2,31.261770287932666,31.261770287932666,100.0
1440,0,26.368499529566304,26.368499529566304,100.0
1440,1,49.4382797936073,49.4382797936073,100.0
1440,2,24.1932206768264,24.1932206768264,100.0
1450,0,27.206223989040602,27.206223989040602,100.0
1450,1,42.695766144411664,42.695766144411664,100.0
1450,2,30.098009866547738,30.098009866547738,100.0
1460,0,25.55385308841266,25.55385308841266,100.0
1460,1,41.40111360117778,41.40111360117778,100.0
1460,2,33.045033310409565,33.045033310409565,100.0
1470,0,27.122079581923646,27.122079581923646,100.0
1470,1,38.95329084061075,38.95329084061075,100.0
1470,2,33.9246295774656,33.9246295774656,100.0
1480,0,23.7852842201297,23.7852842201297,100.0
1480,1,39.8759072512787,39.8759072512787,100.0
1480,2,36.338808528591606,36.338808528591606,100.0
1490,0,25.67515502393699,25.67515502393699,100.0
1490,1,42.515967678550645,42.515967678550645,100.0
1490,2,31.80887729751236,31.80887729751236,100.0
1500,0,24.201824429339215,24.201824429339215,100.0
1500,1,36.0984400260513,36.0984400260513,100.0
1500,2,39.699735544609496,39.699735544609496,100.0
