timestamp,sliceId,dedicatedPRB,minPRB,maxPRB
510,0,25.45656436349485,25.45656436349485,100.0
510,1,53.05240482015683,53.05240482015683,100.0
510,2,21.491030816348328,21.491030816348328,100.0
520,0,51.148209823776455,51.148209823776455,100.0
520,1,27.143277099675267,27.143277099675267,100.0
520,2,21.708513076548275,21.708513076548275,100.0
530,0,35.32734816248482,35.32734816248482,100.0
530,1,36.94831188142429,36.94831188142429,100.0
530,2,27.724339956090887,27.724339956090887,100.0
540,0,23.689022178517448,23.689022178517448,100.0
540,1,40.01988078709049,40.01988078709049,100.0
540,2,36.29109703439206,36.29109703439206,100.0
550,0,25.368517717079424,25.368517717079424,100.0
550,1,36.69028273590129,36.69028273590129,100.0
550,2,37.941199547019295,37.941199547019295,100.0
560,0,31.330616322029652,31.330616322029652,100.0
560,1,27.868997123796035,27.868997123796035,100.0
560,2,40.80038655417432,40.80038655417432,100.0
570,0,40.01448822752886,40.01448822752886,100.0
570,1,33.4349472785862,33.4349472785862,100.0
570,2,26.55056449388494,26.55056449388494,100.0
580,0,52.17529877161159,52.17529877161159,100.0
580,1,27.690094848594505,27.690094848594505,100.0
580,2,20.134606379793908,20.134606379793908,100.0
590,0,33.11178879956178,33.11178879956178,100.0
590,1,41.10338156301208,41.10338156301208,100.0
590,2,25.784829637426153,25.784829637426153,100.0
600,0,28.90357829091711,28.90357829091711,100.0
600,1,33.44774977338337,33.44774977338337,100.0
600,2,37.64867193569952,37.64867193569952,100.0
610,0,36.520894390792094,36.520894390792094,100.0
610,1,32.21690765905112,32.21690765905112,100.0
610,2,31.26219795015679,31.26219795015679,100.0
620,0,27.864694717398,27.864694717398,100.0
620,1,47.503439167115104,47.503439167115104,100.0
620,2,24.631866115486904,24.631866115486904,100.0
630,0,26.856792078695314,26.856792078695314,100.0
630,1,42.076156199707626,42.076156199707626,100.0
630,2,31.06705172159706,31.06705172159706,100.0
640,0,32.83400847457001,32.83400847457001,100.0
640,1,28.549713983741388,28.549713983741388,100.0
640,2,38.6162775416886,38.6162775416886,100.0
650,0,23.676692724961743,23.676692724961743,100.0
650,1,36.52547273347652,36.52547273347652,100.0
650,2,39.79783454156174,39.79783454156174,100.0
660,0,24.03269141983927,24.03269141983927,100.0
660,1,54.44876223109764,54.44876223109764,100.0
660,2,21.51854634906309,21.51854634906309,100.0
670,0,40.54798216247573,40.54798216247573,100.0
670,1,41.244136831204486,41.244136831204486,100.0
670,2,18.207881006319788,18.207881006319788,100.0
680,0,24.46168850665997,24.46168850665997,100.0
680,1,27.173226742950156,27.173226742950156,100.0
680,2,48.365084750389876,48.365084750389876,100.0
690,0,29.90820961855407,29.90820961855407,100.0
690,1,47.45039789926071,47.45039789926071,100.0
690,2,22.641392482185225,22.641392482185225,100.0
700,0,36.288782647753955,36.288782647753955,100.0
700,1,25.189342198937638,25.189342198937638,100.0
700,2,38.52187515330841,38.52187515330841,100.0
710,0,28.773880311716283,28.773880311716283,100.0
710,1,30.63640488653566,30.63640488653566,100.0
710,2,40.58971480174806,40.58971480174806,100.0
720,0,36.9430288785579,36.9430288785579,100.0
720,1,42.459611703067935,42.459611703067935,100.0
720,2,20.59735941837417,20.59735941837417,100.0
730,0,23.87646603141454,23.87646603141454,100.0
730,1,49.646757418569386,49.646757418569386,100.0
730,2,26.47677655001607,26.47677655001607,100.0
740,0,22.467397358854715,22.467397358854715,100.0
740,1,43.98073107135939,43.98073107135939,100.0
740,2,33.55187156978589,33.55187156978589,100.0
750,0,37.71229867124449,37.71229867124449,100.0
750,1,32.35216471611434,32.35216471611434,100.0
750,2,29.93553661264118,29.93553661264118,100.0
760,0,25.449225260027557,25.449225260027557,100.0
760,1,40.38031978526121,40.38031978526121,100.0
760,2,34.17045495471124,34.17045495471124,100.0
770,0,34.789731427076696,34.789731427076696,100.0
770,1,46.81902337231579,46.81902337231579,100.0
770,2,18.39124520060752,18.39124520060752,100.0
780,0,27.018685793299866,27.018685793299866,100.0
780,1,44.99250688058075,44.99250688058075,100.0
780,2,27.98880732611938,27.98880732611938,100.0
790,0,21.748161433578947,21.748161433578947,100.0
790,1,42.6068720945192,42.6068720945192,100.0
790,2,35.64496647190187,35.64496647190187,100.0
800,0,43.308894529414474,43.308894529414474,100.0
800,1,32.279315409152396,32.279315409152396,100.0
800,2,24.41179006143312,24.41179006143312,100.0
810,0,45.23384531419089,45.23384531419089,100.0
810,1,25.635818390860514,25.635818390860514,100.0
810,2,29.1303362949486,29.1303362949486,100.0
820,0,31.04009461269246,31.04009461269246,100.0
820,1,39.73102499891882,39.73102499891882,100.0
820,2,29.228880388388724,29.228880388388724,100.0
830,0,40.67722788044727,40.67722788044727,100.0
830,1,39.708230166706706,39.708230166706706,100.0
830,2,19.614541952846036,19.614541952846036,100.0
840,0,36.28847536178188,36.28847536178188,100.0
840,1,34.991122290064254,34.991122290064254,100.0
840,2,28.72040234815387,28.72040234815387,100.0
850,0,36.125224108623335,36.125224108623335,100.0
850,1,35.185866582050195,35.185866582050195,100.0
850,2,28.688909309326473,28.688909309326473,100.0
860,0,30.962857271686378,30.962857271686378,100.0
860,1,47.171818073827104,47.171818073827104,100.0
860,2,21.865324654486518,21.865324654486518,100.0
870,0,31.01902652215592,31.01902652215592,100.0
870,1,38.233240832134584,38.233240832134584,100.0
870,2,30.7477326457095,30.7477326457095,100.0
880,0,24.553806062897397,24.553806062897397,100.0
880,1,28.93622668052041,28.93622668052041,100.0
880,2,46.5099672565822,46.5099672565822,100.0
890,0,26.06745029198507,26.06745029198507,100.0
890,1,36.615331809669726,36.615331809669726,100.0
890,2,37.317217898345206,37.317217898345206,100.0
900,0,31.343186149348657,31.343186149348657,100.0
900,1,26.323516697541105,26.323516697541105,100.0
900,2,42.33329715311024,42.33329715311024,100.0
910,0,27.315810357522164,27.315810357522164,100.0
910,1,45.77329281964184,45.77329281964184,100.0
910,2,26.910896822835994,26.910896822835994,100.0
