timestamp,ueImsi,sliceId,dTxBytes,dRxBytes,plr,resourceSharePct,dLostPackets,throughputMbps,bufferBytes
1510,1,0,18336,0,100.00,31.66,12,0.0000,1681894
1510,2,0,18336,1528,91.67,31.66,11,1.2224,1459773
1510,3,0,18336,4584,75.00,31.66,9,3.6672,1126889
1510,4,0,18336,0,100.00,31.66,12,0.0000,1291899
1510,5,0,18336,0,100.00,31.66,12,0.0000,1688948
1510,6,1,390,390,0.00,20.00,0,0.3120,87
1510,7,1,390,0,100.00,20.00,5,0.0000,1959
1510,8,1,390,390,0.00,20.00,0,0.3120,87
1510,9,1,390,468,0.00,20.00,0,0.3744,87
1510,10,1,390,78,80.00,20.00,4,0.0624,169
1510,11,2,384,256,33.33,48.33,1,0.2048,137
1510,12,2,384,256,33.33,48.33,1,0.2048,137
1510,13,2,384,256,33.33,48.33,1,0.2048,137
1510,14,2,384,256,33.33,48.33,1,0.2048,137
1510,15,2,384,256,33.33,48.33,1,0.2048,44
1510,16,2,384,0,100.00,48.33,3,0.0000,269
1510,17,2,384,256,33.33,48.33,1,0.2048,137
1510,18,2,384,0,100.00,48.33,3,0.0000,137
1510,19,2,384,256,33.33,48.33,1,0.2048,137
1510,20,2,384,0,100.00,48.33,3,0.0000,137
