timestamp,sliceId,dedicatedPRB,minPRB,maxPRB
510,0,42.904087757505266,42.904087757505266,100.0
510,1,34.61884129314557,34.61884129314557,100.0
510,2,22.47707094934916,22.47707094934916,100.0
520,0,52.75830748950759,52.75830748950759,100.0
520,1,28.224087580832457,28.224087580832457,100.0
520,2,19.01760492965996,19.01760492965996,100.0
530,0,33.87753866970106,33.87753866970106,100.0
530,1,29.78191086397446,29.78191086397446,100.0
530,2,36.34055046632449,36.34055046632449,100.0
540,0,47.615176892716754,47.615176892716754,100.0
540,1,34.030110146088354,34.030110146088354,100.0
540,2,18.354712961194895,18.354712961194895,100.0
550,0,37.130700628852416,37.130700628852416,100.0
550,1,36.09766223206603,36.09766223206603,100.0
550,2,26.771637139081548,26.771637139081548,100.0
