timestamp,ueImsi,sliceId,dTxBytes,dRxBytes,plr,resourceSharePct,dLostPackets,throughputMbps,bufferBytes
1510,1,0,35144,50424,0.00,61.67,0,40.3392,18284
1510,2,0,35144,29032,17.39,61.67,4,23.2256,1472090
1510,3,1,1014,1326,0.00,20.00,0,1.0608,87
1510,4,1,1014,858,15.38,20.00,2,0.6864,82
1510,5,2,256,0,100.00,18.34,2,0.0000,137
1510,6,2,256,0,100.00,18.34,2,0.0000,137
1510,7,2,256,256,0.00,18.34,0,0.2048,137
1510,8,2,256,0,100.00,18.34,2,0.0000,359
1510,9,2,256,0,100.00,18.34,2,0.0000,137
1510,10,2,256,256,0.00,18.34,0,0.2048,137
