timestamp,ueImsi,sliceId,dTxBytes,dRxBytes,plr,resourceSharePct,dLostPackets,throughputMbps,bufferBytes
1510,1,0,18336,0,100.00,29.74,12,0.0000,1643100
1510,2,0,18336,3056,83.33,29.74,10,2.4448,1478701
1510,3,0,18336,4584,75.00,29.74,9,3.6672,1168803
1510,4,0,18336,1528,91.67,29.74,11,1.2224,1299798
1510,5,0,18336,0,100.00,29.74,12,0.0000,1709280
1510,6,1,390,390,0.00,49.20,0,0.3120,87
1510,7,1,390,0,100.00,49.20,5,0.0000,169
1510,8,1,390,390,0.00,49.20,0,0.3120,87
1510,9,1,390,78,80.00,49.20,4,0.0624,87
1510,10,1,390,0,100.00,49.20,5,0.0000,169
1510,11,2,384,256,33.33,21.06,1,0.2048,42
1510,12,2,384,256,33.33,21.06,1,0.2048,137
1510,13,2,384,256,33.33,21.06,1,0.2048,137
1510,14,2,384,256,33.33,21.06,1,0.2048,137
1510,15,2,384,256,33.33,21.06,1,0.2048,103
1510,16,2,384,0,100.00,21.06,3,0.0000,401
1510,17,2,384,256,33.33,21.06,1,0.2048,137
1510,18,2,384,0,100.00,21.06,3,0.0000,401
1510,19,2,384,256,33.33,21.06,1,0.2048,137
1510,20,2,384,256,33.33,21.06,1,0.2048,137
