timestamp,sliceId,dedicatedPRB,minPRB,maxPRB
510,0,27.94808233193915,27.94808233193915,100.0
510,1,32.43741603119805,32.43741603119805,100.0
510,2,39.614501636862805,39.614501636862805,100.0
520,0,37.908380602391155,37.908380602391155,100.0
520,1,36.18943419913507,36.18943419913507,100.0
520,2,25.90218519847378,25.90218519847378,100.0
530,0,28.356873824150142,28.356873824150142,100.0
530,1,34.54934001530939,34.54934001530939,100.0
530,2,37.09378616054047,37.09378616054047,100.0
540,0,52.738741294787104,52.738741294787104,100.0
540,1,27.206932920575987,27.206932920575987,100.0
540,2,20.05432578463691,20.05432578463691,100.0
550,0,28.392456769937706,28.392456769937706,100.0
550,1,28.563894089085416,28.563894089085416,100.0
550,2,43.04364914097687,43.04364914097687,100.0
