timestamp,ueImsi,sliceId,dTxBytes,dRxBytes,plr,resourceSharePct,dLostPackets,throughputMbps,bufferBytes
1510,1,0,35144,35144,0.00,30.76,0,28.1152,1537
1510,2,0,35144,0,100.00,30.76,23,0.0000,3142148
1510,3,1,1014,0,100.00,31.43,13,0.0000,1235
1510,4,1,1014,702,30.77,31.43,4,0.5616,1071
1510,5,2,256,0,100.00,37.81,2,0.0000,618
1510,6,2,256,256,0.00,37.81,0,0.2048,137
1510,7,2,256,256,0.00,37.81,0,0.2048,137
1510,8,2,256,256,0.00,37.81,0,0.2048,137
1510,9,2,256,256,0.00,37.81,0,0.2048,137
1510,10,2,256,0,100.00,37.81,2,0.0000,401
