timestamp,sliceId,dedicatedPRB,minPRB,maxPRB
510,0,39.318440042348094,39.318440042348094,100.0
510,1,29.29937622244354,29.29937622244354,100.0
510,2,31.382183735208375,31.382183735208375,100.0
520,0,51.08934128449495,51.08934128449495,100.0
520,1,26.421280165800738,26.421280165800738,100.0
520,2,22.489378549704327,22.489378549704327,100.0
530,0,35.55024144383948,35.55024144383948,100.0
530,1,36.18224781106434,36.18224781106434,100.0
530,2,28.267510745096175,28.267510745096175,100.0
540,0,41.897701356737116,41.897701356737116,100.0
540,1,28.179518417178752,28.179518417178752,100.0
540,2,29.922780226084132,29.922780226084132,100.0
550,0,24.61533499087331,24.61533499087331,100.0
550,1,35.694273753934326,35.694273753934326,100.0
550,2,39.69039125519237,39.69039125519237,100.0
560,0,41.12639360613752,41.12639360613752,100.0
560,1,40.70488439495551,40.70488439495551,100.0
560,2,18.16872199890697,18.16872199890697,100.0
570,0,23.363811832402497,23.363811832402497,100.0
570,1,37.191929491632905,37.191929491632905,100.0
570,2,39.44425867596459,39.44425867596459,100.0
580,0,41.797862328775295,41.797862328775295,100.0
580,1,26.843986062775638,26.843986062775638,100.0
580,2,31.35815160844907,31.35815160844907,100.0
590,0,28.22174251179706,28.22174251179706,100.0
590,1,51.673926958504815,51.673926958504815,100.0
590,2,20.10433052969813,20.10433052969813,100.0
600,0,25.33485651417689,25.33485651417689,100.0
600,1,46.31869913245758,46.31869913245758,100.0
600,2,28.34644435336553,28.34644435336553,100.0
610,0,21.868147181076463,21.868147181076463,100.0
610,1,44.500167965847034,44.500167965847034,100.0
610,2,33.631684853076514,33.631684853076514,100.0
620,0,32.067213097986624,32.067213097986624,100.0
620,1,27.165454062551593,27.165454062551593,100.0
620,2,40.76733283946179,40.76733283946179,100.0
630,0,20.680138046529812,20.680138046529812,100.0
630,1,41.49648496566033,41.49648496566033,100.0
630,2,37.82337698780985,37.82337698780985,100.0
640,0,32.368111108233876,32.368111108233876,100.0
640,1,25.52904697773566,25.52904697773566,100.0
640,2,42.10284191403046,42.10284191403046,100.0
650,0,35.87782288249151,35.87782288249151,100.0
650,1,43.60972794412529,43.60972794412529,100.0
650,2,20.512449173383207,20.512449173383207,100.0
660,0,26.943440790826596,26.943440790826596,100.0
660,1,26.12941442250477,26.12941442250477,100.0
660,2,46.92714478666864,46.92714478666864,100.0
670,0,34.31467448706261,34.31467448706261,100.0
670,1,27.64725540445673,27.64725540445673,100.0
670,2,38.03807010848067,38.03807010848067,100.0
680,0,36.9287139038054,36.9287139038054,100.0
680,1,36.997163735310174,36.997163735310174,100.0
680,2,26.074122360884424,26.074122360884424,100.0
690,0,27.20688658714424,27.20688658714424,100.0
690,1,48.41155990054408,48.41155990054408,100.0
690,2,24.381553512311683,24.381553512311683,100.0
700,0,34.05803457534776,34.05803457534776,100.0
700,1,29.21893199574451,29.21893199574451,100.0
700,2,36.72303342890774,36.72303342890774,100.0
710,0,31.746924745990203,31.746924745990203,100.0
710,1,45.36700205972129,45.36700205972129,100.0
710,2,22.886073194288517,22.886073194288517,100.0
720,0,29.350909738954417,29.350909738954417,100.0
720,1,41.72369739834079,41.72369739834079,100.0
720,2,28.925392862704797,28.925392862704797,100.0
730,0,38.361844342507986,38.361844342507986,100.0
730,1,32.46016687409609,32.46016687409609,100.0
730,2,29.177988783395918,29.177988783395918,100.0
740,0,26.00629521286108,26.00629521286108,100.0
740,1,53.554539164833656,53.554539164833656,100.0
740,2,20.439165622305268,20.439165622305268,100.0
750,0,22.607897180372095,22.607897180372095,100.0
750,1,39.11252885094486,39.11252885094486,100.0
750,2,38.27957396868305,38.27957396868305,100.0
760,0,22.446345566025037,22.446345566025037,100.0
760,1,35.1554850752613,35.1554850752613,100.0
760,2,42.39816935871366,42.39816935871366,100.0
770,0,25.357787825790506,25.357787825790506,100.0
770,1,39.77581978001505,39.77581978001505,100.0
770,2,34.86639239419445,34.86639239419445,100.0
780,0,24.77516896156248,24.77516896156248,100.0
780,1,49.79997165037937,49.79997165037937,100.0
780,2,25.424859388058152,25.424859388058152,100.0
790,0,45.639528012971944,45.639528012971944,100.0
790,1,31.826625326236574,31.826625326236574,100.0
790,2,22.533846660791486,22.533846660791486,100.0
800,0,36.62883146122694,36.62883146122694,100.0
800,1,43.493533979731595,43.493533979731595,100.0
800,2,19.877634559041464,19.877634559041464,100.0
810,0,26.736375061313954,26.736375061313954,100.0
810,1,32.3465156377966,32.3465156377966,100.0
810,2,40.91710930088944,40.91710930088944,100.0
820,0,44.36132045528668,44.36132045528668,100.0
820,1,27.153022360979463,27.153022360979463,100.0
820,2,28.485657183733853,28.485657183733853,100.0
830,0,31.06665304943419,31.06665304943419,100.0
830,1,47.680416901752295,47.680416901752295,100.0
830,2,21.252930048813525,21.252930048813525,100.0
840,0,28.765517999063007,28.765517999063007,100.0
840,1,34.83447045489859,34.83447045489859,100.0
840,2,36.4000115460384,36.4000115460384,100.0
850,0,27.142644668098946,27.142644668098946,100.0
850,1,40.56806356710383,40.56806356710383,100.0
850,2,32.28929176479723,32.28929176479723,100.0
860,0,25.312079709991693,25.312079709991693,100.0
860,1,42.4252276628972,42.4252276628972,100.0
860,2,32.262692627111115,32.262692627111115,100.0
870,0,34.1405444477178,34.1405444477178,100.0
870,1,37.17599663264338,37.17599663264338,100.0
870,2,28.683458919638817,28.683458919638817,100.0
880,0,33.611250773195856,33.611250773195856,100.0
880,1,31.266515011982047,31.266515011982047,100.0
880,2,35.1222342148221,35.1222342148221,100.0
890,0,42.658842191371576,42.658842191371576,100.0
890,1,31.229930194341005,31.229930194341005,100.0
890,2,26.11122761428743,26.11122761428743,100.0
900,0,27.41325325073522,27.41325325073522,100.0
900,1,26.50729371217612,26.50729371217612,100.0
900,2,46.079453037088655,46.079453037088655,100.0
910,0,40.125993096576636,40.125993096576636,100.0
910,1,31.557297162043163,31.557297162043163,100.0
910,2,28.31670974138021,28.31670974138021,100.0
920,0,26.981131992421346,26.981131992421346,100.0
920,1,33.78652913005566,33.78652913005566,100.0
920,2,39.232338877522984,39.232338877522984,100.0
930,0,25.124718893174002,25.124718893174002,100.0
930,1,36.74832438994747,36.74832438994747,100.0
930,2,38.12695671687854,38.12695671687854,100.0
940,0,38.0095424665979,38.0095424665979,100.0
940,1,32.940988204185295,32.940988204185295,100.0
940,2,29.049469329216798,29.049469329216798,100.0
950,0,33.3456367682979,33.3456367682979,100.0
950,1,42.49988205575884,42.49988205575884,100.0
950,2,24.15448117594325,24.15448117594325,100.0
960,0,27.564847899506706,27.564847899506706,100.0
960,1,39.70090571473756,39.70090571473756,100.0
960,2,32.73424638575574,32.73424638575574,100.0
970,0,27.349542980519054,27.349542980519054,100.0
970,1,37.98985911498943,37.98985911498943,100.0
970,2,34.66059790449151,34.66059790449151,100.0
980,0,52.21585005846321,52.21585005846321,100.0
980,1,27.214408081192694,27.214408081192694,100.0
980,2,20.5697418603441,20.5697418603441,100.0
990,0,28.914289680805638,28.914289680805638,100.0
990,1,33.96590039692396,33.96590039692396,100.0
990,2,37.119809922270406,37.119809922270406,100.0
1000,0,36.12239383460161,36.12239383460161,100.0
1000,1,31.42159126470869,31.42159126470869,100.0
1000,2,32.4560149006897,32.4560149006897,100.0
1010,0,52.732491993027374,52.732491993027374,100.0
1010,1,26.75995630840638,26.75995630840638,100.0
1010,2,20.50755169856625,20.50755169856625,100.0
1020,0,35.633902205776,35.633902205776,100.0
1020,1,34.32073016356296,34.32073016356296,100.0
1020,2,30.045367630661033,30.045367630661033,100.0
1030,0,48.94487039791861,48.94487039791861,100.0
1030,1,25.08114149721151,25.08114149721151,100.0
1030,2,25.97398810486987,25.97398810486987,100.0
1040,0,39.68320121662668,39.68320121662668,100.0
1040,1,27.12138292970095,27.12138292970095,100.0
1040,2,33.19541585367238,33.19541585367238,100.0
1050,0,25.5603708369058,25.5603708369058,100.0
1050,1,33.66883432950803,33.66883432950803,100.0
1050,2,40.77079483358618,40.77079483358618,100.0
1060,0,36.56351538836182,36.56351538836182,100.0
1060,1,32.68299799804492,32.68299799804492,100.0
1060,2,30.75348661359326,30.75348661359326,100.0
1070,0,29.873765681404517,29.873765681404517,100.0
1070,1,43.04465878845648,43.04465878845648,100.0
1070,2,27.081575530139006,27.081575530139006,100.0
1080,0,27.787948949244722,27.787948949244722,100.0
1080,1,31.68435709363723,31.68435709363723,100.0
1080,2,40.52769395711805,40.52769395711805,100.0
1090,0,33.374011242810184,33.374011242810184,100.0
1090,1,43.68660859826114,43.68660859826114,100.0
1090,2,22.93938015892868,22.93938015892868,100.0
1100,0,26.199050277350356,26.199050277350356,100.0
1100,1,49.63224795043238,49.63224795043238,100.0
1100,2,24.168701772217272,24.168701772217272,100.0
1110,0,37.801354746170794,37.801354746170794,100.0
1110,1,33.09308352061017,33.09308352061017,100.0
1110,2,29.105561733219037,29.105561733219037,100.0
1120,0,47.38451029195772,47.38451029195772,100.0
1120,1,31.852710133681406,31.852710133681406,100.0
1120,2,20.762779574360877,20.762779574360877,100.0
1130,0,36.833877877417564,36.833877877417564,100.0
1130,1,30.486344024508305,30.486344024508305,100.0
1130,2,32.67977809807414,32.67977809807414,100.0
1140,0,45.36508975860842,45.36508975860842,100.0
1140,1,32.33810262001974,32.33810262001974,100.0
1140,2,22.296807621371833,22.296807621371833,100.0
1150,0,25.699185467303437,25.699185467303437,100.0
1150,1,33.39918786245434,33.39918786245434,100.0
1150,2,40.90162667024222,40.90162667024222,100.0
1160,0,32.183955469762296,32.183955469762296,100.0
1160,1,36.16754227195431,36.16754227195431,100.0
1160,2,31.64850225828339,31.64850225828339,100.0
1170,0,42.819797574527726,42.819797574527726,100.0
1170,1,26.44830579463561,26.44830579463561,100.0
1170,2,30.731896630836665,30.731896630836665,100.0
1180,0,24.265790998114724,24.265790998114724,100.0
1180,1,45.92030003566337,45.92030003566337,100.0
1180,2,29.813908966221913,29.813908966221913,100.0
1190,0,22.802333988481557,22.802333988481557,100.0
1190,1,35.66354126680416,35.66354126680416,100.0
1190,2,41.53412474471429,41.53412474471429,100.0
1200,0,34.0191242345975,34.0191242345975,100.0
1200,1,42.186618984927726,42.186618984927726,100.0
1200,2,23.794256780474775,23.794256780474775,100.0
1210,0,28.8777743531237,28.8777743531237,100.0
1210,1,43.34050068625104,43.34050068625104,100.0
1210,2,27.781724960625255,27.781724960625255,100.0
1220,0,40.24889724109685,40.24889724109685,100.0
1220,1,29.26361756196261,29.26361756196261,100.0
1220,2,30.487485196940533,30.487485196940533,100.0
1230,0,48.13763755209634,48.13763755209634,100.0
1230,1,28.201208644613107,28.201208644613107,100.0
1230,2,23.661153803290556,23.661153803290556,100.0
1240,0,52.84641198162462,52.84641198162462,100.0
1240,1,26.929933020371198,26.929933020371198,100.0
1240,2,20.223654998004186,20.223654998004186,100.0
1250,0,34.22559691365393,34.22559691365393,100.0
1250,1,29.623469096220635,29.623469096220635,100.0
1250,2,36.15093399012545,36.15093399012545,100.0
1260,0,39.75299131578113,39.75299131578113,100.0
1260,1,30.217695614348383,30.217695614348383,100.0
1260,2,30.0293130698705,30.0293130698705,100.0
1270,0,23.59329916607548,23.59329916607548,100.0
1270,1,41.87966191013789,41.87966191013789,100.0
1270,2,34.52703892378663,34.52703892378663,100.0
1280,0,36.3965660061465,36.3965660061465,100.0
1280,1,34.08654258076345,34.08654258076345,100.0
1280,2,29.516891413090047,29.516891413090047,100.0
1290,0,33.99614092544637,33.99614092544637,100.0
1290,1,26.500592033981302,26.500592033981302,100.0
1290,2,39.50326704057232,39.50326704057232,100.0
1300,0,35.56439483026495,35.56439483026495,100.0
1300,1,38.68792044672788,38.68792044672788,100.0
1300,2,25.747684723007175,25.747684723007175,100.0
1310,0,27.683252692340588,27.683252692340588,100.0
1310,1,48.48443103479912,48.48443103479912,100.0
1310,2,23.83231627286029,23.83231627286029,100.0
1320,0,25.16151618698343,25.16151618698343,100.0
1320,1,40.30569285555343,40.30569285555343,100.0
1320,2,34.53279095746314,34.53279095746314,100.0
1330,0,35.11610066202543,35.11610066202543,100.0
1330,1,46.03265772088096,46.03265772088096,100.0
1330,2,18.851241617093606,18.851241617093606,100.0
1340,0,47.01914036566378,47.01914036566378,100.0
1340,1,27.37764650815631,27.37764650815631,100.0
1340,2,25.603213126179913,25.603213126179913,100.0
1350,0,30.547984913720793,30.547984913720793,100.0
1350,1,33.29065186423007,33.29065186423007,100.0
1350,2,36.16136322204914,36.16136322204914,100.0
1360,0,27.43565539701039,27.43565539701039,100.0
1360,1,39.27198079023928,39.27198079023928,100.0
1360,2,33.292363812750324,33.292363812750324,100.0
1370,0,37.881589923578375,37.881589923578375,100.0
1370,1,27.171707993767818,27.171707993767818,100.0
1370,2,34.946702082653815,34.946702082653815,100.0
1380,0,23.49783955514371,23.49783955514371,100.0
1380,1,50.87667184666269,50.87667184666269,100.0
1380,2,25.625488598193602,25.625488598193602,100.0
1390,0,39.822337707212526,39.822337707212526,100.0
1390,1,29.63201660955972,29.63201660955972,100.0
1390,2,30.54564568322775,30.54564568322775,100.0
1400,0,46.0034989371483,46.0034989371483,100.0
1400,1,33.616231825790365,33.616231825790365,100.0
1400,2,20.38026923706133,20.38026923706133,100.0
1410,0,30.884886104959275,30.884886104959275,100.0
1410,1,43.50265476229861,43.50265476229861,100.0
1410,2,25.61245913274212,25.61245913274212,100.0
1420,0,24.45031002423676,24.45031002423676,100.0
1420,1,47.33942026492103,47.33942026492103,100.0
1420,2,28.210269710842212,28.210269710842212,100.0
1430,0,47.98476256573975,47.98476256573975,100.0
1430,1,29.284398384748688,29.284398384748688,100.0
1430,2,22.73083904951157,22.73083904951157,100.0
1440,0,25.174937153855325,25.174937153855325,100.0
1440,1,51.9672987085007,51.9672987085007,100.0
1440,2,22.857764137643965,22.857764137643965,100.0
1450,0,23.67189137276228,23.67189137276228,100.0
1450,1,47.43780188663212,47.43780188663212,100.0
1450,2,28.8903067406056,28.8903067406056,100.0
1460,0,34.2507019116415,34.2507019116415,100.0
1460,1,32.77212679965857,32.77212679965857,100.0
1460,2,32.97717128869992,32.97717128869992,100.0
1470,0,32.71832265934837,32.71832265934837,100.0
1470,1,49.039253120767576,49.039253120767576,100.0
1470,2,18.242424219884057,18.242424219884057,100.0
1480,0,38.913708587685704,38.913708587685704,100.0
1480,1,32.18715476820338,32.18715476820338,100.0
1480,2,28.899136644110918,28.899136644110918,100.0
1490,0,39.46993540112713,39.46993540112713,100.0
1490,1,24.27682724745749,24.27682724745749,100.0
1490,2,36.25323735141538,36.25323735141538,100.0
1500,0,42.78818329053412,42.78818329053412,100.0
1500,1,32.55058725808808,32.55058725808808,100.0
1500,2,24.661229451377803,24.661229451377803,100.0
