timestamp,ueImsi,sliceId,dTxBytes,dRxBytes,plr,resourceSharePct,dLostPackets,throughputMbps,bufferBytes
1510,1,0,18336,10696,41.67,16.66,5,8.5568,10041
1510,2,0,18336,7640,58.33,16.66,7,6.1120,529678
1510,3,0,18336,0,100.00,16.66,12,0.0000,255678
1510,4,0,18336,4584,75.00,16.66,9,3.6672,1072669
1510,5,0,18336,0,100.00,16.66,12,0.0000,1711390
1510,6,1,390,546,0.00,20.00,0,0.4368,169
1510,7,1,390,390,0.00,20.00,0,0.3120,87
1510,8,1,390,0,100.00,20.00,5,0.0000,169
1510,9,1,390,0,100.00,20.00,5,0.0000,169
1510,10,1,390,390,0.00,20.00,0,0.3120,87
1510,11,2,384,256,33.33,63.33,1,0.2048,80
1510,12,2,384,256,33.33,63.33,1,0.2048,137
1510,13,2,384,256,33.33,63.33,1,0.2048,137
1510,14,2,384,0,100.00,63.33,3,0.0000,269
1510,15,2,384,0,100.00,63.33,3,0.0000,137
1510,16,2,384,256,33.33,63.33,1,0.2048,137
1510,17,2,384,256,33.33,63.33,1,0.2048,137
1510,18,2,384,0,100.00,63.33,3,0.0000,137
1510,19,2,384,256,33.33,63.33,1,0.2048,137
1510,20,2,384,128,66.67,63.33,2,0.1024,137
