timestamp,ueImsi,sliceId,dTxBytes,dRxBytes,plr,resourceSharePct,dLostPackets,throughputMbps,bufferBytes
1510,1,0,35144,33616,4.35,46.66,1,26.8928,423175
1510,2,0,35144,18336,47.83,46.66,11,14.6688,1677376
1510,3,1,1014,0,100.00,40.00,13,0.0000,87
1510,4,1,1014,936,7.69,40.00,1,0.7488,87
1510,5,2,256,0,100.00,13.33,2,0.0000,132
1510,6,2,256,1408,0.00,13.33,0,1.1264,137
1510,7,2,256,256,0.00,13.33,0,0.2048,137
1510,8,2,256,0,100.00,13.33,2,0.0000,401
1510,9,2,256,0,100.00,13.33,2,0.0000,137
1510,10,2,256,256,0.00,13.33,0,0.2048,137
