timestamp,ueImsi,sliceId,dTxBytes,dRxBytes,plr,resourceSharePct,dLostPackets,throughputMbps,bufferBytes
560,1,0,24448,3056,87.50,29.48,14,2.4448,135825
560,2,0,24448,3056,87.50,29.48,14,2.4448,135712
560,3,0,24448,3056,87.50,29.48,14,2.4448,135718
560,4,0,24448,1528,93.75,29.48,15,1.2224,135718
560,5,0,24448,3056,87.50,29.48,14,2.4448,135717
560,6,1,390,312,20.00,44.10,1,0.2496,169
560,7,1,390,312,20.00,44.10,1,0.2496,169
560,8,1,390,312,20.00,44.10,1,0.2496,169
560,9,1,390,312,20.00,44.10,1,0.2496,169
560,10,1,390,312,20.00,44.10,1,0.2496,169
560,11,2,16000,768,95.20,26.42,119,0.6144,89507
560,12,2,16000,768,95.20,26.42,119,0.6144,89616
560,13,2,16000,768,95.20,26.42,119,0.6144,89518
560,14,2,16000,768,95.20,26.42,119,0.6144,89518
560,15,2,16000,896,94.40,26.42,118,0.7168,89596
560,16,2,16000,896,94.40,26.42,118,0.7168,89605
560,17,2,16000,896,94.40,26.42,118,0.7168,89602
560,18,2,16000,768,95.20,26.42,119,0.6144,89578
560,19,2,16000,768,95.20,26.42,119,0.6144,89578
560,20,2,16000,896,94.40,26.42,118,0.7168,89588
