timestamp_ms,ue_id,slice,thr_mbps,tx_bytes_delta,rx_bytes_delta,tx_packets_delta,rx_packets_delta,loss_pct_interval,buffer_bytes,dropped_packets_delta,rsh_configured_pct
510,1,eMBB,0.0000,16808,0,11,0,0.00,1537,0,33.33
510,2,eMBB,4.8896,16808,6112,11,4,0.00,1537,0,33.33
510,3,eMBB,4.8896,16808,6112,11,4,0.00,1537,0,33.33
510,4,eMBB,0.0000,16808,0,11,0,0.00,1537,0,33.33
510,5,eMBB,0.0000,16808,0,11,0,0.00,1537,0,33.33
510,6,URLLC,0.0624,312,78,4,1,0.00,87,0,40.00
510,7,URLLC,0.0000,312,0,4,0,0.00,87,0,40.00
510,8,URLLC,0.0624,312,78,4,1,0.00,87,0,40.00
510,9,URLLC,0.0624,312,78,4,1,0.00,87,0,40.00
510,10,URLLC,0.0624,312,78,4,1,0.00,87,0,40.00
510,11,MTC,0.0000,256,0,2,0,0.00,0,0,26.67
510,12,MTC,0.0000,256,0,2,0,0.00,0,0,26.67
510,13,MTC,0.0000,256,0,2,0,0.00,0,0,26.67
510,14,MTC,0.0000,256,0,2,0,0.00,0,0,26.67
510,15,MTC,0.0000,256,0,2,0,0.00,0,0,26.67
510,16,MTC,0.0000,256,0,2,0,0.00,0,0,26.67
510,17,MTC,0.0000,256,0,2,0,0.00,0,0,26.67
510,18,MTC,0.0000,256,0,2,0,0.00,0,0,26.67
510,19,MTC,0.0000,256,0,2,0,0.00,0,0,26.67
510,20,MTC,0.0000,256,0,2,0,0.00,0,0,26.67
520,1,eMBB,0.0000,18336,0,12,0,0.00,1537,0,29.11
520,2,eMBB,0.0000,18336,0,12,0,0.00,1537,0,29.11
520,3,eMBB,0.0000,18336,0,12,0,0.00,1537,0,29.11
520,4,eMBB,4.8896,18336,6112,12,4,0.00,1537,0,29.11
520,5,eMBB,0.0000,18336,0,12,0,0.00,1537,0,29.11
520,6,URLLC,0.0000,390,0,5,0,0.00,87,0,30.99
520,7,URLLC,0.0000,390,0,5,0,0.00,87,0,30.99
520,8,URLLC,0.0000,390,0,5,0,0.00,87,0,30.99
520,9,URLLC,0.0000,390,0,5,0,0.00,87,0,30.99
520,10,URLLC,0.0000,390,0,5,0,0.00,87,0,30.99
520,11,MTC,0.0000,256,0,2,0,0.00,0,0,39.90
520,12,MTC,0.0000,256,0,2,0,0.00,0,0,39.90
520,13,MTC,0.0000,256,0,2,0,0.00,0,0,39.90
520,14,MTC,0.0000,256,0,2,0,0.00,0,0,39.90
520,15,MTC,0.0000,256,0,2,0,0.00,0,0,39.90
520,16,MTC,0.0000,256,0,2,0,0.00,0,0,39.90
520,17,MTC,0.0000,256,0,2,0,0.00,0,0,39.90
520,18,MTC,0.0000,256,0,2,0,0.00,0,0,39.90
520,19,MTC,0.0000,256,0,2,0,0.00,0,0,39.90
520,20,MTC,0.0000,256,0,2,0,0.00,0,0,39.90
530,1,eMBB,0.0000,16808,0,11,0,0.00,1537,0,52.97
530,2,eMBB,0.0000,16808,0,11,0,0.00,1537,0,52.97
530,3,eMBB,0.0000,16808,0,11,0,0.00,1537,0,52.97
530,4,eMBB,0.0000,16808,0,11,0,0.00,1537,0,52.97
530,5,eMBB,0.0000,16808,0,11,0,0.00,1537,0,52.97
530,6,URLLC,0.0000,390,0,5,0,0.00,87,0,26.09
530,7,URLLC,0.0000,390,0,5,0,0.00,87,0,26.09
530,8,URLLC,0.0000,390,0,5,0,0.00,87,0,26.09
530,9,URLLC,0.0000,390,0,5,0,0.00,87,0,26.09
530,10,URLLC,0.0000,390,0,5,0,0.00,87,0,26.09
530,11,MTC,0.0000,384,0,3,0,0.00,0,0,20.94
530,12,MTC,0.0000,384,0,3,0,0.00,0,0,20.94
530,13,MTC,0.0000,384,0,3,0,0.00,0,0,20.94
530,14,MTC,0.0000,384,0,3,0,0.00,0,0,20.94
530,15,MTC,0.0000,384,0,3,0,0.00,0,0,20.94
530,16,MTC,0.0000,384,0,3,0,0.00,0,0,20.94
530,17,MTC,0.0000,384,0,3,0,0.00,0,0,20.94
530,18,MTC,0.0000,384,0,3,0,0.00,0,0,20.94
530,19,MTC,0.0000,384,0,3,0,0.00,0,0,20.94
530,20,MTC,0.0000,384,0,3,0,0.00,0,0,20.94
540,1,eMBB,0.0000,18336,0,12,0,0.00,54039,0,27.88
540,2,eMBB,0.0000,18336,0,12,0,0.00,54854,0,27.88
540,3,eMBB,0.0000,18336,0,12,0,0.00,54526,0,27.88
540,4,eMBB,0.0000,18336,0,12,0,0.00,54864,0,27.88
540,5,eMBB,0.0000,18336,0,12,0,0.00,54000,0,27.88
540,6,URLLC,0.9984,390,1248,5,16,0.00,87,0,36.47
540,7,URLLC,0.0000,390,0,5,0,0.00,87,0,36.47
540,8,URLLC,0.9984,390,1248,5,16,0.00,87,0,36.47
540,9,URLLC,0.9360,390,1170,5,15,0.00,87,0,36.47
540,10,URLLC,0.9360,390,1170,5,15,0.00,562,0,36.47
540,11,MTC,0.5120,256,640,2,5,0.00,334,0,35.65
540,12,MTC,0.6144,256,768,2,6,0.00,337,0,35.65
540,13,MTC,0.5120,256,640,2,5,0.00,334,0,35.65
540,14,MTC,0.5120,256,640,2,5,0.00,334,0,35.65
540,15,MTC,0.5120,256,640,2,5,0.00,334,0,35.65
540,16,MTC,0.0000,256,0,2,0,0.00,337,0,35.65
540,17,MTC,0.6144,256,768,2,6,0.00,337,0,35.65
540,18,MTC,0.0000,256,0,2,0,0.00,337,0,35.65
540,19,MTC,0.6144,256,768,2,6,0.00,337,0,35.65
540,20,MTC,0.6144,256,768,2,6,0.00,337,0,35.65
550,1,eMBB,0.0000,18336,0,12,0,0.00,54039,0,33.97
550,2,eMBB,0.0000,18336,0,12,0,0.00,54854,0,33.97
550,3,eMBB,0.0000,18336,0,12,0,0.00,54526,0,33.97
550,4,eMBB,0.0000,18336,0,12,0,0.00,54864,0,33.97
550,5,eMBB,0.0000,18336,0,12,0,0.00,54000,0,33.97
550,6,URLLC,0.0000,390,0,5,0,0.00,87,0,32.56
550,7,URLLC,0.0000,390,0,5,0,0.00,87,0,32.56
550,8,URLLC,0.0000,390,0,5,0,0.00,87,0,32.56
550,9,URLLC,0.0000,390,0,5,0,0.00,87,0,32.56
550,10,URLLC,0.0000,390,0,5,0,0.00,562,0,32.56
550,11,MTC,0.0000,384,0,3,0,0.00,334,0,33.46
550,12,MTC,0.0000,384,0,3,0,0.00,337,0,33.46
550,13,MTC,0.0000,384,0,3,0,0.00,334,0,33.46
550,14,MTC,0.0000,384,0,3,0,0.00,334,0,33.46
550,15,MTC,0.0000,384,0,3,0,0.00,334,0,33.46
550,16,MTC,0.0000,384,0,3,0,0.00,337,0,33.46
550,17,MTC,0.0000,384,0,3,0,0.00,337,0,33.46
550,18,MTC,0.0000,384,0,3,0,0.00,337,0,33.46
550,19,MTC,0.0000,384,0,3,0,0.00,337,0,33.46
550,20,MTC,0.0000,384,0,3,0,0.00,337,0,33.46
560,1,eMBB,0.0000,16808,0,11,0,0.00,90717,0,31.56
560,2,eMBB,0.0000,16808,0,11,0,0.00,97735,0,31.56
560,3,eMBB,0.0000,16808,0,11,0,0.00,97376,0,31.56
560,4,eMBB,0.0000,16808,0,11,0,0.00,97574,0,31.56
560,5,eMBB,0.0000,16808,0,11,0,0.00,96767,0,31.56
560,6,URLLC,0.1872,390,234,5,3,0.00,619,0,30.95
560,7,URLLC,0.0000,390,0,5,0,0.00,921,0,30.95
560,8,URLLC,0.1872,390,234,5,3,0.00,619,0,30.95
560,9,URLLC,0.0000,390,0,5,0,0.00,632,0,30.95
560,10,URLLC,0.0000,390,0,5,0,0.00,933,0,30.95
560,11,MTC,0.1024,256,128,2,1,0.00,1035,0,37.49
560,12,MTC,0.1024,256,128,2,1,0.00,836,0,37.49
560,13,MTC,0.2048,256,256,2,2,0.00,840,0,37.49
560,14,MTC,0.2048,256,256,2,2,0.00,840,0,37.49
560,15,MTC,0.0000,256,0,2,0,0.00,1107,0,37.49
560,16,MTC,0.0000,256,0,2,0,0.00,954,0,37.49
560,17,MTC,0.1024,256,128,2,1,0.00,836,0,37.49
560,18,MTC,0.0000,256,0,2,0,0.00,1083,0,37.49
560,19,MTC,0.1024,256,128,2,1,0.00,836,0,37.49
560,20,MTC,0.1024,256,128,2,1,0.00,836,0,37.49
570,1,eMBB,0.0000,18336,0,12,0,0.00,113508,0,26.09
570,2,eMBB,0.0000,18336,0,12,0,0.00,114361,0,26.09
570,3,eMBB,1.2224,18336,1528,12,1,0.00,113237,0,26.09
570,4,eMBB,1.2224,18336,1528,12,1,0.00,111937,0,26.09
570,5,eMBB,0.0000,18336,0,12,0,0.00,108264,0,26.09
570,6,URLLC,0.8112,390,1014,5,13,0.00,87,0,35.80
570,7,URLLC,0.0000,390,0,5,0,0.00,421,0,35.80
570,8,URLLC,0.8112,390,1014,5,13,0.00,87,0,35.80
570,9,URLLC,0.3120,390,390,5,5,0.00,87,0,35.80
570,10,URLLC,0.0000,390,0,5,0,0.00,169,0,35.80
570,11,MTC,1.0240,384,1280,3,10,0.00,137,0,38.11
570,12,MTC,0.9216,384,1152,3,9,0.00,137,0,38.11
570,13,MTC,0.9216,384,1152,3,9,0.00,137,0,38.11
570,14,MTC,0.9216,384,1152,3,9,0.00,137,0,38.11
570,15,MTC,1.0240,384,1280,3,10,0.00,151,0,38.11
570,16,MTC,0.0000,384,0,3,0,0.00,1096,0,38.11
570,17,MTC,0.9216,384,1152,3,9,0.00,137,0,38.11
570,18,MTC,0.0000,384,0,3,0,0.00,177,0,38.11
570,19,MTC,0.9216,384,1152,3,9,0.00,137,0,38.11
570,20,MTC,0.9216,384,1152,3,9,0.00,137,0,38.11
580,1,eMBB,0.0000,18336,0,12,0,0.00,128464,0,29.93
580,2,eMBB,0.0000,18336,0,12,0,0.00,129180,0,29.93
580,3,eMBB,1.2224,18336,1528,12,1,0.00,126869,0,29.93
580,4,eMBB,1.2224,18336,1528,12,1,0.00,124191,0,29.93
580,5,eMBB,0.0000,18336,0,12,0,0.00,127582,0,29.93
580,6,URLLC,0.3120,390,390,5,5,0.00,87,0,26.61
580,7,URLLC,0.0000,390,0,5,0,0.00,87,0,26.61
580,8,URLLC,0.3120,390,390,5,5,0.00,87,0,26.61
580,9,URLLC,0.0624,390,78,5,1,0.00,87,0,26.61
580,10,URLLC,0.0000,390,0,5,0,0.00,87,0,26.61
580,11,MTC,0.3072,256,384,2,3,0.00,137,0,43.46
580,12,MTC,0.3072,256,384,2,3,0.00,137,0,43.46
580,13,MTC,0.3072,256,384,2,3,0.00,137,0,43.46
580,14,MTC,0.3072,256,384,2,3,0.00,137,0,43.46
580,15,MTC,0.4096,256,512,2,4,0.00,137,0,43.46
580,16,MTC,0.0000,256,0,2,0,0.00,583,0,43.46
580,17,MTC,0.3072,256,384,2,3,0.00,137,0,43.46
580,18,MTC,0.0000,256,0,2,0,0.00,74,0,43.46
580,19,MTC,0.3072,256,384,2,3,0.00,137,0,43.46
580,20,MTC,0.3072,256,384,2,3,0.00,137,0,43.46
590,1,eMBB,0.0000,16808,0,11,0,0.00,132287,0,34.77
590,2,eMBB,1.2224,16808,1528,11,1,0.00,148233,0,34.77
590,3,eMBB,1.2224,16808,1528,11,1,0.00,144091,0,34.77
590,4,eMBB,3.6672,16808,4584,11,3,0.00,137447,0,34.77
590,5,eMBB,0.0000,16808,0,11,0,0.00,135755,0,34.77
590,6,URLLC,0.3120,390,390,5,5,0.00,87,0,31.36
590,7,URLLC,0.0000,390,0,5,0,0.00,87,0,31.36
590,8,URLLC,0.3120,390,390,5,5,0.00,87,0,31.36
590,9,URLLC,0.0000,390,0,5,0,0.00,87,0,31.36
590,10,URLLC,0.0000,390,0,5,0,0.00,87,0,31.36
590,11,MTC,0.2048,384,256,3,2,0.00,86,0,33.88
590,12,MTC,0.2048,384,256,3,2,0.00,137,0,33.88
590,13,MTC,0.2048,384,256,3,2,0.00,137,0,33.88
590,14,MTC,0.2048,384,256,3,2,0.00,137,0,33.88
590,15,MTC,0.2048,384,256,3,2,0.00,21,0,33.88
590,16,MTC,0.0000,384,0,3,0,0.00,583,0,33.88
590,17,MTC,0.2048,384,256,3,2,0.00,137,0,33.88
590,18,MTC,0.0000,384,0,3,0,0.00,86,0,33.88
590,19,MTC,0.2048,384,256,3,2,0.00,137,0,33.88
590,20,MTC,0.2048,384,256,3,2,0.00,137,0,33.88
600,1,eMBB,0.0000,18336,0,12,0,0.00,164042,0,25.34
600,2,eMBB,2.4448,18336,3056,12,2,0.00,163477,0,25.34
600,3,eMBB,6.1120,18336,7640,12,5,0.00,155473,0,25.34
600,4,eMBB,0.0000,18336,0,12,0,0.00,152305,0,25.34
600,5,eMBB,0.0000,18336,0,12,0,0.00,159975,0,25.34
600,6,URLLC,0.3120,390,390,5,5,0.00,87,0,42.97
600,7,URLLC,0.0000,390,0,5,0,0.00,87,0,42.97
600,8,URLLC,0.3120,390,390,5,5,0.00,87,0,42.97
600,9,URLLC,0.0000,390,0,5,0,0.00,87,0,42.97
600,10,URLLC,0.0000,390,0,5,0,0.00,87,0,42.97
600,11,MTC,0.3072,256,384,2,3,0.00,47,0,31.69
600,12,MTC,0.3072,256,384,2,3,0.00,137,0,31.69
600,13,MTC,0.3072,256,384,2,3,0.00,137,0,31.69
600,14,MTC,0.3072,256,384,2,3,0.00,137,0,31.69
600,15,MTC,0.3072,256,384,2,3,0.00,106,0,31.69
600,16,MTC,0.0000,256,0,2,0,0.00,887,0,31.69
600,17,MTC,0.3072,256,384,2,3,0.00,137,0,31.69
600,18,MTC,0.0000,256,0,2,0,0.00,86,0,31.69
600,19,MTC,0.3072,256,384,2,3,0.00,137,0,31.69
600,20,MTC,0.3072,256,384,2,3,0.00,137,0,31.69
610,1,eMBB,0.0000,18336,0,12,0,0.00,164042,0,23.09
610,2,eMBB,2.4448,18336,3056,12,2,0.00,177816,0,23.09
610,3,eMBB,4.8896,18336,6112,12,4,0.00,166446,0,23.09
610,4,eMBB,0.0000,18336,0,12,0,0.00,162551,0,23.09
610,5,eMBB,0.0000,18336,0,12,0,0.00,179748,0,23.09
610,6,URLLC,0.3120,390,390,5,5,0.00,87,0,41.77
610,7,URLLC,0.0000,390,0,5,0,0.00,1153,0,41.77
610,8,URLLC,0.3120,390,390,5,5,0.00,87,0,41.77
610,9,URLLC,0.0000,390,0,5,0,0.00,87,0,41.77
610,10,URLLC,0.0000,390,0,5,0,0.00,87,0,41.77
610,11,MTC,0.2048,384,256,3,2,0.00,137,0,35.14
610,12,MTC,0.2048,384,256,3,2,0.00,137,0,35.14
610,13,MTC,0.2048,384,256,3,2,0.00,137,0,35.14
610,14,MTC,0.2048,384,256,3,2,0.00,137,0,35.14
610,15,MTC,0.2048,384,256,3,2,0.00,137,0,35.14
610,16,MTC,0.0000,384,0,3,0,0.00,887,0,35.14
610,17,MTC,0.2048,384,256,3,2,0.00,137,0,35.14
610,18,MTC,0.0000,384,0,3,0,0.00,137,0,35.14
610,19,MTC,0.2048,384,256,3,2,0.00,137,0,35.14
610,20,MTC,0.2048,384,256,3,2,0.00,137,0,35.14
620,1,eMBB,0.0000,16808,0,11,0,0.00,198788,0,35.71
620,2,eMBB,2.4448,16808,3056,11,2,0.00,193633,0,35.71
620,3,eMBB,4.8896,16808,6112,11,4,0.00,179527,0,35.71
620,4,eMBB,0.0000,16808,0,11,0,0.00,174201,0,35.71
620,5,eMBB,0.0000,16808,0,11,0,0.00,186561,0,35.71
620,6,URLLC,0.2496,390,312,5,4,0.00,87,0,29.72
620,7,URLLC,0.0000,390,0,5,0,0.00,1159,0,29.72
620,8,URLLC,0.2496,390,312,5,4,0.00,87,0,29.72
620,9,URLLC,0.0000,390,0,5,0,0.00,87,0,29.72
620,10,URLLC,0.0000,390,0,5,0,0.00,737,0,29.72
620,11,MTC,0.2048,256,256,2,2,0.00,137,0,34.57
620,12,MTC,0.2048,256,256,2,2,0.00,137,0,34.57
620,13,MTC,0.2048,256,256,2,2,0.00,137,0,34.57
620,14,MTC,0.2048,256,256,2,2,0.00,137,0,34.57
620,15,MTC,0.2048,256,256,2,2,0.00,87,0,34.57
620,16,MTC,0.0000,256,0,2,0,0.00,1359,0,34.57
620,17,MTC,0.2048,256,256,2,2,0.00,137,0,34.57
620,18,MTC,0.0000,256,0,2,0,0.00,137,0,34.57
620,19,MTC,0.2048,256,256,2,2,0.00,137,0,34.57
620,20,MTC,0.2048,256,256,2,2,0.00,137,0,34.57
630,1,eMBB,0.0000,18336,0,12,0,0.00,216547,0,44.11
630,2,eMBB,2.4448,18336,3056,12,2,0.00,206760,0,44.11
630,3,eMBB,6.1120,18336,7640,12,5,0.00,188884,0,44.11
630,4,eMBB,0.0000,18336,0,12,0,0.00,186637,0,44.11
630,5,eMBB,0.0000,18336,0,12,0,0.00,202626,0,44.11
630,6,URLLC,0.3120,390,390,5,5,0.00,87,0,29.36
630,7,URLLC,0.0000,390,0,5,0,0.00,1025,0,29.36
630,8,URLLC,0.3120,390,390,5,5,0.00,87,0,29.36
630,9,URLLC,0.5616,390,702,5,9,0.00,87,0,29.36
630,10,URLLC,0.0000,390,0,5,0,0.00,672,0,29.36
630,11,MTC,0.3072,384,384,3,3,0.00,137,0,26.53
630,12,MTC,0.3072,384,384,3,3,0.00,137,0,26.53
630,13,MTC,0.3072,384,384,3,3,0.00,137,0,26.53
630,14,MTC,0.3072,384,384,3,3,0.00,137,0,26.53
630,15,MTC,0.3072,384,384,3,3,0.00,137,0,26.53
630,16,MTC,0.0000,384,0,3,0,0.00,1359,0,26.53
630,17,MTC,0.3072,384,384,3,3,0.00,137,0,26.53
630,18,MTC,0.0000,384,0,3,0,0.00,171,0,26.53
630,19,MTC,0.3072,384,384,3,3,0.00,137,0,26.53
630,20,MTC,0.2048,384,256,3,2,0.00,137,0,26.53
640,1,eMBB,0.0000,18336,0,12,0,0.00,231079,0,28.59
640,2,eMBB,3.6672,18336,4584,12,3,0.00,222066,0,28.59
640,3,eMBB,4.8896,18336,6112,12,4,0.00,201049,0,28.59
640,4,eMBB,0.0000,18336,0,12,0,0.00,201532,0,28.59
640,5,eMBB,0.0000,18336,0,12,0,0.00,226056,0,28.59
640,6,URLLC,0.3744,390,468,5,6,0.00,87,0,32.54
640,7,URLLC,0.0000,390,0,5,0,0.00,1025,0,32.54
640,8,URLLC,0.3744,390,468,5,6,0.00,87,0,32.54
640,9,URLLC,0.0000,390,0,5,0,0.00,169,0,32.54
640,10,URLLC,0.0000,390,0,5,0,0.00,672,0,32.54
640,11,MTC,0.3072,256,384,2,3,0.00,137,0,38.87
640,12,MTC,0.3072,256,384,2,3,0.00,137,0,38.87
640,13,MTC,0.3072,256,384,2,3,0.00,137,0,38.87
640,14,MTC,0.3072,256,384,2,3,0.00,137,0,38.87
640,15,MTC,0.2048,256,256,2,2,0.00,83,0,38.87
640,16,MTC,0.0000,256,0,2,0,0.00,1777,0,38.87
640,17,MTC,0.3072,256,384,2,3,0.00,137,0,38.87
640,18,MTC,0.0000,256,0,2,0,0.00,137,0,38.87
640,19,MTC,0.3072,256,384,2,3,0.00,137,0,38.87
640,20,MTC,0.4096,256,512,2,4,0.00,137,0,38.87
650,1,eMBB,0.0000,16808,0,11,0,0.00,241586,0,24.56
650,2,eMBB,2.4448,16808,3056,11,2,0.00,234646,0,24.56
650,3,eMBB,6.1120,16808,7640,11,5,0.00,210587,0,24.56
650,4,eMBB,0.0000,16808,0,11,0,0.00,214243,0,24.56
650,5,eMBB,0.0000,16808,0,11,0,0.00,241595,0,24.56
650,6,URLLC,0.3120,390,390,5,5,0.00,87,0,41.30
650,7,URLLC,0.0000,390,0,5,0,0.00,251,0,41.30
650,8,URLLC,0.3120,390,390,5,5,0.00,87,0,41.30
650,9,URLLC,0.0000,390,0,5,0,0.00,169,0,41.30
650,10,URLLC,0.0000,390,0,5,0,0.00,672,0,41.30
650,11,MTC,0.2048,384,256,3,2,0.00,137,0,34.13
650,12,MTC,0.2048,384,256,3,2,0.00,137,0,34.13
650,13,MTC,0.2048,384,256,3,2,0.00,137,0,34.13
650,14,MTC,0.2048,384,256,3,2,0.00,137,0,34.13
650,15,MTC,0.3072,384,384,3,3,0.00,79,0,34.13
650,16,MTC,0.0000,384,0,3,0,0.00,1777,0,34.13
650,17,MTC,0.2048,384,256,3,2,0.00,137,0,34.13
650,18,MTC,0.0000,384,0,3,0,0.00,401,0,34.13
650,19,MTC,0.2048,384,256,3,2,0.00,137,0,34.13
650,20,MTC,0.2048,384,256,3,2,0.00,137,0,34.13
660,1,eMBB,0.0000,18336,0,12,0,0.00,241586,0,31.09
660,2,eMBB,2.4448,18336,3056,12,2,0.00,249240,0,31.09
660,3,eMBB,4.8896,18336,6112,12,4,0.00,221362,0,31.09
660,4,eMBB,0.0000,18336,0,12,0,0.00,227557,0,31.09
660,5,eMBB,0.0000,18336,0,12,0,0.00,247479,0,31.09
660,6,URLLC,0.3120,390,390,5,5,0.00,87,0,41.71
660,7,URLLC,0.0000,390,0,5,0,0.00,333,0,41.71
660,8,URLLC,0.3120,390,390,5,5,0.00,87,0,41.71
660,9,URLLC,0.0000,390,0,5,0,0.00,87,0,41.71
660,10,URLLC,0.0000,390,0,5,0,0.00,1506,0,41.71
660,11,MTC,0.3072,256,384,2,3,0.00,15,0,27.20
660,12,MTC,0.3072,256,384,2,3,0.00,137,0,27.20
660,13,MTC,0.3072,256,384,2,3,0.00,137,0,27.20
660,14,MTC,0.3072,256,384,2,3,0.00,137,0,27.20
660,15,MTC,0.3072,256,384,2,3,0.00,91,0,27.20
660,16,MTC,0.0000,256,0,2,0,0.00,1826,0,27.20
660,17,MTC,0.3072,256,384,2,3,0.00,137,0,27.20
660,18,MTC,0.0000,256,0,2,0,0.00,525,0,27.20
660,19,MTC,0.3072,256,384,2,3,0.00,137,0,27.20
660,20,MTC,0.3072,256,384,2,3,0.00,137,0,27.20
670,1,eMBB,0.0000,18336,0,12,0,0.00,277658,0,27.18
670,2,eMBB,1.2224,18336,1528,12,1,0.00,264972,0,27.18
670,3,eMBB,3.6672,18336,4584,12,3,0.00,234059,0,27.18
670,4,eMBB,0.0000,18336,0,12,0,0.00,239247,0,27.18
670,5,eMBB,0.0000,18336,0,12,0,0.00,273881,0,27.18
670,6,URLLC,0.3120,390,390,5,5,0.00,87,0,31.18
670,7,URLLC,0.0000,390,0,5,0,0.00,333,0,31.18
670,8,URLLC,0.3120,390,390,5,5,0.00,87,0,31.18
670,9,URLLC,0.0000,390,0,5,0,0.00,87,0,31.18
670,10,URLLC,0.0000,390,0,5,0,0.00,1506,0,31.18
670,11,MTC,0.2048,384,256,3,2,0.00,137,0,41.65
670,12,MTC,0.2048,384,256,3,2,0.00,137,0,41.65
670,13,MTC,0.2048,384,256,3,2,0.00,137,0,41.65
670,14,MTC,0.2048,384,256,3,2,0.00,137,0,41.65
670,15,MTC,0.2048,384,256,3,2,0.00,44,0,41.65
670,16,MTC,0.0000,384,0,3,0,0.00,1605,0,41.65
670,17,MTC,0.2048,384,256,3,2,0.00,137,0,41.65
670,18,MTC,0.0000,384,0,3,0,0.00,137,0,41.65
670,19,MTC,0.2048,384,256,3,2,0.00,137,0,41.65
670,20,MTC,0.2048,384,256,3,2,0.00,137,0,41.65
680,1,eMBB,0.0000,16808,0,11,0,0.00,277658,0,36.58
680,2,eMBB,3.6672,16808,4584,11,3,0.00,280645,0,36.58
680,3,eMBB,6.1120,16808,7640,11,5,0.00,244943,0,36.58
680,4,eMBB,0.0000,16808,0,11,0,0.00,253597,0,36.58
680,5,eMBB,0.0000,16808,0,11,0,0.00,294850,0,36.58
680,6,URLLC,0.3120,390,390,5,5,0.00,87,0,37.87
680,7,URLLC,0.0000,390,0,5,0,0.00,415,0,37.87
680,8,URLLC,0.3120,390,390,5,5,0.00,87,0,37.87
680,9,URLLC,0.0000,390,0,5,0,0.00,169,0,37.87
680,10,URLLC,0.0000,390,0,5,0,0.00,1506,0,37.87
680,11,MTC,0.3072,256,384,2,3,0.00,137,0,25.55
680,12,MTC,0.3072,256,384,2,3,0.00,137,0,25.55
680,13,MTC,0.3072,256,384,2,3,0.00,137,0,25.55
680,14,MTC,0.3072,256,384,2,3,0.00,137,0,25.55
680,15,MTC,0.2048,256,256,2,2,0.00,80,0,25.55
680,16,MTC,0.0000,256,0,2,0,0.00,1605,0,25.55
680,17,MTC,0.3072,256,384,2,3,0.00,137,0,25.55
680,18,MTC,0.0000,256,0,2,0,0.00,549,0,25.55
680,19,MTC,0.3072,256,384,2,3,0.00,137,0,25.55
680,20,MTC,0.3072,256,384,2,3,0.00,137,0,25.55
690,1,eMBB,0.0000,18336,0,12,0,0.00,277658,0,29.48
690,2,eMBB,2.4448,18336,3056,12,2,0.00,294384,0,29.48
690,3,eMBB,6.1120,18336,7640,12,5,0.00,255567,0,29.48
690,4,eMBB,41.5616,18336,51952,12,34,0.00,263013,0,29.48
690,5,eMBB,0.0000,18336,0,12,0,0.00,300541,0,29.48
690,6,URLLC,0.2496,390,312,5,4,0.00,87,0,37.78
690,7,URLLC,0.0000,390,0,5,0,0.00,169,0,37.78
690,8,URLLC,0.2496,390,312,5,4,0.00,87,0,37.78
690,9,URLLC,0.0000,390,0,5,0,0.00,87,0,37.78
690,10,URLLC,0.0000,390,0,5,0,0.00,2245,0,37.78
690,11,MTC,0.2048,384,256,3,2,0.00,137,0,32.74
690,12,MTC,0.2048,384,256,3,2,0.00,137,0,32.74
690,13,MTC,0.2048,384,256,3,2,0.00,137,0,32.74
690,14,MTC,0.2048,384,256,3,2,0.00,137,0,32.74
690,15,MTC,0.3072,384,384,3,3,0.00,137,0,32.74
690,16,MTC,0.0000,384,0,3,0,0.00,797,0,32.74
690,17,MTC,0.2048,384,256,3,2,0.00,137,0,32.74
690,18,MTC,0.0000,384,0,3,0,0.00,269,0,32.74
690,19,MTC,0.2048,384,256,3,2,0.00,137,0,32.74
690,20,MTC,0.2048,384,256,3,2,0.00,137,0,32.74
700,1,eMBB,0.0000,18336,0,12,0,0.00,326290,0,34.51
700,2,eMBB,2.4448,18336,3056,12,2,0.00,310062,0,34.51
700,3,eMBB,4.8896,18336,6112,12,4,0.00,269272,0,34.51
700,4,eMBB,4.8896,18336,6112,12,4,0.00,274360,0,34.51
700,5,eMBB,0.0000,18336,0,12,0,0.00,331494,0,34.51
700,6,URLLC,0.3120,390,390,5,5,0.00,87,0,25.65
700,7,URLLC,0.0000,390,0,5,0,0.00,415,0,25.65
700,8,URLLC,0.3120,390,390,5,5,0.00,87,0,25.65
700,9,URLLC,0.0000,390,0,5,0,0.00,169,0,25.65
700,10,URLLC,0.0000,390,0,5,0,0.00,2245,0,25.65
700,11,MTC,0.2048,256,256,2,2,0.00,137,0,39.84
700,12,MTC,0.2048,256,256,2,2,0.00,137,0,39.84
700,13,MTC,0.2048,256,256,2,2,0.00,137,0,39.84
700,14,MTC,0.2048,256,256,2,2,0.00,137,0,39.84
700,15,MTC,0.2048,256,256,2,2,0.00,44,0,39.84
700,16,MTC,0.0000,256,0,2,0,0.00,797,0,39.84
700,17,MTC,0.2048,256,256,2,2,0.00,137,0,39.84
700,18,MTC,0.0000,256,0,2,0,0.00,137,0,39.84
700,19,MTC,0.2048,256,256,2,2,0.00,137,0,39.84
700,20,MTC,0.2048,256,256,2,2,0.00,137,0,39.84
710,1,eMBB,0.0000,16808,0,11,0,0.00,356967,0,38.57
710,2,eMBB,2.4448,16808,3056,11,2,0.00,325453,0,38.57
710,3,eMBB,4.8896,16808,6112,11,4,0.00,281717,0,38.57
710,4,eMBB,3.6672,16808,4584,11,3,0.00,287431,0,38.57
710,5,eMBB,0.0000,16808,0,11,0,0.00,332482,0,38.57
710,6,URLLC,0.3744,390,468,5,6,0.00,87,0,40.98
710,7,URLLC,0.0000,390,0,5,0,0.00,169,0,40.98
710,8,URLLC,0.3744,390,468,5,6,0.00,87,0,40.98
710,9,URLLC,0.0000,390,0,5,0,0.00,169,0,40.98
710,10,URLLC,0.0000,390,0,5,0,0.00,2638,0,40.98
710,11,MTC,0.3072,384,384,3,3,0.00,137,0,20.45
710,12,MTC,0.3072,384,384,3,3,0.00,137,0,20.45
710,13,MTC,0.3072,384,384,3,3,0.00,137,0,20.45
710,14,MTC,0.3072,384,384,3,3,0.00,137,0,20.45
710,15,MTC,0.3072,384,384,3,3,0.00,137,0,20.45
710,16,MTC,0.0000,384,0,3,0,0.00,137,0,20.45
710,17,MTC,0.3072,384,384,3,3,0.00,137,0,20.45
710,18,MTC,0.0000,384,0,3,0,0.00,137,0,20.45
710,19,MTC,0.3072,384,384,3,3,0.00,137,0,20.45
710,20,MTC,0.3072,384,384,3,3,0.00,137,0,20.45
720,1,eMBB,0.0000,18336,0,12,0,0.00,356967,0,38.03
720,2,eMBB,2.4448,18336,3056,12,2,0.00,337411,0,38.03
720,3,eMBB,4.8896,18336,6112,12,4,0.00,290522,0,38.03
720,4,eMBB,0.0000,18336,0,12,0,0.00,294033,0,38.03
720,5,eMBB,0.0000,18336,0,12,0,0.00,349291,0,38.03
720,6,URLLC,0.3120,390,390,5,5,0.00,87,0,35.88
720,7,URLLC,0.0000,390,0,5,0,0.00,169,0,35.88
720,8,URLLC,0.3120,390,390,5,5,0.00,87,0,35.88
720,9,URLLC,0.0000,390,0,5,0,0.00,87,0,35.88
720,10,URLLC,0.0000,390,0,5,0,0.00,2143,0,35.88
720,11,MTC,0.3072,256,384,2,3,0.00,137,0,26.10
720,12,MTC,0.3072,256,384,2,3,0.00,137,0,26.10
720,13,MTC,0.3072,256,384,2,3,0.00,137,0,26.10
720,14,MTC,0.3072,256,384,2,3,0.00,137,0,26.10
720,15,MTC,0.3072,256,384,2,3,0.00,80,0,26.10
720,16,MTC,0.0000,256,0,2,0,0.00,269,0,26.10
720,17,MTC,0.3072,256,384,2,3,0.00,137,0,26.10
720,18,MTC,0.0000,256,0,2,0,0.00,137,0,26.10
720,19,MTC,0.3072,256,384,2,3,0.00,137,0,26.10
720,20,MTC,0.3072,256,384,2,3,0.00,137,0,26.10
730,1,eMBB,0.0000,18336,0,12,0,0.00,384705,0,48.52
730,2,eMBB,3.6672,18336,4584,12,3,0.00,352041,0,48.52
730,3,eMBB,6.1120,18336,7640,12,5,0.00,301562,0,48.52
730,4,eMBB,0.0000,18336,0,12,0,0.00,301696,0,48.52
730,5,eMBB,0.0000,18336,0,12,0,0.00,377643,0,48.52
730,6,URLLC,0.3120,390,390,5,5,0.00,87,0,30.17
730,7,URLLC,0.0000,390,0,5,0,0.00,169,0,30.17
730,8,URLLC,0.3120,390,390,5,5,0.00,87,0,30.17
730,9,URLLC,4.4304,390,5538,5,71,0.00,87,0,30.17
730,10,URLLC,0.0000,390,0,5,0,0.00,1954,0,30.17
730,11,MTC,0.2048,384,256,3,2,0.00,137,0,21.30
730,12,MTC,0.2048,384,256,3,2,0.00,137,0,21.30
730,13,MTC,0.2048,384,256,3,2,0.00,137,0,21.30
730,14,MTC,0.2048,384,256,3,2,0.00,137,0,21.30
730,15,MTC,0.2048,384,256,3,2,0.00,86,0,21.30
730,16,MTC,0.0000,384,0,3,0,0.00,269,0,21.30
730,17,MTC,0.2048,384,256,3,2,0.00,137,0,21.30
730,18,MTC,0.0000,384,0,3,0,0.00,435,0,21.30
730,19,MTC,0.2048,384,256,3,2,0.00,137,0,21.30
730,20,MTC,0.2048,384,256,3,2,0.00,137,0,21.30
740,1,eMBB,0.0000,16808,0,11,0,0.00,384705,0,36.92
740,2,eMBB,2.4448,16808,3056,11,2,0.00,366788,0,36.92
740,3,eMBB,4.8896,16808,6112,11,4,0.00,312634,0,36.92
740,4,eMBB,0.0000,16808,0,11,0,0.00,323229,0,36.92
740,5,eMBB,0.0000,16808,0,11,0,0.00,389155,0,36.92
740,6,URLLC,0.3120,390,390,5,5,0.00,87,0,36.96
740,7,URLLC,0.0000,390,0,5,0,0.00,1153,0,36.96
740,8,URLLC,0.3120,390,390,5,5,0.00,87,0,36.96
740,9,URLLC,0.3744,390,468,5,6,0.00,87,0,36.96
740,10,URLLC,0.0000,390,0,5,0,0.00,1954,0,36.96
740,11,MTC,0.3072,256,384,2,3,0.00,137,0,26.12
740,12,MTC,0.3072,256,384,2,3,0.00,137,0,26.12
740,13,MTC,0.3072,256,384,2,3,0.00,137,0,26.12
740,14,MTC,0.3072,256,384,2,3,0.00,137,0,26.12
740,15,MTC,0.3072,256,384,2,3,0.00,87,0,26.12
740,16,MTC,0.0000,256,0,2,0,0.00,269,0,26.12
740,17,MTC,0.3072,256,384,2,3,0.00,137,0,26.12
740,18,MTC,0.0000,256,0,2,0,0.00,285,0,26.12
740,19,MTC,0.3072,256,384,2,3,0.00,137,0,26.12
740,20,MTC,0.3072,256,384,2,3,0.00,137,0,26.12
750,1,eMBB,0.0000,18336,0,12,0,0.00,415992,0,30.71
750,2,eMBB,2.4448,18336,3056,12,2,0.00,382157,0,30.71
750,3,eMBB,3.6672,18336,4584,12,3,0.00,325201,0,30.71
750,4,eMBB,15.8912,18336,19864,12,13,0.00,337126,0,30.71
750,5,eMBB,0.0000,18336,0,12,0,0.00,411065,0,30.71
750,6,URLLC,0.3120,390,390,5,5,0.00,87,0,40.66
750,7,URLLC,0.0000,390,0,5,0,0.00,529,0,40.66
750,8,URLLC,0.3120,390,390,5,5,0.00,87,0,40.66
750,9,URLLC,0.0000,390,0,5,0,0.00,87,0,40.66
750,10,URLLC,0.0000,390,0,5,0,0.00,1810,0,40.66
750,11,MTC,0.2048,384,256,3,2,0.00,137,0,28.63
750,12,MTC,0.2048,384,256,3,2,0.00,137,0,28.63
750,13,MTC,0.2048,384,256,3,2,0.00,137,0,28.63
750,14,MTC,0.2048,384,256,3,2,0.00,137,0,28.63
750,15,MTC,0.2048,384,256,3,2,0.00,137,0,28.63
750,16,MTC,0.0000,384,0,3,0,0.00,269,0,28.63
750,17,MTC,0.2048,384,256,3,2,0.00,137,0,28.63
750,18,MTC,0.0000,384,0,3,0,0.00,137,0,28.63
750,19,MTC,0.2048,384,256,3,2,0.00,137,0,28.63
750,20,MTC,0.0000,384,0,3,0,0.00,137,0,28.63
760,1,eMBB,0.0000,18336,0,12,0,0.00,427758,0,39.09
760,2,eMBB,2.4448,18336,3056,12,2,0.00,397528,0,39.09
760,3,eMBB,4.8896,18336,6112,12,4,0.00,338006,0,39.09
760,4,eMBB,0.0000,18336,0,12,0,0.00,349061,0,39.09
760,5,eMBB,0.0000,18336,0,12,0,0.00,425971,0,39.09
760,6,URLLC,0.2496,390,312,5,4,0.00,87,0,34.14
760,7,URLLC,0.0000,390,0,5,0,0.00,529,0,34.14
760,8,URLLC,0.2496,390,312,5,4,0.00,87,0,34.14
760,9,URLLC,0.1872,390,234,5,3,0.00,87,0,34.14
760,10,URLLC,0.0000,390,0,5,0,0.00,579,0,34.14
760,11,MTC,0.2048,256,256,2,2,0.00,137,0,26.78
760,12,MTC,0.2048,256,256,2,2,0.00,137,0,26.78
760,13,MTC,0.2048,256,256,2,2,0.00,137,0,26.78
760,14,MTC,0.2048,256,256,2,2,0.00,137,0,26.78
760,15,MTC,0.2048,256,256,2,2,0.00,69,0,26.78
760,16,MTC,0.0000,256,0,2,0,0.00,269,0,26.78
760,17,MTC,0.2048,256,256,2,2,0.00,137,0,26.78
760,18,MTC,0.0000,256,0,2,0,0.00,533,0,26.78
760,19,MTC,0.2048,256,256,2,2,0.00,137,0,26.78
760,20,MTC,0.0000,256,0,2,0,0.00,137,0,26.78
770,1,eMBB,0.0000,16808,0,11,0,0.00,427758,0,25.28
770,2,eMBB,2.4448,16808,3056,11,2,0.00,413499,0,25.28
770,3,eMBB,4.8896,16808,6112,11,4,0.00,351834,0,25.28
770,4,eMBB,0.0000,16808,0,11,0,0.00,362732,0,25.28
770,5,eMBB,0.0000,16808,0,11,0,0.00,425971,0,25.28
770,6,URLLC,0.3120,390,390,5,5,0.00,87,0,48.05
770,7,URLLC,0.0000,390,0,5,0,0.00,529,0,48.05
770,8,URLLC,0.3120,390,390,5,5,0.00,87,0,48.05
770,9,URLLC,0.0000,390,0,5,0,0.00,87,0,48.05
770,10,URLLC,0.0000,390,0,5,0,0.00,579,0,48.05
770,11,MTC,0.3072,384,384,3,3,0.00,137,0,26.67
770,12,MTC,0.3072,384,384,3,3,0.00,137,0,26.67
770,13,MTC,0.3072,384,384,3,3,0.00,137,0,26.67
770,14,MTC,0.3072,384,384,3,3,0.00,137,0,26.67
770,15,MTC,0.3072,384,384,3,3,0.00,137,0,26.67
770,16,MTC,0.0000,384,0,3,0,0.00,1057,0,26.67
770,17,MTC,0.3072,384,384,3,3,0.00,137,0,26.67
770,18,MTC,0.0000,384,0,3,0,0.00,137,0,26.67
770,19,MTC,0.3072,384,384,3,3,0.00,137,0,26.67
770,20,MTC,0.7168,384,896,3,7,0.00,137,0,26.67
780,1,eMBB,0.0000,18336,0,12,0,0.00,474587,0,33.78
780,2,eMBB,1.2224,18336,1528,12,1,0.00,427842,0,33.78
780,3,eMBB,3.6672,18336,4584,12,3,0.00,364368,0,33.78
780,4,eMBB,11.0016,18336,13752,12,9,0.00,374943,0,33.78
780,5,eMBB,0.0000,18336,0,12,0,0.00,456919,0,33.78
780,6,URLLC,0.3744,390,468,5,6,0.00,87,0,27.53
780,7,URLLC,0.0000,390,0,5,0,0.00,1481,0,27.53
780,8,URLLC,0.3744,390,468,5,6,0.00,87,0,27.53
780,9,URLLC,0.0000,390,0,5,0,0.00,169,0,27.53
780,10,URLLC,1.1232,390,1404,5,18,0.00,845,0,27.53
780,11,MTC,0.3072,256,384,2,3,0.00,137,0,38.69
780,12,MTC,0.3072,256,384,2,3,0.00,137,0,38.69
780,13,MTC,0.3072,256,384,2,3,0.00,137,0,38.69
780,14,MTC,0.3072,256,384,2,3,0.00,137,0,38.69
780,15,MTC,0.2048,256,256,2,2,0.00,51,0,38.69
780,16,MTC,0.0000,256,0,2,0,0.00,1057,0,38.69
780,17,MTC,0.3072,256,384,2,3,0.00,137,0,38.69
780,18,MTC,0.0000,256,0,2,0,0.00,285,0,38.69
780,19,MTC,0.3072,256,384,2,3,0.00,137,0,38.69
780,20,MTC,0.3072,256,384,2,3,0.00,137,0,38.69
790,1,eMBB,0.0000,18336,0,12,0,0.00,487974,0,31.79
790,2,eMBB,3.6672,18336,4584,12,3,0.00,440049,0,31.79
790,3,eMBB,4.8896,18336,6112,12,4,0.00,374057,0,31.79
790,4,eMBB,3.6672,18336,4584,12,3,0.00,386332,0,31.79
790,5,eMBB,0.0000,18336,0,12,0,0.00,466882,0,31.79
790,6,URLLC,0.3120,390,390,5,5,0.00,87,0,30.37
790,7,URLLC,0.0000,390,0,5,0,0.00,1481,0,30.37
790,8,URLLC,0.3120,390,390,5,5,0.00,87,0,30.37
790,9,URLLC,0.8112,390,1014,5,13,0.00,87,0,30.37
790,10,URLLC,0.0000,390,0,5,0,0.00,845,0,30.37
790,11,MTC,0.2048,384,256,3,2,0.00,137,0,37.83
790,12,MTC,0.2048,384,256,3,2,0.00,137,0,37.83
790,13,MTC,0.2048,384,256,3,2,0.00,137,0,37.83
790,14,MTC,0.2048,384,256,3,2,0.00,137,0,37.83
790,15,MTC,0.3072,384,384,3,3,0.00,58,0,37.83
790,16,MTC,0.0000,384,0,3,0,0.00,1187,0,37.83
790,17,MTC,0.2048,384,256,3,2,0.00,137,0,37.83
790,18,MTC,0.0000,384,0,3,0,0.00,285,0,37.83
790,19,MTC,0.2048,384,256,3,2,0.00,137,0,37.83
790,20,MTC,0.2048,384,256,3,2,0.00,137,0,37.83
800,1,eMBB,0.0000,16808,0,11,0,0.00,504807,0,32.66
800,2,eMBB,1.2224,16808,1528,11,1,0.00,456809,0,32.66
800,3,eMBB,3.6672,16808,4584,11,3,0.00,387702,0,32.66
800,4,eMBB,0.0000,16808,0,11,0,0.00,397320,0,32.66
800,5,eMBB,0.0000,16808,0,11,0,0.00,486308,0,32.66
800,6,URLLC,0.3120,390,390,5,5,0.00,87,0,44.10
800,7,URLLC,0.0000,390,0,5,0,0.00,825,0,44.10
800,8,URLLC,0.3120,390,390,5,5,0.00,87,0,44.10
800,9,URLLC,0.1248,390,156,5,2,0.00,87,0,44.10
800,10,URLLC,0.0000,390,0,5,0,0.00,540,0,44.10
800,11,MTC,0.3072,256,384,2,3,0.00,21,0,23.24
800,12,MTC,0.3072,256,384,2,3,0.00,137,0,23.24
800,13,MTC,0.3072,256,384,2,3,0.00,137,0,23.24
800,14,MTC,0.3072,256,384,2,3,0.00,137,0,23.24
800,15,MTC,0.3072,256,384,2,3,0.00,102,0,23.24
800,16,MTC,0.0000,256,0,2,0,0.00,665,0,23.24
800,17,MTC,0.3072,256,384,2,3,0.00,137,0,23.24
800,18,MTC,0.0000,256,0,2,0,0.00,567,0,23.24
800,19,MTC,0.3072,256,384,2,3,0.00,137,0,23.24
800,20,MTC,0.3072,256,384,2,3,0.00,137,0,23.24
810,1,eMBB,0.0000,18336,0,12,0,0.00,516555,0,44.70
810,2,eMBB,2.4448,18336,3056,12,2,0.00,471410,0,44.70
810,3,eMBB,4.8896,18336,6112,12,4,0.00,399377,0,44.70
810,4,eMBB,3.6672,18336,4584,12,3,0.00,405784,0,44.70
810,5,eMBB,0.0000,18336,0,12,0,0.00,486308,0,44.70
810,6,URLLC,0.3120,390,390,5,5,0.00,87,0,35.77
810,7,URLLC,0.0000,390,0,5,0,0.00,624,0,35.77
810,8,URLLC,0.3120,390,390,5,5,0.00,87,0,35.77
810,9,URLLC,0.0000,390,0,5,0,0.00,87,0,35.77
810,10,URLLC,0.0000,390,0,5,0,0.00,540,0,35.77
810,11,MTC,0.2048,384,256,3,2,0.00,42,0,19.53
810,12,MTC,0.2048,384,256,3,2,0.00,137,0,19.53
810,13,MTC,0.2048,384,256,3,2,0.00,137,0,19.53
810,14,MTC,0.2048,384,256,3,2,0.00,137,0,19.53
810,15,MTC,0.2048,384,256,3,2,0.00,109,0,19.53
810,16,MTC,0.0000,384,0,3,0,0.00,549,0,19.53
810,17,MTC,0.2048,384,256,3,2,0.00,137,0,19.53
810,18,MTC,0.0000,384,0,3,0,0.00,567,0,19.53
810,19,MTC,0.2048,384,256,3,2,0.00,137,0,19.53
810,20,MTC,0.2048,384,256,3,2,0.00,137,0,19.53
820,1,eMBB,0.0000,18336,0,12,0,0.00,516555,0,30.06
820,2,eMBB,3.6672,18336,4584,12,3,0.00,485897,0,30.06
820,3,eMBB,6.1120,18336,7640,12,5,0.00,410622,0,30.06
820,4,eMBB,0.0000,18336,0,12,0,0.00,420420,0,30.06
820,5,eMBB,0.0000,18336,0,12,0,0.00,486308,0,30.06
820,6,URLLC,0.3120,390,390,5,5,0.00,87,0,48.09
820,7,URLLC,0.0000,390,0,5,0,0.00,251,0,48.09
820,8,URLLC,0.3120,390,390,5,5,0.00,87,0,48.09
820,9,URLLC,0.0000,390,0,5,0,0.00,87,0,48.09
820,10,URLLC,0.0000,390,0,5,0,0.00,540,0,48.09
820,11,MTC,0.2048,256,256,2,2,0.00,21,0,21.85
820,12,MTC,0.3072,256,384,2,3,0.00,137,0,21.85
820,13,MTC,0.3072,256,384,2,3,0.00,137,0,21.85
820,14,MTC,0.3072,256,384,2,3,0.00,137,0,21.85
820,15,MTC,0.2048,256,256,2,2,0.00,102,0,21.85
820,16,MTC,0.0000,256,0,2,0,0.00,137,0,21.85
820,17,MTC,0.3072,256,384,2,3,0.00,137,0,21.85
820,18,MTC,0.0000,256,0,2,0,0.00,137,0,21.85
820,19,MTC,0.3072,256,384,2,3,0.00,137,0,21.85
820,20,MTC,0.2048,256,256,2,2,0.00,137,0,21.85
830,1,eMBB,0.0000,16808,0,11,0,0.00,560002,0,28.55
830,2,eMBB,2.4448,16808,3056,11,2,0.00,501354,0,28.55
830,3,eMBB,3.6672,16808,4584,11,3,0.00,423967,0,28.55
830,4,eMBB,1.2224,16808,1528,11,1,0.00,436281,0,28.55
830,5,eMBB,0.0000,16808,0,11,0,0.00,546919,0,28.55
830,6,URLLC,0.2496,390,312,5,4,0.00,87,0,36.17
830,7,URLLC,0.0000,390,0,5,0,0.00,251,0,36.17
830,8,URLLC,0.2496,390,312,5,4,0.00,87,0,36.17
830,9,URLLC,0.0000,390,0,5,0,0.00,87,0,36.17
830,10,URLLC,0.0000,390,0,5,0,0.00,540,0,36.17
830,11,MTC,0.3072,384,384,3,3,0.00,137,0,35.28
830,12,MTC,0.2048,384,256,3,2,0.00,137,0,35.28
830,13,MTC,0.2048,384,256,3,2,0.00,137,0,35.28
830,14,MTC,0.2048,384,256,3,2,0.00,137,0,35.28
830,15,MTC,0.3072,384,384,3,3,0.00,137,0,35.28
830,16,MTC,0.0000,384,0,3,0,0.00,285,0,35.28
830,17,MTC,0.2048,384,256,3,2,0.00,137,0,35.28
830,18,MTC,0.0000,384,0,3,0,0.00,269,0,35.28
830,19,MTC,0.2048,384,256,3,2,0.00,137,0,35.28
830,20,MTC,0.0000,384,0,3,0,0.00,137,0,35.28
840,1,eMBB,0.0000,18336,0,12,0,0.00,560002,0,35.71
840,2,eMBB,2.4448,18336,3056,12,2,0.00,515196,0,35.71
840,3,eMBB,4.8896,18336,6112,12,4,0.00,434946,0,35.71
840,4,eMBB,0.0000,18336,0,12,0,0.00,440205,0,35.71
840,5,eMBB,0.0000,18336,0,12,0,0.00,546919,0,35.71
840,6,URLLC,0.3120,390,390,5,5,0.00,87,0,35.33
840,7,URLLC,0.0000,390,0,5,0,0.00,251,0,35.33
840,8,URLLC,0.3120,390,390,5,5,0.00,87,0,35.33
840,9,URLLC,0.0000,390,0,5,0,0.00,87,0,35.33
840,10,URLLC,0.0000,390,0,5,0,0.00,1815,0,35.33
840,11,MTC,0.2048,256,256,2,2,0.00,137,0,28.96
840,12,MTC,0.2048,256,256,2,2,0.00,137,0,28.96
840,13,MTC,0.2048,256,256,2,2,0.00,137,0,28.96
840,14,MTC,0.2048,256,256,2,2,0.00,137,0,28.96
840,15,MTC,0.2048,256,256,2,2,0.00,87,0,28.96
840,16,MTC,0.0000,256,0,2,0,0.00,137,0,28.96
840,17,MTC,0.2048,256,256,2,2,0.00,137,0,28.96
840,18,MTC,0.0000,256,0,2,0,0.00,137,0,28.96
840,19,MTC,0.2048,256,256,2,2,0.00,137,0,28.96
840,20,MTC,0.5120,256,640,2,5,0.00,137,0,28.96
850,1,eMBB,0.0000,18336,0,12,0,0.00,588223,0,36.90
850,2,eMBB,2.4448,18336,3056,12,2,0.00,531021,0,36.90
850,3,eMBB,4.8896,18336,6112,12,4,0.00,448185,0,36.90
850,4,eMBB,0.0000,18336,0,12,0,0.00,449709,0,36.90
850,5,eMBB,0.0000,18336,0,12,0,0.00,578181,0,36.90
850,6,URLLC,0.3744,390,468,5,6,0.00,87,0,33.78
850,7,URLLC,0.0000,390,0,5,0,0.00,251,0,33.78
850,8,URLLC,0.3744,390,468,5,6,0.00,87,0,33.78
850,9,URLLC,0.0000,390,0,5,0,0.00,87,0,33.78
850,10,URLLC,0.0000,390,0,5,0,0.00,1815,0,33.78
850,11,MTC,0.3072,384,384,3,3,0.00,137,0,29.32
850,12,MTC,0.3072,384,384,3,3,0.00,137,0,29.32
850,13,MTC,0.3072,384,384,3,3,0.00,137,0,29.32
850,14,MTC,0.3072,384,384,3,3,0.00,137,0,29.32
850,15,MTC,0.3072,384,384,3,3,0.00,137,0,29.32
850,16,MTC,0.0000,384,0,3,0,0.00,269,0,29.32
850,17,MTC,0.3072,384,384,3,3,0.00,137,0,29.32
850,18,MTC,0.0000,384,0,3,0,0.00,137,0,29.32
850,19,MTC,0.3072,384,384,3,3,0.00,137,0,29.32
850,20,MTC,0.3072,384,384,3,3,0.00,137,0,29.32
860,1,eMBB,0.0000,16808,0,11,0,0.00,600042,0,27.39
860,2,eMBB,2.4448,16808,3056,11,2,0.00,543671,0,27.39
860,3,eMBB,6.1120,16808,7640,11,5,0.00,456842,0,27.39
860,4,eMBB,0.0000,16808,0,11,0,0.00,468247,0,27.39
860,5,eMBB,0.0000,16808,0,11,0,0.00,583444,0,27.39
860,6,URLLC,0.3120,390,390,5,5,0.00,87,0,26.49
860,7,URLLC,0.0000,390,0,5,0,0.00,251,0,26.49
860,8,URLLC,0.3120,390,390,5,5,0.00,87,0,26.49
860,9,URLLC,0.0000,390,0,5,0,0.00,87,0,26.49
860,10,URLLC,0.0000,390,0,5,0,0.00,1967,0,26.49
860,11,MTC,0.3072,256,384,2,3,0.00,137,0,46.12
860,12,MTC,0.3072,256,384,2,3,0.00,137,0,46.12
860,13,MTC,0.3072,256,384,2,3,0.00,137,0,46.12
860,14,MTC,0.3072,256,384,2,3,0.00,137,0,46.12
860,15,MTC,0.3072,256,384,2,3,0.00,18,0,46.12
860,16,MTC,0.0000,256,0,2,0,0.00,269,0,46.12
860,17,MTC,0.3072,256,384,2,3,0.00,137,0,46.12
860,18,MTC,0.0000,256,0,2,0,0.00,137,0,46.12
860,19,MTC,0.3072,256,384,2,3,0.00,137,0,46.12
860,20,MTC,0.3072,256,384,2,3,0.00,137,0,46.12
870,1,eMBB,0.0000,18336,0,12,0,0.00,626839,0,32.50
870,2,eMBB,2.4448,18336,3056,12,2,0.00,558530,0,32.50
870,3,eMBB,4.8896,18336,6112,12,4,0.00,468139,0,32.50
870,4,eMBB,0.0000,18336,0,12,0,0.00,482101,0,32.50
870,5,eMBB,0.0000,18336,0,12,0,0.00,607017,0,32.50
870,6,URLLC,0.3120,390,390,5,5,0.00,87,0,27.77
870,7,URLLC,0.0000,390,0,5,0,0.00,2219,0,27.77
870,8,URLLC,0.3120,390,390,5,5,0.00,87,0,27.77
870,9,URLLC,0.0000,390,0,5,0,0.00,87,0,27.77
870,10,URLLC,0.0000,390,0,5,0,0.00,1323,0,27.77
870,11,MTC,0.2048,384,256,3,2,0.00,137,0,39.73
870,12,MTC,0.2048,384,256,3,2,0.00,137,0,39.73
870,13,MTC,0.2048,384,256,3,2,0.00,137,0,39.73
870,14,MTC,0.2048,384,256,3,2,0.00,137,0,39.73
870,15,MTC,0.2048,384,256,3,2,0.00,73,0,39.73
870,16,MTC,0.0000,384,0,3,0,0.00,213,0,39.73
870,17,MTC,0.2048,384,256,3,2,0.00,137,0,39.73
870,18,MTC,0.0000,384,0,3,0,0.00,401,0,39.73
870,19,MTC,0.2048,384,256,3,2,0.00,137,0,39.73
870,20,MTC,0.2048,384,256,3,2,0.00,137,0,39.73
880,1,eMBB,0.0000,18336,0,12,0,0.00,626839,0,32.33
880,2,eMBB,2.4448,18336,3056,12,2,0.00,574180,0,32.33
880,3,eMBB,3.6672,18336,4584,12,3,0.00,481147,0,32.33
880,4,eMBB,0.0000,18336,0,12,0,0.00,493301,0,32.33
880,5,eMBB,0.0000,18336,0,12,0,0.00,607017,0,32.33
880,6,URLLC,0.3120,390,390,5,5,0.00,87,0,31.37
880,7,URLLC,0.0000,390,0,5,0,0.00,1174,0,31.37
880,8,URLLC,0.3120,390,390,5,5,0.00,87,0,31.37
880,9,URLLC,0.0000,390,0,5,0,0.00,87,0,31.37
880,10,URLLC,4.2432,390,5304,5,68,0.00,1071,0,31.37
880,11,MTC,0.3072,256,384,2,3,0.00,137,0,36.30
880,12,MTC,0.3072,256,384,2,3,0.00,137,0,36.30
880,13,MTC,0.3072,256,384,2,3,0.00,137,0,36.30
880,14,MTC,0.3072,256,384,2,3,0.00,137,0,36.30
880,15,MTC,0.3072,256,384,2,3,0.00,58,0,36.30
880,16,MTC,0.0000,256,0,2,0,0.00,213,0,36.30
880,17,MTC,0.3072,256,384,2,3,0.00,137,0,36.30
880,18,MTC,0.0000,256,0,2,0,0.00,401,0,36.30
880,19,MTC,0.3072,256,384,2,3,0.00,137,0,36.30
880,20,MTC,0.3072,256,384,2,3,0.00,137,0,36.30
890,1,eMBB,0.0000,16808,0,11,0,0.00,650522,0,22.40
890,2,eMBB,1.2224,16808,1528,11,1,0.00,591815,0,22.40
890,3,eMBB,2.4448,16808,3056,11,2,0.00,496669,0,22.40
890,4,eMBB,0.0000,16808,0,11,0,0.00,503882,0,22.40
890,5,eMBB,0.0000,16808,0,11,0,0.00,640297,0,22.40
890,6,URLLC,0.3120,390,390,5,5,0.00,87,0,32.67
890,7,URLLC,0.0000,390,0,5,0,0.00,1174,0,32.67
890,8,URLLC,0.3120,390,390,5,5,0.00,87,0,32.67
890,9,URLLC,2.9952,390,3744,5,48,0.00,87,0,32.67
890,10,URLLC,0.0000,390,0,5,0,0.00,393,0,32.67
890,11,MTC,0.2048,384,256,3,2,0.00,137,0,44.93
890,12,MTC,0.2048,384,256,3,2,0.00,137,0,44.93
890,13,MTC,0.2048,384,256,3,2,0.00,137,0,44.93
890,14,MTC,0.2048,384,256,3,2,0.00,137,0,44.93
890,15,MTC,0.2048,384,256,3,2,0.00,137,0,44.93
890,16,MTC,0.0000,384,0,3,0,0.00,137,0,44.93
890,17,MTC,0.2048,384,256,3,2,0.00,137,0,44.93
890,18,MTC,0.0000,384,0,3,0,0.00,759,0,44.93
890,19,MTC,0.2048,384,256,3,2,0.00,137,0,44.93
890,20,MTC,0.2048,384,256,3,2,0.00,137,0,44.93
900,1,eMBB,0.0000,18336,0,12,0,0.00,674409,0,21.87
900,2,eMBB,2.4448,18336,3056,12,2,0.00,606464,0,21.87
900,3,eMBB,4.8896,18336,6112,12,4,0.00,508925,0,21.87
900,4,eMBB,0.0000,18336,0,12,0,0.00,517686,0,21.87
900,5,eMBB,0.0000,18336,0,12,0,0.00,665799,0,21.87
900,6,URLLC,0.2496,390,312,5,4,0.00,87,0,42.54
900,7,URLLC,0.0000,390,0,5,0,0.00,1174,0,42.54
900,8,URLLC,0.2496,390,312,5,4,0.00,87,0,42.54
900,9,URLLC,0.2496,390,312,5,4,0.00,169,0,42.54
900,10,URLLC,1.0608,390,1326,5,17,0.00,87,0,42.54
900,11,MTC,0.2048,256,256,2,2,0.00,137,0,35.59
900,12,MTC,0.2048,256,256,2,2,0.00,137,0,35.59
900,13,MTC,0.2048,256,256,2,2,0.00,137,0,35.59
900,14,MTC,0.2048,256,256,2,2,0.00,137,0,35.59
900,15,MTC,0.2048,256,256,2,2,0.00,73,0,35.59
900,16,MTC,0.0000,256,0,2,0,0.00,401,0,35.59
900,17,MTC,0.2048,256,256,2,2,0.00,137,0,35.59
900,18,MTC,0.0000,256,0,2,0,0.00,137,0,35.59
900,19,MTC,0.2048,256,256,2,2,0.00,137,0,35.59
900,20,MTC,0.2048,256,256,2,2,0.00,137,0,35.59
910,1,eMBB,0.0000,18336,0,12,0,0.00,695511,0,27.00
910,2,eMBB,1.2224,18336,1528,12,1,0.00,622127,0,27.00
910,3,eMBB,3.6672,18336,4584,12,3,0.00,522346,0,27.00
910,4,eMBB,37.8944,18336,47368,12,31,0.00,534246,0,27.00
910,5,eMBB,0.0000,18336,0,12,0,0.00,680957,0,27.00
910,6,URLLC,0.3120,390,390,5,5,0.00,87,0,51.06
910,7,URLLC,0.0000,390,0,5,0,0.00,1174,0,51.06
910,8,URLLC,0.3120,390,390,5,5,0.00,87,0,51.06
910,9,URLLC,0.0624,390,78,5,1,0.00,251,0,51.06
910,10,URLLC,0.5616,390,702,5,9,0.00,169,0,51.06
910,11,MTC,0.3072,384,384,3,3,0.00,137,0,21.94
910,12,MTC,0.3072,384,384,3,3,0.00,137,0,21.94
910,13,MTC,0.3072,384,384,3,3,0.00,137,0,21.94
910,14,MTC,0.3072,384,384,3,3,0.00,137,0,21.94
910,15,MTC,0.3072,384,384,3,3,0.00,137,0,21.94
910,16,MTC,0.0000,384,0,3,0,0.00,401,0,21.94
910,17,MTC,0.3072,384,384,3,3,0.00,137,0,21.94
910,18,MTC,0.0000,384,0,3,0,0.00,401,0,21.94
910,19,MTC,0.3072,384,384,3,3,0.00,137,0,21.94
910,20,MTC,0.3072,384,384,3,3,0.00,137,0,21.94
920,1,eMBB,0.0000,16808,0,11,0,0.00,708933,0,39.88
920,2,eMBB,2.4448,16808,3056,11,2,0.00,637330,0,39.88
920,3,eMBB,6.1120,16808,7640,11,5,0.00,534322,0,39.88
920,4,eMBB,0.0000,16808,0,11,0,0.00,547086,0,39.88
920,5,eMBB,0.0000,16808,0,11,0,0.00,683655,0,39.88
920,6,URLLC,0.3744,390,468,5,6,0.00,87,0,33.59
920,7,URLLC,0.0000,390,0,5,0,0.00,1174,0,33.59
920,8,URLLC,0.3744,390,468,5,6,0.00,87,0,33.59
920,9,URLLC,0.3120,390,390,5,5,0.00,87,0,33.59
920,10,URLLC,0.0000,390,0,5,0,0.00,169,0,33.59
920,11,MTC,0.2048,256,256,2,2,0.00,15,0,26.53
920,12,MTC,0.3072,256,384,2,3,0.00,137,0,26.53
920,13,MTC,0.3072,256,384,2,3,0.00,137,0,26.53
920,14,MTC,0.3072,256,384,2,3,0.00,137,0,26.53
920,15,MTC,0.2048,256,256,2,2,0.00,97,0,26.53
920,16,MTC,0.0000,256,0,2,0,0.00,401,0,26.53
920,17,MTC,0.3072,256,384,2,3,0.00,137,0,26.53
920,18,MTC,0.0000,256,0,2,0,0.00,269,0,26.53
920,19,MTC,0.3072,256,384,2,3,0.00,137,0,26.53
920,20,MTC,0.3072,256,384,2,3,0.00,137,0,26.53
930,1,eMBB,0.0000,18336,0,12,0,0.00,724103,0,29.37
930,2,eMBB,3.6672,18336,4584,12,3,0.00,649683,0,29.37
930,3,eMBB,4.8896,18336,6112,12,4,0.00,544027,0,29.37
930,4,eMBB,0.0000,18336,0,12,0,0.00,559128,0,29.37
930,5,eMBB,0.0000,18336,0,12,0,0.00,710992,0,29.37
930,6,URLLC,0.3120,390,390,5,5,0.00,87,0,39.79
930,7,URLLC,0.0000,390,0,5,0,0.00,1174,0,39.79
930,8,URLLC,0.3120,390,390,5,5,0.00,87,0,39.79
930,9,URLLC,0.1248,390,156,5,2,0.00,87,0,39.79
930,10,URLLC,0.0000,390,0,5,0,0.00,169,0,39.79
930,11,MTC,0.3072,384,384,3,3,0.00,137,0,30.84
930,12,MTC,0.2048,384,256,3,2,0.00,137,0,30.84
930,13,MTC,0.2048,384,256,3,2,0.00,137,0,30.84
930,14,MTC,0.2048,384,256,3,2,0.00,137,0,30.84
930,15,MTC,0.3072,384,384,3,3,0.00,73,0,30.84
930,16,MTC,0.0000,384,0,3,0,0.00,401,0,30.84
930,17,MTC,0.2048,384,256,3,2,0.00,137,0,30.84
930,18,MTC,0.0000,384,0,3,0,0.00,137,0,30.84
930,19,MTC,0.2048,384,256,3,2,0.00,137,0,30.84
930,20,MTC,0.2048,384,256,3,2,0.00,137,0,30.84
940,1,eMBB,0.0000,18336,0,12,0,0.00,737213,0,35.13
940,2,eMBB,2.4448,18336,3056,12,2,0.00,664435,0,35.13
940,3,eMBB,4.8896,18336,6112,12,4,0.00,555671,0,35.13
940,4,eMBB,0.0000,18336,0,12,0,0.00,569215,0,35.13
940,5,eMBB,0.0000,18336,0,12,0,0.00,729057,0,35.13
940,6,URLLC,0.3120,390,390,5,5,0.00,87,0,41.22
940,7,URLLC,0.0000,390,0,5,0,0.00,1174,0,41.22
940,8,URLLC,0.3120,390,390,5,5,0.00,87,0,41.22
940,9,URLLC,0.2496,390,312,5,4,0.00,169,0,41.22
940,10,URLLC,0.0000,390,0,5,0,0.00,169,0,41.22
940,11,MTC,0.3072,256,384,2,3,0.00,137,0,23.65
940,12,MTC,0.3072,256,384,2,3,0.00,137,0,23.65
940,13,MTC,0.3072,256,384,2,3,0.00,137,0,23.65
940,14,MTC,0.3072,256,384,2,3,0.00,137,0,23.65
940,15,MTC,0.3072,256,384,2,3,0.00,86,0,23.65
940,16,MTC,0.0000,256,0,2,0,0.00,1153,0,23.65
940,17,MTC,0.3072,256,384,2,3,0.00,137,0,23.65
940,18,MTC,0.0000,256,0,2,0,0.00,396,0,23.65
940,19,MTC,0.3072,256,384,2,3,0.00,137,0,23.65
940,20,MTC,0.3072,256,384,2,3,0.00,137,0,23.65
950,1,eMBB,0.0000,16808,0,11,0,0.00,760566,0,39.65
950,2,eMBB,2.4448,16808,3056,11,2,0.00,678662,0,39.65
950,3,eMBB,4.8896,16808,6112,11,4,0.00,566118,0,39.65
950,4,eMBB,0.0000,16808,0,11,0,0.00,582722,0,39.65
950,5,eMBB,0.0000,16808,0,11,0,0.00,729057,0,39.65
950,6,URLLC,0.3120,390,390,5,5,0.00,87,0,25.76
950,7,URLLC,0.0000,390,0,5,0,0.00,1174,0,25.76
950,8,URLLC,0.3120,390,390,5,5,0.00,87,0,25.76
950,9,URLLC,0.6240,390,780,5,10,0.00,169,0,25.76
950,10,URLLC,0.5616,390,702,5,9,0.00,169,0,25.76
950,11,MTC,0.2048,384,256,3,2,0.00,137,0,34.60
950,12,MTC,0.2048,384,256,3,2,0.00,137,0,34.60
950,13,MTC,0.2048,384,256,3,2,0.00,137,0,34.60
950,14,MTC,0.2048,384,256,3,2,0.00,137,0,34.60
950,15,MTC,0.2048,384,256,3,2,0.00,66,0,34.60
950,16,MTC,0.0000,384,0,3,0,0.00,782,0,34.60
950,17,MTC,0.2048,384,256,3,2,0.00,137,0,34.60
950,18,MTC,0.0000,384,0,3,0,0.00,396,0,34.60
950,19,MTC,0.2048,384,256,3,2,0.00,137,0,34.60
950,20,MTC,0.2048,384,256,3,2,0.00,137,0,34.60
960,1,eMBB,0.0000,18336,0,12,0,0.00,771248,0,34.74
960,2,eMBB,3.6672,18336,4584,12,3,0.00,693396,0,34.74
960,3,eMBB,6.1120,18336,7640,12,5,0.00,577315,0,34.74
960,4,eMBB,0.0000,18336,0,12,0,0.00,599833,0,34.74
960,5,eMBB,0.0000,18336,0,12,0,0.00,752463,0,34.74
960,6,URLLC,0.3120,390,390,5,5,0.00,87,0,32.74
960,7,URLLC,0.0000,390,0,5,0,0.00,1174,0,32.74
960,8,URLLC,0.3120,390,390,5,5,0.00,87,0,32.74
960,9,URLLC,0.1248,390,156,5,2,0.00,87,0,32.74
960,10,URLLC,0.0000,390,0,5,0,0.00,1891,0,32.74
960,11,MTC,0.3072,256,384,2,3,0.00,137,0,32.52
960,12,MTC,0.3072,256,384,2,3,0.00,137,0,32.52
960,13,MTC,0.3072,256,384,2,3,0.00,137,0,32.52
960,14,MTC,0.3072,256,384,2,3,0.00,137,0,32.52
960,15,MTC,0.2048,256,256,2,2,0.00,66,0,32.52
960,16,MTC,0.0000,256,0,2,0,0.00,401,0,32.52
960,17,MTC,0.3072,256,384,2,3,0.00,137,0,32.52
960,18,MTC,0.0000,256,0,2,0,0.00,269,0,32.52
960,19,MTC,0.3072,256,384,2,3,0.00,137,0,32.52
960,20,MTC,0.3072,256,384,2,3,0.00,137,0,32.52
970,1,eMBB,0.0000,18336,0,12,0,0.00,771248,0,31.75
970,2,eMBB,2.4448,18336,3056,12,2,0.00,708817,0,31.75
970,3,eMBB,4.8896,18336,6112,12,4,0.00,589971,0,31.75
970,4,eMBB,0.0000,18336,0,12,0,0.00,616668,0,31.75
970,5,eMBB,0.0000,18336,0,12,0,0.00,782633,0,31.75
970,6,URLLC,0.2496,390,312,5,4,0.00,87,0,26.57
970,7,URLLC,0.0000,390,0,5,0,0.00,1174,0,26.57
970,8,URLLC,0.2496,390,312,5,4,0.00,87,0,26.57
970,9,URLLC,0.3120,390,390,5,5,0.00,87,0,26.57
970,10,URLLC,0.0000,390,0,5,0,0.00,1704,0,26.57
970,11,MTC,0.2048,384,256,3,2,0.00,137,0,41.68
970,12,MTC,0.2048,384,256,3,2,0.00,137,0,41.68
970,13,MTC,0.2048,384,256,3,2,0.00,137,0,41.68
970,14,MTC,0.2048,384,256,3,2,0.00,137,0,41.68
970,15,MTC,0.3072,384,384,3,3,0.00,137,0,41.68
970,16,MTC,0.0000,384,0,3,0,0.00,533,0,41.68
970,17,MTC,0.2048,384,256,3,2,0.00,137,0,41.68
970,18,MTC,0.0000,384,0,3,0,0.00,269,0,41.68
970,19,MTC,0.2048,384,256,3,2,0.00,137,0,41.68
970,20,MTC,0.2048,384,256,3,2,0.00,137,0,41.68
980,1,eMBB,0.0000,16808,0,11,0,0.00,803019,0,26.22
980,2,eMBB,1.2224,16808,1528,11,1,0.00,724584,0,26.22
980,3,eMBB,4.8896,16808,6112,11,4,0.00,602252,0,26.22
980,4,eMBB,0.0000,16808,0,11,0,0.00,631528,0,26.22
980,5,eMBB,0.0000,16808,0,11,0,0.00,785331,0,26.22
980,6,URLLC,0.3120,390,390,5,5,0.00,87,0,32.26
980,7,URLLC,0.0000,390,0,5,0,0.00,1174,0,32.26
980,8,URLLC,0.3120,390,390,5,5,0.00,87,0,32.26
980,9,URLLC,0.4992,390,624,5,8,0.00,87,0,32.26
980,10,URLLC,0.0000,390,0,5,0,0.00,1704,0,32.26
980,11,MTC,0.2048,256,256,2,2,0.00,137,0,41.53
980,12,MTC,0.2048,256,256,2,2,0.00,137,0,41.53
980,13,MTC,0.2048,256,256,2,2,0.00,137,0,41.53
980,14,MTC,0.2048,256,256,2,2,0.00,137,0,41.53
980,15,MTC,0.2048,256,256,2,2,0.00,44,0,41.53
980,16,MTC,0.0000,256,0,2,0,0.00,269,0,41.53
980,17,MTC,0.2048,256,256,2,2,0.00,137,0,41.53
980,18,MTC,0.0000,256,0,2,0,0.00,137,0,41.53
980,19,MTC,0.2048,256,256,2,2,0.00,137,0,41.53
980,20,MTC,0.2048,256,256,2,2,0.00,137,0,41.53
990,1,eMBB,0.0000,18336,0,12,0,0.00,825176,0,32.59
990,2,eMBB,3.6672,18336,4584,12,3,0.00,737910,0,32.59
990,3,eMBB,6.1120,18336,7640,12,5,0.00,612105,0,32.59
990,4,eMBB,0.0000,18336,0,12,0,0.00,644617,0,32.59
990,5,eMBB,0.0000,18336,0,12,0,0.00,818580,0,32.59
990,6,URLLC,0.3744,390,468,5,6,0.00,87,0,45.43
990,7,URLLC,0.0000,390,0,5,0,0.00,1174,0,45.43
990,8,URLLC,0.3744,390,468,5,6,0.00,87,0,45.43
990,9,URLLC,0.0624,390,78,5,1,0.00,87,0,45.43
990,10,URLLC,0.0000,390,0,5,0,0.00,1260,0,45.43
990,11,MTC,0.3072,384,384,3,3,0.00,137,0,21.98
990,12,MTC,0.3072,384,384,3,3,0.00,137,0,21.98
990,13,MTC,0.3072,384,384,3,3,0.00,137,0,21.98
990,14,MTC,0.3072,384,384,3,3,0.00,137,0,21.98
990,15,MTC,0.3072,384,384,3,3,0.00,137,0,21.98
990,16,MTC,0.0000,384,0,3,0,0.00,269,0,21.98
990,17,MTC,0.3072,384,384,3,3,0.00,137,0,21.98
990,18,MTC,0.0000,384,0,3,0,0.00,401,0,21.98
990,19,MTC,0.3072,384,384,3,3,0.00,137,0,21.98
990,20,MTC,0.3072,384,384,3,3,0.00,137,0,21.98
1000,1,eMBB,0.0000,18336,0,12,0,0.00,842701,0,36.66
1000,2,eMBB,2.4448,18336,3056,12,2,0.00,750706,0,36.66
1000,3,eMBB,4.8896,18336,6112,12,4,0.00,621793,0,36.66
1000,4,eMBB,0.0000,18336,0,12,0,0.00,657281,0,36.66
1000,5,eMBB,0.0000,18336,0,12,0,0.00,831202,0,36.66
1000,6,URLLC,0.3120,390,390,5,5,0.00,87,0,28.06
1000,7,URLLC,0.0000,390,0,5,0,0.00,3738,0,28.06
1000,8,URLLC,0.3120,390,390,5,5,0.00,87,0,28.06
1000,9,URLLC,0.2496,390,312,5,4,0.00,87,0,28.06
1000,10,URLLC,0.3744,390,468,5,6,0.00,1026,0,28.06
1000,11,MTC,0.3072,256,384,2,3,0.00,137,0,35.28
1000,12,MTC,0.3072,256,384,2,3,0.00,137,0,35.28
1000,13,MTC,0.3072,256,384,2,3,0.00,137,0,35.28
1000,14,MTC,0.3072,256,384,2,3,0.00,137,0,35.28
1000,15,MTC,0.3072,256,384,2,3,0.00,58,0,35.28
1000,16,MTC,0.0000,256,0,2,0,0.00,269,0,35.28
1000,17,MTC,0.3072,256,384,2,3,0.00,137,0,35.28
1000,18,MTC,0.0000,256,0,2,0,0.00,567,0,35.28
1000,19,MTC,0.3072,256,384,2,3,0.00,137,0,35.28
1000,20,MTC,0.3072,256,384,2,3,0.00,137,0,35.28
1010,1,eMBB,0.0000,16808,0,11,0,0.00,842701,0,32.19
1010,2,eMBB,2.4448,16808,3056,11,2,0.00,767383,0,32.19
1010,3,eMBB,3.6672,16808,4584,11,3,0.00,636056,0,32.19
1010,4,eMBB,33.0048,16808,41256,11,27,0.00,669132,0,32.19
1010,5,eMBB,0.0000,16808,0,11,0,0.00,849060,0,32.19
1010,6,URLLC,0.3120,390,390,5,5,0.00,87,0,32.33
1010,7,URLLC,0.0000,390,0,5,0,0.00,3738,0,32.33
1010,8,URLLC,0.3120,390,390,5,5,0.00,87,0,32.33
1010,9,URLLC,0.6240,390,780,5,10,0.00,87,0,32.33
1010,10,URLLC,0.0000,390,0,5,0,0.00,883,0,32.33
1010,11,MTC,0.2048,384,256,3,2,0.00,137,0,35.48
1010,12,MTC,0.2048,384,256,3,2,0.00,137,0,35.48
1010,13,MTC,0.2048,384,256,3,2,0.00,137,0,35.48
1010,14,MTC,0.2048,384,256,3,2,0.00,137,0,35.48
1010,15,MTC,0.2048,384,256,3,2,0.00,66,0,35.48
1010,16,MTC,0.0000,384,0,3,0,0.00,549,0,35.48
1010,17,MTC,0.2048,384,256,3,2,0.00,137,0,35.48
1010,18,MTC,0.0000,384,0,3,0,0.00,401,0,35.48
1010,19,MTC,0.2048,384,256,3,2,0.00,137,0,35.48
1010,20,MTC,0.2048,384,256,3,2,0.00,137,0,35.48
1020,1,eMBB,0.0000,18336,0,12,0,0.00,866687,0,27.14
1020,2,eMBB,2.4448,18336,3056,12,2,0.00,782176,0,27.14
1020,3,eMBB,4.8896,18336,6112,12,4,0.00,647674,0,27.14
1020,4,eMBB,3.6672,18336,4584,12,3,0.00,680757,0,27.14
1020,5,eMBB,0.0000,18336,0,12,0,0.00,860808,0,27.14
1020,6,URLLC,0.3120,390,390,5,5,0.00,87,0,53.54
1020,7,URLLC,0.0000,390,0,5,0,0.00,2664,0,53.54
1020,8,URLLC,0.3120,390,390,5,5,0.00,87,0,53.54
1020,9,URLLC,0.1248,390,156,5,2,0.00,251,0,53.54
1020,10,URLLC,0.0000,390,0,5,0,0.00,169,0,53.54
1020,11,MTC,0.3072,256,384,2,3,0.00,21,0,19.32
1020,12,MTC,0.3072,256,384,2,3,0.00,137,0,19.32
1020,13,MTC,0.3072,256,384,2,3,0.00,137,0,19.32
1020,14,MTC,0.3072,256,384,2,3,0.00,137,0,19.32
1020,15,MTC,0.3072,256,384,2,3,0.00,95,0,19.32
1020,16,MTC,0.0000,256,0,2,0,0.00,401,0,19.32
1020,17,MTC,0.3072,256,384,2,3,0.00,137,0,19.32
1020,18,MTC,0.0000,256,0,2,0,0.00,401,0,19.32
1020,19,MTC,0.3072,256,384,2,3,0.00,137,0,19.32
1020,20,MTC,0.3072,256,384,2,3,0.00,137,0,19.32
1030,1,eMBB,0.0000,18336,0,12,0,0.00,892533,0,28.88
1030,2,eMBB,1.2224,18336,1528,12,1,0.00,797460,0,28.88
1030,3,eMBB,3.6672,18336,4584,12,3,0.00,660047,0,28.88
1030,4,eMBB,4.8896,18336,6112,12,4,0.00,693728,0,28.88
1030,5,eMBB,0.0000,18336,0,12,0,0.00,885428,0,28.88
1030,6,URLLC,0.3120,390,390,5,5,0.00,87,0,30.50
1030,7,URLLC,0.0000,390,0,5,0,0.00,2235,0,30.50
1030,8,URLLC,0.3120,390,390,5,5,0.00,87,0,30.50
1030,9,URLLC,0.3120,390,390,5,5,0.00,169,0,30.50
1030,10,URLLC,0.0000,390,0,5,0,0.00,169,0,30.50
1030,11,MTC,0.2048,384,256,3,2,0.00,137,0,40.62
1030,12,MTC,0.2048,384,256,3,2,0.00,137,0,40.62
1030,13,MTC,0.2048,384,256,3,2,0.00,137,0,40.62
1030,14,MTC,0.2048,384,256,3,2,0.00,137,0,40.62
1030,15,MTC,0.2048,384,256,3,2,0.00,137,0,40.62
1030,16,MTC,0.0000,384,0,3,0,0.00,435,0,40.62
1030,17,MTC,0.2048,384,256,3,2,0.00,137,0,40.62
1030,18,MTC,0.0000,384,0,3,0,0.00,891,0,40.62
1030,19,MTC,0.2048,384,256,3,2,0.00,137,0,40.62
1030,20,MTC,0.2048,384,256,3,2,0.00,137,0,40.62
1040,1,eMBB,0.0000,16808,0,11,0,0.00,915904,0,41.27
1040,2,eMBB,3.6672,16808,4584,11,3,0.00,812926,0,41.27
1040,3,eMBB,6.1120,16808,7640,11,5,0.00,672448,0,41.27
1040,4,eMBB,0.0000,16808,0,11,0,0.00,704300,0,41.27
1040,5,eMBB,0.0000,16808,0,11,0,0.00,901976,0,41.27
1040,6,URLLC,0.2496,390,312,5,4,0.00,87,0,32.72
1040,7,URLLC,0.0000,390,0,5,0,0.00,2235,0,32.72
1040,8,URLLC,0.2496,390,312,5,4,0.00,87,0,32.72
1040,9,URLLC,0.3120,390,390,5,5,0.00,87,0,32.72
1040,10,URLLC,0.0000,390,0,5,0,0.00,579,0,32.72
1040,11,MTC,0.2048,256,256,2,2,0.00,137,0,26.00
1040,12,MTC,0.2048,256,256,2,2,0.00,137,0,26.00
1040,13,MTC,0.2048,256,256,2,2,0.00,137,0,26.00
1040,14,MTC,0.2048,256,256,2,2,0.00,137,0,26.00
1040,15,MTC,0.2048,256,256,2,2,0.00,80,0,26.00
1040,16,MTC,0.0000,256,0,2,0,0.00,435,0,26.00
1040,17,MTC,0.2048,256,256,2,2,0.00,137,0,26.00
1040,18,MTC,0.0000,256,0,2,0,0.00,137,0,26.00
1040,19,MTC,0.2048,256,256,2,2,0.00,137,0,26.00
1040,20,MTC,0.2048,256,256,2,2,0.00,137,0,26.00
1050,1,eMBB,0.0000,18336,0,12,0,0.00,930810,0,32.78
1050,2,eMBB,1.2224,18336,1528,12,1,0.00,827222,0,32.78
1050,3,eMBB,6.1120,18336,7640,12,5,0.00,682707,0,32.78
1050,4,eMBB,3.6672,18336,4584,12,3,0.00,717806,0,32.78
1050,5,eMBB,0.0000,18336,0,12,0,0.00,907614,0,32.78
1050,6,URLLC,0.3120,390,390,5,5,0.00,87,0,27.84
1050,7,URLLC,0.0000,390,0,5,0,0.00,2360,0,27.84
1050,8,URLLC,0.3120,390,390,5,5,0.00,87,0,27.84
1050,9,URLLC,0.1248,390,156,5,2,0.00,87,0,27.84
1050,10,URLLC,0.0000,390,0,5,0,0.00,87,0,27.84
1050,11,MTC,0.3072,384,384,3,3,0.00,137,0,39.37
1050,12,MTC,0.3072,384,384,3,3,0.00,137,0,39.37
1050,13,MTC,0.3072,384,384,3,3,0.00,137,0,39.37
1050,14,MTC,0.3072,384,384,3,3,0.00,137,0,39.37
1050,15,MTC,0.3072,384,384,3,3,0.00,137,0,39.37
1050,16,MTC,0.0000,384,0,3,0,0.00,435,0,39.37
1050,17,MTC,0.3072,384,384,3,3,0.00,137,0,39.37
1050,18,MTC,0.0000,384,0,3,0,0.00,417,0,39.37
1050,19,MTC,0.3072,384,384,3,3,0.00,137,0,39.37
1050,20,MTC,0.3072,384,384,3,3,0.00,137,0,39.37
1060,1,eMBB,0.0000,18336,0,12,0,0.00,943341,0,25.47
1060,2,eMBB,2.4448,18336,3056,12,2,0.00,842966,0,25.47
1060,3,eMBB,4.8896,18336,6112,12,4,0.00,695503,0,25.47
1060,4,eMBB,8.5568,18336,10696,12,7,0.00,733029,0,25.47
1060,5,eMBB,0.0000,18336,0,12,0,0.00,925294,0,25.47
1060,6,URLLC,0.3744,390,468,5,6,0.00,87,0,40.38
1060,7,URLLC,0.0000,390,0,5,0,0.00,2360,0,40.38
1060,8,URLLC,0.3744,390,468,5,6,0.00,87,0,40.38
1060,9,URLLC,0.0000,390,0,5,0,0.00,87,0,40.38
1060,10,URLLC,0.0000,390,0,5,0,0.00,87,0,40.38
1060,11,MTC,0.3072,256,384,2,3,0.00,137,0,34.15
1060,12,MTC,0.3072,256,384,2,3,0.00,137,0,34.15
1060,13,MTC,0.3072,256,384,2,3,0.00,137,0,34.15
1060,14,MTC,0.3072,256,384,2,3,0.00,137,0,34.15
1060,15,MTC,0.2048,256,256,2,2,0.00,58,0,34.15
1060,16,MTC,0.0000,256,0,2,0,0.00,137,0,34.15
1060,17,MTC,0.3072,256,384,2,3,0.00,137,0,34.15
1060,18,MTC,0.0000,256,0,2,0,0.00,592,0,34.15
1060,19,MTC,0.3072,256,384,2,3,0.00,137,0,34.15
1060,20,MTC,0.2048,256,256,2,2,0.00,137,0,34.15
1070,1,eMBB,0.0000,16808,0,11,0,0.00,958250,0,48.92
1070,2,eMBB,3.6672,16808,4584,11,3,0.00,855227,0,48.92
1070,3,eMBB,6.1120,16808,7640,11,5,0.00,703774,0,48.92
1070,4,eMBB,6.1120,16808,7640,11,5,0.00,742196,0,48.92
1070,5,eMBB,0.0000,16808,0,11,0,0.00,949954,0,48.92
1070,6,URLLC,0.3120,390,390,5,5,0.00,87,0,27.89
1070,7,URLLC,0.0000,390,0,5,0,0.00,2360,0,27.89
1070,8,URLLC,0.3120,390,390,5,5,0.00,87,0,27.89
1070,9,URLLC,0.0000,390,0,5,0,0.00,169,0,27.89
1070,10,URLLC,0.7488,390,936,5,12,0.00,743,0,27.89
1070,11,MTC,0.2048,384,256,3,2,0.00,137,0,23.19
1070,12,MTC,0.2048,384,256,3,2,0.00,137,0,23.19
1070,13,MTC,0.2048,384,256,3,2,0.00,137,0,23.19
1070,14,MTC,0.2048,384,256,3,2,0.00,137,0,23.19
1070,15,MTC,0.3072,384,384,3,3,0.00,87,0,23.19
1070,16,MTC,0.0000,384,0,3,0,0.00,137,0,23.19
1070,17,MTC,0.2048,384,256,3,2,0.00,137,0,23.19
1070,18,MTC,0.0000,384,0,3,0,0.00,592,0,23.19
1070,19,MTC,0.2048,384,256,3,2,0.00,137,0,23.19
1070,20,MTC,0.0000,384,0,3,0,0.00,137,0,23.19
1080,1,eMBB,0.0000,18336,0,12,0,0.00,969926,0,27.02
1080,2,eMBB,2.4448,18336,3056,12,2,0.00,870016,0,27.02
1080,3,eMBB,4.8896,18336,6112,12,4,0.00,715437,0,27.02
1080,4,eMBB,2.4448,18336,3056,12,2,0.00,754647,0,27.02
1080,5,eMBB,0.0000,18336,0,12,0,0.00,954843,0,27.02
1080,6,URLLC,0.3120,390,390,5,5,0.00,87,0,49.34
1080,7,URLLC,0.0000,390,0,5,0,0.00,2360,0,49.34
1080,8,URLLC,0.3120,390,390,5,5,0.00,87,0,49.34
1080,9,URLLC,0.0000,390,0,5,0,0.00,87,0,49.34
1080,10,URLLC,0.0000,390,0,5,0,0.00,743,0,49.34
1080,11,MTC,0.3072,256,384,2,3,0.00,21,0,23.64
1080,12,MTC,0.3072,256,384,2,3,0.00,137,0,23.64
1080,13,MTC,0.3072,256,384,2,3,0.00,137,0,23.64
1080,14,MTC,0.3072,256,384,2,3,0.00,137,0,23.64
1080,15,MTC,0.3072,256,384,2,3,0.00,95,0,23.64
1080,16,MTC,0.0000,256,0,2,0,0.00,303,0,23.64
1080,17,MTC,0.3072,256,384,2,3,0.00,137,0,23.64
1080,18,MTC,0.0000,256,0,2,0,0.00,724,0,23.64
1080,19,MTC,0.3072,256,384,2,3,0.00,137,0,23.64
1080,20,MTC,0.0000,256,0,2,0,0.00,137,0,23.64
1090,1,eMBB,0.0000,18336,0,12,0,0.00,988879,0,38.57
1090,2,eMBB,2.4448,18336,3056,12,2,0.00,884144,0,38.57
1090,3,eMBB,4.8896,18336,6112,12,4,0.00,725636,0,38.57
1090,4,eMBB,2.4448,18336,3056,12,2,0.00,765353,0,38.57
1090,5,eMBB,0.0000,18336,0,12,0,0.00,972594,0,38.57
1090,6,URLLC,0.3120,390,390,5,5,0.00,87,0,44.08
1090,7,URLLC,0.0000,390,0,5,0,0.00,3125,0,44.08
1090,8,URLLC,0.3120,390,390,5,5,0.00,87,0,44.08
1090,9,URLLC,0.0000,390,0,5,0,0.00,169,0,44.08
1090,10,URLLC,0.0000,390,0,5,0,0.00,743,0,44.08
1090,11,MTC,0.2048,384,256,3,2,0.00,39,0,17.36
1090,12,MTC,0.2048,384,256,3,2,0.00,137,0,17.36
1090,13,MTC,0.2048,384,256,3,2,0.00,137,0,17.36
1090,14,MTC,0.2048,384,256,3,2,0.00,137,0,17.36
1090,15,MTC,0.2048,384,256,3,2,0.00,102,0,17.36
1090,16,MTC,0.0000,384,0,3,0,0.00,303,0,17.36
1090,17,MTC,0.2048,384,256,3,2,0.00,137,0,17.36
1090,18,MTC,0.0000,384,0,3,0,0.00,724,0,17.36
1090,19,MTC,0.2048,384,256,3,2,0.00,137,0,17.36
1090,20,MTC,0.0000,384,0,3,0,0.00,137,0,17.36
1100,1,eMBB,0.0000,16808,0,11,0,0.00,988879,0,25.08
1100,2,eMBB,2.4448,16808,3056,11,2,0.00,900373,0,25.08
1100,3,eMBB,6.1120,16808,7640,11,5,0.00,738432,0,25.08
1100,4,eMBB,0.0000,16808,0,11,0,0.00,777701,0,25.08
1100,5,eMBB,0.0000,16808,0,11,0,0.00,990434,0,25.08
1100,6,URLLC,0.3120,390,390,5,5,0.00,87,0,31.09
1100,7,URLLC,0.0000,390,0,5,0,0.00,3125,0,31.09
1100,8,URLLC,0.3120,390,390,5,5,0.00,87,0,31.09
1100,9,URLLC,0.0000,390,0,5,0,0.00,251,0,31.09
1100,10,URLLC,0.9360,390,1170,5,15,0.00,1521,0,31.09
1100,11,MTC,0.3072,256,384,2,3,0.00,137,0,43.83
1100,12,MTC,0.3072,256,384,2,3,0.00,137,0,43.83
1100,13,MTC,0.3072,256,384,2,3,0.00,137,0,43.83
1100,14,MTC,0.3072,256,384,2,3,0.00,137,0,43.83
1100,15,MTC,0.2048,256,256,2,2,0.00,51,0,43.83
1100,16,MTC,0.0000,256,0,2,0,0.00,797,0,43.83
1100,17,MTC,0.3072,256,384,2,3,0.00,137,0,43.83
1100,18,MTC,0.0000,256,0,2,0,0.00,1063,0,43.83
1100,19,MTC,0.3072,256,384,2,3,0.00,137,0,43.83
1100,20,MTC,0.0000,256,0,2,0,0.00,137,0,43.83
1110,1,eMBB,0.0000,18336,0,12,0,0.00,988879,0,36.72
1110,2,eMBB,2.4448,18336,3056,12,2,0.00,914024,0,36.72
1110,3,eMBB,4.8896,18336,6112,12,4,0.00,749311,0,36.72
1110,4,eMBB,0.0000,18336,0,12,0,0.00,789252,0,36.72
1110,5,eMBB,0.0000,18336,0,12,0,0.00,1008434,0,36.72
1110,6,URLLC,0.2496,390,312,5,4,0.00,87,0,39.71
1110,7,URLLC,0.0000,390,0,5,0,0.00,3125,0,39.71
1110,8,URLLC,0.2496,390,312,5,4,0.00,87,0,39.71
1110,9,URLLC,0.0000,390,0,5,0,0.00,87,0,39.71
1110,10,URLLC,0.8736,390,1092,5,14,0.00,87,0,39.71
1110,11,MTC,0.2048,384,256,3,2,0.00,137,0,23.58
1110,12,MTC,0.2048,384,256,3,2,0.00,137,0,23.58
1110,13,MTC,0.2048,384,256,3,2,0.00,137,0,23.58
1110,14,MTC,0.2048,384,256,3,2,0.00,137,0,23.58
1110,15,MTC,0.3072,384,384,3,3,0.00,137,0,23.58
1110,16,MTC,0.0000,384,0,3,0,0.00,406,0,23.58
1110,17,MTC,0.2048,384,256,3,2,0.00,137,0,23.58
1110,18,MTC,0.0000,384,0,3,0,0.00,165,0,23.58
1110,19,MTC,0.2048,384,256,3,2,0.00,137,0,23.58
1110,20,MTC,0.4096,384,512,3,4,0.00,137,0,23.58
1120,1,eMBB,0.0000,18336,0,12,0,0.00,1043309,0,39.67
1120,2,eMBB,3.6672,18336,4584,12,3,0.00,928281,0,39.67
1120,3,eMBB,6.1120,18336,7640,12,5,0.00,759739,0,39.67
1120,4,eMBB,0.0000,18336,0,12,0,0.00,806044,0,39.67
1120,5,eMBB,0.0000,18336,0,12,0,0.00,1008434,0,39.67
1120,6,URLLC,0.3120,390,390,5,5,0.00,87,0,30.00
1120,7,URLLC,0.0000,390,0,5,0,0.00,3585,0,30.00
1120,8,URLLC,0.3120,390,390,5,5,0.00,87,0,30.00
1120,9,URLLC,0.0000,390,0,5,0,0.00,169,0,30.00
1120,10,URLLC,0.0000,390,0,5,0,0.00,87,0,30.00
1120,11,MTC,0.2048,256,256,2,2,0.00,137,0,30.33
1120,12,MTC,0.2048,256,256,2,2,0.00,137,0,30.33
1120,13,MTC,0.2048,256,256,2,2,0.00,137,0,30.33
1120,14,MTC,0.2048,256,256,2,2,0.00,137,0,30.33
1120,15,MTC,0.2048,256,256,2,2,0.00,80,0,30.33
1120,16,MTC,0.0000,256,0,2,0,0.00,137,0,30.33
1120,17,MTC,0.2048,256,256,2,2,0.00,137,0,30.33
1120,18,MTC,0.0000,256,0,2,0,0.00,137,0,30.33
1120,19,MTC,0.2048,256,256,2,2,0.00,137,0,30.33
1120,20,MTC,0.0000,256,0,2,0,0.00,137,0,30.33
1130,1,eMBB,0.0000,16808,0,11,0,0.00,1043309,0,22.52
1130,2,eMBB,3.6672,16808,4584,11,3,0.00,943639,0,22.52
1130,3,eMBB,6.1120,16808,7640,11,5,0.00,772104,0,22.52
1130,4,eMBB,0.0000,16808,0,11,0,0.00,809998,0,22.52
1130,5,eMBB,0.0000,16808,0,11,0,0.00,1052077,0,22.52
1130,6,URLLC,0.3744,390,468,5,6,0.00,87,0,56.19
1130,7,URLLC,0.0000,390,0,5,0,0.00,3444,0,56.19
1130,8,URLLC,0.3744,390,468,5,6,0.00,87,0,56.19
1130,9,URLLC,2.4960,390,3120,5,40,0.00,169,0,56.19
1130,10,URLLC,1.1232,390,1404,5,18,0.00,497,0,56.19
1130,11,MTC,0.3072,384,384,3,3,0.00,137,0,21.29
1130,12,MTC,0.3072,384,384,3,3,0.00,137,0,21.29
1130,13,MTC,0.3072,384,384,3,3,0.00,137,0,21.29
1130,14,MTC,0.3072,384,384,3,3,0.00,137,0,21.29
1130,15,MTC,0.3072,384,384,3,3,0.00,137,0,21.29
1130,16,MTC,0.0000,384,0,3,0,0.00,401,0,21.29
1130,17,MTC,0.3072,384,384,3,3,0.00,137,0,21.29
1130,18,MTC,0.0000,384,0,3,0,0.00,269,0,21.29
1130,19,MTC,0.3072,384,384,3,3,0.00,137,0,21.29
1130,20,MTC,1.3312,384,1664,3,13,0.00,137,0,21.29
1140,1,eMBB,0.0000,18336,0,12,0,0.00,1074304,0,39.90
1140,2,eMBB,2.4448,18336,3056,12,2,0.00,956005,0,39.90
1140,3,eMBB,4.8896,18336,6112,12,4,0.00,781231,0,39.90
1140,4,eMBB,0.0000,18336,0,12,0,0.00,820001,0,39.90
1140,5,eMBB,0.0000,18336,0,12,0,0.00,1069391,0,39.90
1140,6,URLLC,0.3120,390,390,5,5,0.00,87,0,24.26
1140,7,URLLC,0.0000,390,0,5,0,0.00,2802,0,24.26
1140,8,URLLC,0.3120,390,390,5,5,0.00,87,0,24.26
1140,9,URLLC,0.1872,390,234,5,3,0.00,87,0,24.26
1140,10,URLLC,0.0000,390,0,5,0,0.00,251,0,24.26
1140,11,MTC,0.3072,256,384,2,3,0.00,137,0,35.84
1140,12,MTC,0.3072,256,384,2,3,0.00,137,0,35.84
1140,13,MTC,0.3072,256,384,2,3,0.00,137,0,35.84
1140,14,MTC,0.3072,256,384,2,3,0.00,137,0,35.84
1140,15,MTC,0.3072,256,384,2,3,0.00,58,0,35.84
1140,16,MTC,0.0000,256,0,2,0,0.00,303,0,35.84
1140,17,MTC,0.3072,256,384,2,3,0.00,137,0,35.84
1140,18,MTC,0.0000,256,0,2,0,0.00,269,0,35.84
1140,19,MTC,0.3072,256,384,2,3,0.00,137,0,35.84
1140,20,MTC,0.0000,256,0,2,0,0.00,137,0,35.84
1150,1,eMBB,0.0000,18336,0,12,0,0.00,1098263,0,29.56
1150,2,eMBB,2.4448,18336,3056,12,2,0.00,970269,0,29.56
1150,3,eMBB,6.1120,18336,7640,12,5,0.00,791120,0,29.56
1150,4,eMBB,0.0000,18336,0,12,0,0.00,836322,0,29.56
1150,5,eMBB,0.0000,18336,0,12,0,0.00,1069391,0,29.56
1150,6,URLLC,0.3120,390,390,5,5,0.00,87,0,43.72
1150,7,URLLC,0.0000,390,0,5,0,0.00,2802,0,43.72
1150,8,URLLC,0.3120,390,390,5,5,0.00,87,0,43.72
1150,9,URLLC,0.5616,390,702,5,9,0.00,87,0,43.72
1150,10,URLLC,0.0000,390,0,5,0,0.00,251,0,43.72
1150,11,MTC,0.2048,384,256,3,2,0.00,137,0,26.72
1150,12,MTC,0.2048,384,256,3,2,0.00,137,0,26.72
1150,13,MTC,0.2048,384,256,3,2,0.00,137,0,26.72
1150,14,MTC,0.2048,384,256,3,2,0.00,137,0,26.72
1150,15,MTC,0.2048,384,256,3,2,0.00,80,0,26.72
1150,16,MTC,0.0000,384,0,3,0,0.00,401,0,26.72
1150,17,MTC,0.2048,384,256,3,2,0.00,137,0,26.72
1150,18,MTC,0.0000,384,0,3,0,0.00,567,0,26.72
1150,19,MTC,0.2048,384,256,3,2,0.00,137,0,26.72
1150,20,MTC,0.0000,384,0,3,0,0.00,137,0,26.72
1160,1,eMBB,0.0000,16808,0,11,0,0.00,1098263,0,45.31
1160,2,eMBB,2.4448,16808,3056,11,2,0.00,985681,0,45.31
1160,3,eMBB,4.8896,16808,6112,11,4,0.00,802959,0,45.31
1160,4,eMBB,0.0000,16808,0,11,0,0.00,846151,0,45.31
1160,5,eMBB,0.0000,16808,0,11,0,0.00,1092931,0,45.31
1160,6,URLLC,0.3120,390,390,5,5,0.00,87,0,36.05
1160,7,URLLC,0.0000,390,0,5,0,0.00,2538,0,36.05
1160,8,URLLC,0.3120,390,390,5,5,0.00,87,0,36.05
1160,9,URLLC,0.2496,390,312,5,4,0.00,169,0,36.05
1160,10,URLLC,0.1248,390,156,5,2,0.00,743,0,36.05
1160,11,MTC,0.3072,256,384,2,3,0.00,39,0,18.65
1160,12,MTC,0.3072,256,384,2,3,0.00,137,0,18.65
1160,13,MTC,0.3072,256,384,2,3,0.00,137,0,18.65
1160,14,MTC,0.3072,256,384,2,3,0.00,137,0,18.65
1160,15,MTC,0.3072,256,384,2,3,0.00,102,0,18.65
1160,16,MTC,0.0000,256,0,2,0,0.00,533,0,18.65
1160,17,MTC,0.3072,256,384,2,3,0.00,137,0,18.65
1160,18,MTC,0.0000,256,0,2,0,0.00,567,0,18.65
1160,19,MTC,0.3072,256,384,2,3,0.00,137,0,18.65
1160,20,MTC,0.0000,256,0,2,0,0.00,137,0,18.65
1170,1,eMBB,0.0000,18336,0,12,0,0.00,1122320,0,39.02
1170,2,eMBB,2.4448,18336,3056,12,2,0.00,1000798,0,39.02
1170,3,eMBB,4.8896,18336,6112,12,4,0.00,814429,0,39.02
1170,4,eMBB,0.0000,18336,0,12,0,0.00,856780,0,39.02
1170,5,eMBB,0.0000,18336,0,12,0,0.00,1123588,0,39.02
1170,6,URLLC,0.3120,390,390,5,5,0.00,87,0,38.49
1170,7,URLLC,0.0000,390,0,5,0,0.00,1868,0,38.49
1170,8,URLLC,0.3120,390,390,5,5,0.00,87,0,38.49
1170,9,URLLC,0.2496,390,312,5,4,0.00,169,0,38.49
1170,10,URLLC,0.0000,390,0,5,0,0.00,169,0,38.49
1170,11,MTC,0.2048,384,256,3,2,0.00,137,0,22.49
1170,12,MTC,0.2048,384,256,3,2,0.00,137,0,22.49
1170,13,MTC,0.2048,384,256,3,2,0.00,137,0,22.49
1170,14,MTC,0.2048,384,256,3,2,0.00,137,0,22.49
1170,15,MTC,0.2048,384,256,3,2,0.00,137,0,22.49
1170,16,MTC,0.0000,384,0,3,0,0.00,533,0,22.49
1170,17,MTC,0.2048,384,256,3,2,0.00,137,0,22.49
1170,18,MTC,0.0000,384,0,3,0,0.00,137,0,22.49
1170,19,MTC,0.2048,384,256,3,2,0.00,137,0,22.49
1170,20,MTC,0.0000,384,0,3,0,0.00,137,0,22.49
1180,1,eMBB,0.0000,18336,0,12,0,0.00,1153895,0,50.93
1180,2,eMBB,3.6672,18336,4584,12,3,0.00,1014035,0,50.93
1180,3,eMBB,8.5568,18336,10696,12,7,0.00,822458,0,50.93
1180,4,eMBB,0.0000,18336,0,12,0,0.00,868260,0,50.93
1180,5,eMBB,0.0000,18336,0,12,0,0.00,1141179,0,50.93
1180,6,URLLC,0.2496,390,312,5,4,0.00,87,0,25.44
1180,7,URLLC,0.0000,390,0,5,0,0.00,1868,0,25.44
1180,8,URLLC,0.2496,390,312,5,4,0.00,87,0,25.44
1180,9,URLLC,0.3744,390,468,5,6,0.00,87,0,25.44
1180,10,URLLC,0.0000,390,0,5,0,0.00,169,0,25.44
1180,11,MTC,0.2048,256,256,2,2,0.00,137,0,23.62
1180,12,MTC,0.2048,256,256,2,2,0.00,137,0,23.62
1180,13,MTC,0.2048,256,256,2,2,0.00,137,0,23.62
1180,14,MTC,0.2048,256,256,2,2,0.00,137,0,23.62
1180,15,MTC,0.2048,256,256,2,2,0.00,87,0,23.62
1180,16,MTC,0.0000,256,0,2,0,0.00,533,0,23.62
1180,17,MTC,0.2048,256,256,2,2,0.00,137,0,23.62
1180,18,MTC,0.0000,256,0,2,0,0.00,401,0,23.62
1180,19,MTC,0.2048,256,256,2,2,0.00,137,0,23.62
1180,20,MTC,0.9216,256,1152,2,9,0.00,137,0,23.62
1190,1,eMBB,0.0000,16808,0,11,0,0.00,1169445,0,27.79
1190,2,eMBB,3.6672,16808,4584,11,3,0.00,1028510,0,27.79
1190,3,eMBB,6.1120,16808,7640,11,5,0.00,833606,0,27.79
1190,4,eMBB,48.8960,16808,61120,11,40,0.00,892667,0,27.79
1190,5,eMBB,0.0000,16808,0,11,0,0.00,1146514,0,27.79
1190,6,URLLC,0.3120,390,390,5,5,0.00,87,0,53.52
1190,7,URLLC,0.0000,390,0,5,0,0.00,1868,0,53.52
1190,8,URLLC,0.3120,390,390,5,5,0.00,87,0,53.52
1190,9,URLLC,0.0624,390,78,5,1,0.00,87,0,53.52
1190,10,URLLC,0.0000,390,0,5,0,0.00,169,0,53.52
1190,11,MTC,0.3072,384,384,3,3,0.00,137,0,18.69
1190,12,MTC,0.3072,384,384,3,3,0.00,137,0,18.69
1190,13,MTC,0.3072,384,384,3,3,0.00,137,0,18.69
1190,14,MTC,0.3072,384,384,3,3,0.00,137,0,18.69
1190,15,MTC,0.3072,384,384,3,3,0.00,137,0,18.69
1190,16,MTC,0.0000,384,0,3,0,0.00,1508,0,18.69
1190,17,MTC,0.3072,384,384,3,3,0.00,137,0,18.69
1190,18,MTC,0.0000,384,0,3,0,0.00,137,0,18.69
1190,19,MTC,0.3072,384,384,3,3,0.00,137,0,18.69
1190,20,MTC,0.0000,384,0,3,0,0.00,137,0,18.69
1200,1,eMBB,0.0000,18336,0,12,0,0.00,1181126,0,22.10
1200,2,eMBB,1.2224,18336,1528,12,1,0.00,1043376,0,22.10
1200,3,eMBB,3.6672,18336,4584,12,3,0.00,845937,0,22.10
1200,4,eMBB,0.0000,18336,0,12,0,0.00,905490,0,22.10
1200,5,eMBB,0.0000,18336,0,12,0,0.00,1146514,0,22.10
1200,6,URLLC,0.3744,390,468,5,6,0.00,87,0,52.38
1200,7,URLLC,0.0000,390,0,5,0,0.00,989,0,52.38
1200,8,URLLC,0.3744,390,468,5,6,0.00,87,0,52.38
1200,9,URLLC,0.4368,390,546,5,7,0.00,87,0,52.38
1200,10,URLLC,0.0000,390,0,5,0,0.00,169,0,52.38
1200,11,MTC,0.2048,256,256,2,2,0.00,15,0,25.53
1200,12,MTC,0.3072,256,384,2,3,0.00,137,0,25.53
1200,13,MTC,0.3072,256,384,2,3,0.00,137,0,25.53
1200,14,MTC,0.3072,256,384,2,3,0.00,137,0,25.53
1200,15,MTC,0.2048,256,256,2,2,0.00,91,0,25.53
1200,16,MTC,0.0000,256,0,2,0,0.00,1559,0,25.53
1200,17,MTC,0.3072,256,384,2,3,0.00,137,0,25.53
1200,18,MTC,0.0000,256,0,2,0,0.00,264,0,25.53
1200,19,MTC,0.3072,256,384,2,3,0.00,137,0,25.53
1200,20,MTC,0.0000,256,0,2,0,0.00,137,0,25.53
1210,1,eMBB,0.0000,18336,0,12,0,0.00,1196385,0,24.00
1210,2,eMBB,2.4448,18336,3056,12,2,0.00,1056172,0,24.00
1210,3,eMBB,6.1120,18336,7640,12,5,0.00,855808,0,24.00
1210,4,eMBB,4.8896,18336,6112,12,4,0.00,919067,0,24.00
1210,5,eMBB,0.0000,18336,0,12,0,0.00,1190612,0,24.00
1210,6,URLLC,0.3120,390,390,5,5,0.00,87,0,28.57
1210,7,URLLC,0.0000,390,0,5,0,0.00,989,0,28.57
1210,8,URLLC,0.3120,390,390,5,5,0.00,87,0,28.57
1210,9,URLLC,0.2496,390,312,5,4,0.00,87,0,28.57
1210,10,URLLC,0.0000,390,0,5,0,0.00,169,0,28.57
1210,11,MTC,0.3072,384,384,3,3,0.00,137,0,47.43
1210,12,MTC,0.2048,384,256,3,2,0.00,137,0,47.43
1210,13,MTC,0.2048,384,256,3,2,0.00,137,0,47.43
1210,14,MTC,0.2048,384,256,3,2,0.00,137,0,47.43
1210,15,MTC,0.3072,384,384,3,3,0.00,44,0,47.43
1210,16,MTC,0.0000,384,0,3,0,0.00,269,0,47.43
1210,17,MTC,0.2048,384,256,3,2,0.00,137,0,47.43
1210,18,MTC,0.0000,384,0,3,0,0.00,401,0,47.43
1210,19,MTC,0.2048,384,256,3,2,0.00,137,0,47.43
1210,20,MTC,0.0000,384,0,3,0,0.00,137,0,47.43
1220,1,eMBB,0.0000,16808,0,11,0,0.00,1202147,0,25.37
1220,2,eMBB,3.6672,16808,4584,11,3,0.00,1071996,0,25.37
1220,3,eMBB,4.8896,16808,6112,11,4,0.00,867283,0,25.37
1220,4,eMBB,6.1120,16808,7640,11,5,0.00,936870,0,25.37
1220,5,eMBB,0.0000,16808,0,11,0,0.00,1190612,0,25.37
1220,6,URLLC,0.3120,390,390,5,5,0.00,87,0,26.79
1220,7,URLLC,0.0000,390,0,5,0,0.00,989,0,26.79
1220,8,URLLC,0.3120,390,390,5,5,0.00,87,0,26.79
1220,9,URLLC,0.3744,390,468,5,6,0.00,87,0,26.79
1220,10,URLLC,0.0000,390,0,5,0,0.00,169,0,26.79
1220,11,MTC,0.3072,256,384,2,3,0.00,137,0,47.83
1220,12,MTC,0.3072,256,384,2,3,0.00,137,0,47.83
1220,13,MTC,0.3072,256,384,2,3,0.00,137,0,47.83
1220,14,MTC,0.3072,256,384,2,3,0.00,137,0,47.83
1220,15,MTC,0.3072,256,384,2,3,0.00,27,0,47.83
1220,16,MTC,0.0000,256,0,2,0,0.00,137,0,47.83
1220,17,MTC,0.3072,256,384,2,3,0.00,137,0,47.83
1220,18,MTC,0.0000,256,0,2,0,0.00,401,0,47.83
1220,19,MTC,0.3072,256,384,2,3,0.00,137,0,47.83
1220,20,MTC,0.2048,256,256,2,2,0.00,137,0,47.83
1230,1,eMBB,0.0000,18336,0,12,0,0.00,1225085,0,25.36
1230,2,eMBB,1.2224,18336,1528,12,1,0.00,1087335,0,25.36
1230,3,eMBB,4.8896,18336,6112,12,4,0.00,879613,0,25.36
1230,4,eMBB,1.2224,18336,1528,12,1,0.00,946858,0,25.36
1230,5,eMBB,0.0000,18336,0,12,0,0.00,1214740,0,25.36
1230,6,URLLC,0.3120,390,390,5,5,0.00,87,0,27.87
1230,7,URLLC,0.0000,390,0,5,0,0.00,1467,0,27.87
1230,8,URLLC,0.3120,390,390,5,5,0.00,87,0,27.87
1230,9,URLLC,0.3120,390,390,5,5,0.00,579,0,27.87
1230,10,URLLC,0.6240,390,780,5,10,0.00,169,0,27.87
1230,11,MTC,0.2048,384,256,3,2,0.00,137,0,46.76
1230,12,MTC,0.2048,384,256,3,2,0.00,137,0,46.76
1230,13,MTC,0.2048,384,256,3,2,0.00,137,0,46.76
1230,14,MTC,0.2048,384,256,3,2,0.00,137,0,46.76
1230,15,MTC,0.2048,384,256,3,2,0.00,29,0,46.76
1230,16,MTC,0.0000,384,0,3,0,0.00,137,0,46.76
1230,17,MTC,0.2048,384,256,3,2,0.00,137,0,46.76
1230,18,MTC,0.0000,384,0,3,0,0.00,556,0,46.76
1230,19,MTC,0.2048,384,256,3,2,0.00,137,0,46.76
1230,20,MTC,0.7168,384,896,3,7,0.00,137,0,46.76
1240,1,eMBB,0.0000,18336,0,12,0,0.00,1242729,0,37.43
1240,2,eMBB,3.6672,18336,4584,12,3,0.00,1102186,0,37.43
1240,3,eMBB,4.8896,18336,6112,12,4,0.00,890970,0,37.43
1240,4,eMBB,3.6672,18336,4584,12,3,0.00,955908,0,37.43
1240,5,eMBB,0.0000,18336,0,12,0,0.00,1244195,0,37.43
1240,6,URLLC,0.3120,390,390,5,5,0.00,87,0,34.59
1240,7,URLLC,0.0000,390,0,5,0,0.00,1467,0,34.59
1240,8,URLLC,0.3120,390,390,5,5,0.00,87,0,34.59
1240,9,URLLC,0.1872,390,234,5,3,0.00,87,0,34.59
1240,10,URLLC,0.0000,390,0,5,0,0.00,2711,0,34.59
1240,11,MTC,0.3072,256,384,2,3,0.00,137,0,27.98
1240,12,MTC,0.3072,256,384,2,3,0.00,137,0,27.98
1240,13,MTC,0.3072,256,384,2,3,0.00,137,0,27.98
1240,14,MTC,0.3072,256,384,2,3,0.00,137,0,27.98
1240,15,MTC,0.2048,256,256,2,2,0.00,73,0,27.98
1240,16,MTC,0.0000,256,0,2,0,0.00,243,0,27.98
1240,17,MTC,0.3072,256,384,2,3,0.00,137,0,27.98
1240,18,MTC,0.0000,256,0,2,0,0.00,556,0,27.98
1240,19,MTC,0.3072,256,384,2,3,0.00,137,0,27.98
1240,20,MTC,0.0000,256,0,2,0,0.00,137,0,27.98
1250,1,eMBB,0.0000,16808,0,11,0,0.00,1242729,0,25.65
1250,2,eMBB,2.4448,16808,3056,11,2,0.00,1118074,0,25.65
1250,3,eMBB,4.8896,16808,6112,11,4,0.00,904323,0,25.65
1250,4,eMBB,0.0000,16808,0,11,0,0.00,972265,0,25.65
1250,5,eMBB,0.0000,16808,0,11,0,0.00,1244195,0,25.65
1250,6,URLLC,0.2496,390,312,5,4,0.00,87,0,43.44
1250,7,URLLC,0.0000,390,0,5,0,0.00,1453,0,43.44
1250,8,URLLC,0.2496,390,312,5,4,0.00,87,0,43.44
1250,9,URLLC,0.2496,390,312,5,4,0.00,87,0,43.44
1250,10,URLLC,0.0000,390,0,5,0,0.00,813,0,43.44
1250,11,MTC,0.2048,384,256,3,2,0.00,137,0,30.91
1250,12,MTC,0.2048,384,256,3,2,0.00,137,0,30.91
1250,13,MTC,0.2048,384,256,3,2,0.00,137,0,30.91
1250,14,MTC,0.2048,384,256,3,2,0.00,137,0,30.91
1250,15,MTC,0.3072,384,384,3,3,0.00,137,0,30.91
1250,16,MTC,0.0000,384,0,3,0,0.00,137,0,30.91
1250,17,MTC,0.2048,384,256,3,2,0.00,137,0,30.91
1250,18,MTC,0.0000,384,0,3,0,0.00,771,0,30.91
1250,19,MTC,0.2048,384,256,3,2,0.00,137,0,30.91
1250,20,MTC,0.0000,384,0,3,0,0.00,137,0,30.91
1260,1,eMBB,0.0000,18336,0,12,0,0.00,1280592,0,22.28
1260,2,eMBB,2.4448,18336,3056,12,2,0.00,1131861,0,22.28
1260,3,eMBB,4.8896,18336,6112,12,4,0.00,914889,0,22.28
1260,4,eMBB,1.2224,18336,1528,12,1,0.00,986968,0,22.28
1260,5,eMBB,0.0000,18336,0,12,0,0.00,1269659,0,22.28
1260,6,URLLC,0.3120,390,390,5,5,0.00,87,0,34.50
1260,7,URLLC,0.0000,390,0,5,0,0.00,1337,0,34.50
1260,8,URLLC,0.3120,390,390,5,5,0.00,87,0,34.50
1260,9,URLLC,0.0000,390,0,5,0,0.00,169,0,34.50
1260,10,URLLC,0.0000,390,0,5,0,0.00,169,0,34.50
1260,11,MTC,0.2048,256,256,2,2,0.00,137,0,43.22
1260,12,MTC,0.2048,256,256,2,2,0.00,137,0,43.22
1260,13,MTC,0.2048,256,256,2,2,0.00,137,0,43.22
1260,14,MTC,0.2048,256,256,2,2,0.00,137,0,43.22
1260,15,MTC,0.2048,256,256,2,2,0.00,44,0,43.22
1260,16,MTC,0.0000,256,0,2,0,0.00,269,0,43.22
1260,17,MTC,0.2048,256,256,2,2,0.00,137,0,43.22
1260,18,MTC,0.0000,256,0,2,0,0.00,401,0,43.22
1260,19,MTC,0.2048,256,256,2,2,0.00,137,0,43.22
1260,20,MTC,1.5360,256,1920,2,15,0.00,137,0,43.22
1270,1,eMBB,0.0000,18336,0,12,0,0.00,1280592,0,31.68
1270,2,eMBB,2.4448,18336,3056,12,2,0.00,1146304,0,31.68
1270,3,eMBB,7.3344,18336,9168,12,6,0.00,925326,0,31.68
1270,4,eMBB,1.2224,18336,1528,12,1,0.00,1003592,0,31.68
1270,5,eMBB,0.0000,18336,0,12,0,0.00,1286858,0,31.68
1270,6,URLLC,0.3744,390,468,5,6,0.00,87,0,33.75
1270,7,URLLC,0.0000,390,0,5,0,0.00,861,0,33.75
1270,8,URLLC,0.3744,390,468,5,6,0.00,87,0,33.75
1270,9,URLLC,0.6240,390,780,5,10,0.00,169,0,33.75
1270,10,URLLC,0.0000,390,0,5,0,0.00,415,0,33.75
1270,11,MTC,0.3072,384,384,3,3,0.00,137,0,34.58
1270,12,MTC,0.3072,384,384,3,3,0.00,137,0,34.58
1270,13,MTC,0.3072,384,384,3,3,0.00,137,0,34.58
1270,14,MTC,0.3072,384,384,3,3,0.00,137,0,34.58
1270,15,MTC,0.3072,384,384,3,3,0.00,137,0,34.58
1270,16,MTC,0.0000,384,0,3,0,0.00,137,0,34.58
1270,17,MTC,0.3072,384,384,3,3,0.00,137,0,34.58
1270,18,MTC,0.0000,384,0,3,0,0.00,445,0,34.58
1270,19,MTC,0.3072,384,384,3,3,0.00,137,0,34.58
1270,20,MTC,0.3072,384,384,3,3,0.00,137,0,34.58
1280,1,eMBB,0.0000,16808,0,11,0,0.00,1280592,0,42.90
1280,2,eMBB,3.6672,16808,4584,11,3,0.00,1157676,0,42.90
1280,3,eMBB,6.1120,16808,7640,11,5,0.00,932734,0,42.90
1280,4,eMBB,2.4448,16808,3056,11,2,0.00,1012679,0,42.90
1280,5,eMBB,0.0000,16808,0,11,0,0.00,1306408,0,42.90
1280,6,URLLC,0.3120,390,390,5,5,0.00,87,0,26.19
1280,7,URLLC,0.0000,390,0,5,0,0.00,87,0,26.19
1280,8,URLLC,0.3120,390,390,5,5,0.00,87,0,26.19
1280,9,URLLC,0.0000,390,0,5,0,0.00,87,0,26.19
1280,10,URLLC,0.3744,390,468,5,6,0.00,218,0,26.19
1280,11,MTC,0.3072,256,384,2,3,0.00,137,0,30.91
1280,12,MTC,0.3072,256,384,2,3,0.00,137,0,30.91
1280,13,MTC,0.3072,256,384,2,3,0.00,137,0,30.91
1280,14,MTC,0.3072,256,384,2,3,0.00,137,0,30.91
1280,15,MTC,0.3072,256,384,2,3,0.00,66,0,30.91
1280,16,MTC,0.0000,256,0,2,0,0.00,137,0,30.91
1280,17,MTC,0.3072,256,384,2,3,0.00,137,0,30.91
1280,18,MTC,0.0000,256,0,2,0,0.00,137,0,30.91
1280,19,MTC,0.3072,256,384,2,3,0.00,137,0,30.91
1280,20,MTC,0.3072,256,384,2,3,0.00,137,0,30.91
1290,1,eMBB,0.0000,18336,0,12,0,0.00,1280592,0,30.70
1290,2,eMBB,3.6672,18336,4584,12,3,0.00,1171921,0,30.70
1290,3,eMBB,6.1120,18336,7640,12,5,0.00,943308,0,30.70
1290,4,eMBB,1.2224,18336,1528,12,1,0.00,1027449,0,30.70
1290,5,eMBB,0.0000,18336,0,12,0,0.00,1306408,0,30.70
1290,6,URLLC,0.3120,390,390,5,5,0.00,87,0,45.50
1290,7,URLLC,0.0000,390,0,5,0,0.00,87,0,45.50
1290,8,URLLC,0.3120,390,390,5,5,0.00,87,0,45.50
1290,9,URLLC,0.5616,390,702,5,9,0.00,251,0,45.50
1290,10,URLLC,0.9360,390,1170,5,15,0.00,251,0,45.50
1290,11,MTC,0.2048,384,256,3,2,0.00,137,0,23.80
1290,12,MTC,0.2048,384,256,3,2,0.00,137,0,23.80
1290,13,MTC,0.2048,384,256,3,2,0.00,137,0,23.80
1290,14,MTC,0.2048,384,256,3,2,0.00,137,0,23.80
1290,15,MTC,0.2048,384,256,3,2,0.00,87,0,23.80
1290,16,MTC,0.0000,384,0,3,0,0.00,269,0,23.80
1290,17,MTC,0.2048,384,256,3,2,0.00,137,0,23.80
1290,18,MTC,0.0000,384,0,3,0,0.00,137,0,23.80
1290,19,MTC,0.2048,384,256,3,2,0.00,137,0,23.80
1290,20,MTC,0.2048,384,256,3,2,0.00,137,0,23.80
1300,1,eMBB,0.0000,18336,0,12,0,0.00,1341830,0,35.75
1300,2,eMBB,2.4448,18336,3056,12,2,0.00,1186262,0,35.75
1300,3,eMBB,4.8896,18336,6112,12,4,0.00,953661,0,35.75
1300,4,eMBB,0.0000,18336,0,12,0,0.00,1045100,0,35.75
1300,5,eMBB,0.0000,18336,0,12,0,0.00,1341110,0,35.75
1300,6,URLLC,0.3120,390,390,5,5,0.00,87,0,24.24
1300,7,URLLC,0.0000,390,0,5,0,0.00,251,0,24.24
1300,8,URLLC,0.3120,390,390,5,5,0.00,87,0,24.24
1300,9,URLLC,0.0624,390,78,5,1,0.00,579,0,24.24
1300,10,URLLC,0.0000,390,0,5,0,0.00,251,0,24.24
1300,11,MTC,0.3072,256,384,2,3,0.00,137,0,40.01
1300,12,MTC,0.3072,256,384,2,3,0.00,137,0,40.01
1300,13,MTC,0.3072,256,384,2,3,0.00,137,0,40.01
1300,14,MTC,0.3072,256,384,2,3,0.00,137,0,40.01
1300,15,MTC,0.3072,256,384,2,3,0.00,44,0,40.01
1300,16,MTC,0.0000,256,0,2,0,0.00,231,0,40.01
1300,17,MTC,0.3072,256,384,2,3,0.00,137,0,40.01
1300,18,MTC,0.0000,256,0,2,0,0.00,99,0,40.01
1300,19,MTC,0.3072,256,384,2,3,0.00,137,0,40.01
1300,20,MTC,0.3072,256,384,2,3,0.00,137,0,40.01
1310,1,eMBB,0.0000,16808,0,11,0,0.00,1359795,0,22.95
1310,2,eMBB,2.4448,16808,3056,11,2,0.00,1202922,0,22.95
1310,3,eMBB,4.8896,16808,6112,11,4,0.00,967371,0,22.95
1310,4,eMBB,0.0000,16808,0,11,0,0.00,1060695,0,22.95
1310,5,eMBB,0.0000,16808,0,11,0,0.00,1357026,0,22.95
1310,6,URLLC,0.3120,390,390,5,5,0.00,87,0,44.50
1310,7,URLLC,0.0000,390,0,5,0,0.00,251,0,44.50
1310,8,URLLC,0.3120,390,390,5,5,0.00,87,0,44.50
1310,9,URLLC,0.4368,390,546,5,7,0.00,87,0,44.50
1310,10,URLLC,0.0000,390,0,5,0,0.00,251,0,44.50
1310,11,MTC,0.2048,384,256,3,2,0.00,137,0,32.55
1310,12,MTC,0.2048,384,256,3,2,0.00,137,0,32.55
1310,13,MTC,0.2048,384,256,3,2,0.00,137,0,32.55
1310,14,MTC,0.2048,384,256,3,2,0.00,137,0,32.55
1310,15,MTC,0.2048,384,256,3,2,0.00,137,0,32.55
1310,16,MTC,0.0000,384,0,3,0,0.00,175,0,32.55
1310,17,MTC,0.2048,384,256,3,2,0.00,137,0,32.55
1310,18,MTC,0.0000,384,0,3,0,0.00,249,0,32.55
1310,19,MTC,0.2048,384,256,3,2,0.00,137,0,32.55
1310,20,MTC,0.2048,384,256,3,2,0.00,137,0,32.55
1320,1,eMBB,0.0000,18336,0,12,0,0.00,1359795,0,46.13
1320,2,eMBB,2.4448,18336,3056,12,2,0.00,1216601,0,46.13
1320,3,eMBB,6.1120,18336,7640,12,5,0.00,977731,0,46.13
1320,4,eMBB,0.0000,18336,0,12,0,0.00,1072504,0,46.13
1320,5,eMBB,0.0000,18336,0,12,0,0.00,1380299,0,46.13
1320,6,URLLC,0.2496,390,312,5,4,0.00,87,0,31.70
1320,7,URLLC,0.0000,390,0,5,0,0.00,1071,0,31.70
1320,8,URLLC,0.2496,390,312,5,4,0.00,87,0,31.70
1320,9,URLLC,0.3744,390,468,5,6,0.00,87,0,31.70
1320,10,URLLC,0.0000,390,0,5,0,0.00,251,0,31.70
1320,11,MTC,0.2048,256,256,2,2,0.00,21,0,22.17
1320,12,MTC,0.2048,256,256,2,2,0.00,137,0,22.17
1320,13,MTC,0.2048,256,256,2,2,0.00,137,0,22.17
1320,14,MTC,0.2048,256,256,2,2,0.00,137,0,22.17
1320,15,MTC,0.2048,256,256,2,2,0.00,95,0,22.17
1320,16,MTC,0.0000,256,0,2,0,0.00,175,0,22.17
1320,17,MTC,0.2048,256,256,2,2,0.00,137,0,22.17
1320,18,MTC,0.0000,256,0,2,0,0.00,533,0,22.17
1320,19,MTC,0.2048,256,256,2,2,0.00,137,0,22.17
1320,20,MTC,0.2048,256,256,2,2,0.00,137,0,22.17
1330,1,eMBB,0.0000,18336,0,12,0,0.00,1397836,0,31.03
1330,2,eMBB,2.4448,18336,3056,12,2,0.00,1231656,0,31.03
1330,3,eMBB,4.8896,18336,6112,12,4,0.00,989845,0,31.03
1330,4,eMBB,0.0000,18336,0,12,0,0.00,1086279,0,31.03
1330,5,eMBB,0.0000,18336,0,12,0,0.00,1380299,0,31.03
1330,6,URLLC,0.3120,390,390,5,5,0.00,87,0,40.06
1330,7,URLLC,0.0000,390,0,5,0,0.00,1071,0,40.06
1330,8,URLLC,0.3120,390,390,5,5,0.00,87,0,40.06
1330,9,URLLC,0.1872,390,234,5,3,0.00,87,0,40.06
1330,10,URLLC,0.0000,390,0,5,0,0.00,1645,0,40.06
1330,11,MTC,0.3072,384,384,3,3,0.00,137,0,28.90
1330,12,MTC,0.3072,384,384,3,3,0.00,137,0,28.90
1330,13,MTC,0.3072,384,384,3,3,0.00,137,0,28.90
1330,14,MTC,0.3072,384,384,3,3,0.00,137,0,28.90
1330,15,MTC,0.3072,384,384,3,3,0.00,137,0,28.90
1330,16,MTC,0.0000,384,0,3,0,0.00,797,0,28.90
1330,17,MTC,0.3072,384,384,3,3,0.00,137,0,28.90
1330,18,MTC,0.0000,384,0,3,0,0.00,533,0,28.90
1330,19,MTC,0.3072,384,384,3,3,0.00,137,0,28.90
1330,20,MTC,0.3072,384,384,3,3,0.00,137,0,28.90
1340,1,eMBB,0.0000,16808,0,11,0,0.00,1397836,0,32.17
1340,2,eMBB,2.4448,16808,3056,11,2,0.00,1247727,0,32.17
1340,3,eMBB,3.6672,16808,4584,11,3,0.00,1003776,0,32.17
1340,4,eMBB,0.0000,16808,0,11,0,0.00,1093314,0,32.17
1340,5,eMBB,0.0000,16808,0,11,0,0.00,1410810,0,32.17
1340,6,URLLC,0.3744,390,468,5,6,0.00,87,0,44.03
1340,7,URLLC,0.0000,390,0,5,0,0.00,247,0,44.03
1340,8,URLLC,0.3744,390,468,5,6,0.00,87,0,44.03
1340,9,URLLC,0.5616,390,702,5,9,0.00,87,0,44.03
1340,10,URLLC,0.4992,390,624,5,8,0.00,169,0,44.03
1340,11,MTC,0.2048,256,256,2,2,0.00,27,0,23.79
1340,12,MTC,0.3072,256,384,2,3,0.00,137,0,23.79
1340,13,MTC,0.3072,256,384,2,3,0.00,137,0,23.79
1340,14,MTC,0.3072,256,384,2,3,0.00,137,0,23.79
1340,15,MTC,0.2048,256,256,2,2,0.00,97,0,23.79
1340,16,MTC,0.0000,256,0,2,0,0.00,797,0,23.79
1340,17,MTC,0.3072,256,384,2,3,0.00,137,0,23.79
1340,18,MTC,0.0000,256,0,2,0,0.00,533,0,23.79
1340,19,MTC,0.3072,256,384,2,3,0.00,137,0,23.79
1340,20,MTC,0.3072,256,384,2,3,0.00,137,0,23.79
1350,1,eMBB,0.0000,18336,0,12,0,0.00,1397836,0,48.17
1350,2,eMBB,3.6672,18336,4584,12,3,0.00,1258883,0,48.17
1350,3,eMBB,7.3344,18336,9168,12,6,0.00,1011236,0,48.17
1350,4,eMBB,0.0000,18336,0,12,0,0.00,1104300,0,48.17
1350,5,eMBB,0.0000,18336,0,12,0,0.00,1428704,0,48.17
1350,6,URLLC,0.3120,390,390,5,5,0.00,87,0,29.95
1350,7,URLLC,0.0000,390,0,5,0,0.00,415,0,29.95
1350,8,URLLC,0.3120,390,390,5,5,0.00,87,0,29.95
1350,9,URLLC,0.0000,390,0,5,0,0.00,87,0,29.95
1350,10,URLLC,0.0000,390,0,5,0,0.00,251,0,29.95
1350,11,MTC,0.3072,384,384,3,3,0.00,137,0,21.88
1350,12,MTC,0.2048,384,256,3,2,0.00,137,0,21.88
1350,13,MTC,0.2048,384,256,3,2,0.00,137,0,21.88
1350,14,MTC,0.2048,384,256,3,2,0.00,137,0,21.88
1350,15,MTC,0.3072,384,384,3,3,0.00,78,0,21.88
1350,16,MTC,0.0000,384,0,3,0,0.00,797,0,21.88
1350,17,MTC,0.2048,384,256,3,2,0.00,137,0,21.88
1350,18,MTC,0.0000,384,0,3,0,0.00,533,0,21.88
1350,19,MTC,0.2048,384,256,3,2,0.00,137,0,21.88
1350,20,MTC,0.2048,384,256,3,2,0.00,137,0,21.88
1360,1,eMBB,0.0000,18336,0,12,0,0.00,1448026,0,47.90
1360,2,eMBB,3.6672,18336,4584,12,3,0.00,1272868,0,47.90
1360,3,eMBB,6.1120,18336,7640,12,5,0.00,1020679,0,47.90
1360,4,eMBB,0.0000,18336,0,12,0,0.00,1121663,0,47.90
1360,5,eMBB,0.0000,18336,0,12,0,0.00,1437239,0,47.90
1360,6,URLLC,0.3120,390,390,5,5,0.00,87,0,27.99
1360,7,URLLC,0.0000,390,0,5,0,0.00,415,0,27.99
1360,8,URLLC,0.3120,390,390,5,5,0.00,87,0,27.99
1360,9,URLLC,0.6240,390,780,5,10,0.00,87,0,27.99
1360,10,URLLC,0.0000,390,0,5,0,0.00,333,0,27.99
1360,11,MTC,0.3072,256,384,2,3,0.00,137,0,24.11
1360,12,MTC,0.3072,256,384,2,3,0.00,137,0,24.11
1360,13,MTC,0.3072,256,384,2,3,0.00,137,0,24.11
1360,14,MTC,0.3072,256,384,2,3,0.00,137,0,24.11
1360,15,MTC,0.3072,256,384,2,3,0.00,87,0,24.11
1360,16,MTC,0.0000,256,0,2,0,0.00,797,0,24.11
1360,17,MTC,0.3072,256,384,2,3,0.00,137,0,24.11
1360,18,MTC,0.0000,256,0,2,0,0.00,137,0,24.11
1360,19,MTC,0.3072,256,384,2,3,0.00,137,0,24.11
1360,20,MTC,0.3072,256,384,2,3,0.00,137,0,24.11
1370,1,eMBB,0.0000,16808,0,11,0,0.00,1470822,0,28.44
1370,2,eMBB,1.2224,16808,1528,11,1,0.00,1288132,0,28.44
1370,3,eMBB,4.8896,16808,6112,11,4,0.00,1032567,0,28.44
1370,4,eMBB,0.0000,16808,0,11,0,0.00,1133456,0,28.44
1370,5,eMBB,0.0000,16808,0,11,0,0.00,1451736,0,28.44
1370,6,URLLC,0.3120,390,390,5,5,0.00,87,0,42.35
1370,7,URLLC,0.0000,390,0,5,0,0.00,199,0,42.35
1370,8,URLLC,0.3120,390,390,5,5,0.00,87,0,42.35
1370,9,URLLC,0.0000,390,0,5,0,0.00,87,0,42.35
1370,10,URLLC,0.0000,390,0,5,0,0.00,333,0,42.35
1370,11,MTC,0.2048,384,256,3,2,0.00,137,0,29.22
1370,12,MTC,0.2048,384,256,3,2,0.00,137,0,29.22
1370,13,MTC,0.2048,384,256,3,2,0.00,137,0,29.22
1370,14,MTC,0.2048,384,256,3,2,0.00,137,0,29.22
1370,15,MTC,0.2048,384,256,3,2,0.00,73,0,29.22
1370,16,MTC,0.0000,384,0,3,0,0.00,1851,0,29.22
1370,17,MTC,0.2048,384,256,3,2,0.00,137,0,29.22
1370,18,MTC,0.0000,384,0,3,0,0.00,269,0,29.22
1370,19,MTC,0.2048,384,256,3,2,0.00,137,0,29.22
1370,20,MTC,0.2048,384,256,3,2,0.00,137,0,29.22
1380,1,eMBB,0.0000,18336,0,12,0,0.00,1494415,0,21.37
1380,2,eMBB,3.6672,18336,4584,12,3,0.00,1302914,0,21.37
1380,3,eMBB,4.8896,18336,6112,12,4,0.00,1043612,0,21.37
1380,4,eMBB,0.0000,18336,0,12,0,0.00,1150872,0,21.37
1380,5,eMBB,0.0000,18336,0,12,0,0.00,1472854,0,21.37
1380,6,URLLC,0.3120,390,390,5,5,0.00,87,0,45.74
1380,7,URLLC,0.0000,390,0,5,0,0.00,199,0,45.74
1380,8,URLLC,0.3120,390,390,5,5,0.00,87,0,45.74
1380,9,URLLC,0.4992,390,624,5,8,0.00,169,0,45.74
1380,10,URLLC,0.0000,390,0,5,0,0.00,333,0,45.74
1380,11,MTC,0.3072,256,384,2,3,0.00,137,0,32.89
1380,12,MTC,0.3072,256,384,2,3,0.00,137,0,32.89
1380,13,MTC,0.3072,256,384,2,3,0.00,137,0,32.89
1380,14,MTC,0.3072,256,384,2,3,0.00,137,0,32.89
1380,15,MTC,0.2048,256,256,2,2,0.00,66,0,32.89
1380,16,MTC,0.0000,256,0,2,0,0.00,993,0,32.89
1380,17,MTC,0.3072,256,384,2,3,0.00,137,0,32.89
1380,18,MTC,0.0000,256,0,2,0,0.00,269,0,32.89
1380,19,MTC,0.3072,256,384,2,3,0.00,137,0,32.89
1380,20,MTC,0.0000,256,0,2,0,0.00,137,0,32.89
1390,1,eMBB,0.0000,18336,0,12,0,0.00,1509546,0,50.57
1390,2,eMBB,2.4448,18336,3056,12,2,0.00,1317620,0,50.57
1390,3,eMBB,7.3344,18336,9168,12,6,0.00,1054464,0,50.57
1390,4,eMBB,0.0000,18336,0,12,0,0.00,1164033,0,50.57
1390,5,eMBB,0.0000,18336,0,12,0,0.00,1499098,0,50.57
1390,6,URLLC,0.2496,390,312,5,4,0.00,87,0,27.10
1390,7,URLLC,0.0000,390,0,5,0,0.00,199,0,27.10
1390,8,URLLC,0.2496,390,312,5,4,0.00,87,0,27.10
1390,9,URLLC,0.3744,390,468,5,6,0.00,87,0,27.10
1390,10,URLLC,0.7488,390,936,5,12,0.00,1317,0,27.10
1390,11,MTC,0.2048,384,256,3,2,0.00,137,0,22.33
1390,12,MTC,0.2048,384,256,3,2,0.00,137,0,22.33
1390,13,MTC,0.2048,384,256,3,2,0.00,137,0,22.33
1390,14,MTC,0.2048,384,256,3,2,0.00,137,0,22.33
1390,15,MTC,0.3072,384,384,3,3,0.00,137,0,22.33
1390,16,MTC,0.0000,384,0,3,0,0.00,993,0,22.33
1390,17,MTC,0.2048,384,256,3,2,0.00,137,0,22.33
1390,18,MTC,0.0000,384,0,3,0,0.00,171,0,22.33
1390,19,MTC,0.2048,384,256,3,2,0.00,137,0,22.33
1390,20,MTC,0.0000,384,0,3,0,0.00,137,0,22.33
1400,1,eMBB,0.0000,16808,0,11,0,0.00,1509546,0,38.21
1400,2,eMBB,3.6672,16808,4584,11,3,0.00,1332101,0,38.21
1400,3,eMBB,6.1120,16808,7640,11,5,0.00,1065030,0,38.21
1400,4,eMBB,22.0032,16808,27504,11,18,0.00,1176455,0,38.21
1400,5,eMBB,0.0000,16808,0,11,0,0.00,1499098,0,38.21
1400,6,URLLC,0.3120,390,390,5,5,0.00,87,0,28.08
1400,7,URLLC,0.0000,390,0,5,0,0.00,1235,0,28.08
1400,8,URLLC,0.3120,390,390,5,5,0.00,87,0,28.08
1400,9,URLLC,0.0000,390,0,5,0,0.00,169,0,28.08
1400,10,URLLC,0.0000,390,0,5,0,0.00,1359,0,28.08
1400,11,MTC,0.2048,256,256,2,2,0.00,137,0,33.71
1400,12,MTC,0.2048,256,256,2,2,0.00,137,0,33.71
1400,13,MTC,0.2048,256,256,2,2,0.00,137,0,33.71
1400,14,MTC,0.2048,256,256,2,2,0.00,137,0,33.71
1400,15,MTC,0.2048,256,256,2,2,0.00,58,0,33.71
1400,16,MTC,0.0000,256,0,2,0,0.00,993,0,33.71
1400,17,MTC,0.2048,256,256,2,2,0.00,137,0,33.71
1400,18,MTC,0.0000,256,0,2,0,0.00,269,0,33.71
1400,19,MTC,0.2048,256,256,2,2,0.00,137,0,33.71
1400,20,MTC,0.0000,256,0,2,0,0.00,137,0,33.71
1410,1,eMBB,0.0000,18336,0,12,0,0.00,1534405,0,36.04
1410,2,eMBB,2.4448,18336,3056,12,2,0.00,1345456,0,36.04
1410,3,eMBB,6.1120,18336,7640,12,5,0.00,1074633,0,36.04
1410,4,eMBB,7.3344,18336,9168,12,6,0.00,1189945,0,36.04
1410,5,eMBB,0.0000,18336,0,12,0,0.00,1530102,0,36.04
1410,6,URLLC,0.3744,390,468,5,6,0.00,87,0,28.93
1410,7,URLLC,0.0000,390,0,5,0,0.00,1235,0,28.93
1410,8,URLLC,0.3744,390,468,5,6,0.00,87,0,28.93
1410,9,URLLC,0.0000,390,0,5,0,0.00,497,0,28.93
1410,10,URLLC,0.0000,390,0,5,0,0.00,1330,0,28.93
1410,11,MTC,0.3072,384,384,3,3,0.00,137,0,35.03
1410,12,MTC,0.3072,384,384,3,3,0.00,137,0,35.03
1410,13,MTC,0.3072,384,384,3,3,0.00,137,0,35.03
1410,14,MTC,0.3072,384,384,3,3,0.00,137,0,35.03
1410,15,MTC,0.3072,384,384,3,3,0.00,137,0,35.03
1410,16,MTC,0.0000,384,0,3,0,0.00,993,0,35.03
1410,17,MTC,0.3072,384,384,3,3,0.00,137,0,35.03
1410,18,MTC,0.0000,384,0,3,0,0.00,533,0,35.03
1410,19,MTC,0.3072,384,384,3,3,0.00,137,0,35.03
1410,20,MTC,0.0000,384,0,3,0,0.00,137,0,35.03
1420,1,eMBB,0.0000,18336,0,12,0,0.00,1558219,0,22.08
1420,2,eMBB,2.4448,18336,3056,12,2,0.00,1358393,0,22.08
1420,3,eMBB,4.8896,18336,6112,12,4,0.00,1084511,0,22.08
1420,4,eMBB,4.8896,18336,6112,12,4,0.00,1199492,0,22.08
1420,5,eMBB,0.0000,18336,0,12,0,0.00,1530102,0,22.08
1420,6,URLLC,0.3120,390,390,5,5,0.00,87,0,43.21
1420,7,URLLC,0.0000,390,0,5,0,0.00,1477,0,43.21
1420,8,URLLC,0.3120,390,390,5,5,0.00,87,0,43.21
1420,9,URLLC,0.0000,390,0,5,0,0.00,87,0,43.21
1420,10,URLLC,0.0000,390,0,5,0,0.00,251,0,43.21
1420,11,MTC,0.3072,256,384,2,3,0.00,137,0,34.71
1420,12,MTC,0.3072,256,384,2,3,0.00,137,0,34.71
1420,13,MTC,0.3072,256,384,2,3,0.00,137,0,34.71
1420,14,MTC,0.3072,256,384,2,3,0.00,137,0,34.71
1420,15,MTC,0.3072,256,384,2,3,0.00,44,0,34.71
1420,16,MTC,0.0000,256,0,2,0,0.00,2161,0,34.71
1420,17,MTC,0.3072,256,384,2,3,0.00,137,0,34.71
1420,18,MTC,0.0000,256,0,2,0,0.00,533,0,34.71
1420,19,MTC,0.3072,256,384,2,3,0.00,137,0,34.71
1420,20,MTC,0.0000,256,0,2,0,0.00,137,0,34.71
1430,1,eMBB,0.0000,16808,0,11,0,0.00,1558219,0,42.01
1430,2,eMBB,2.4448,16808,3056,11,2,0.00,1374949,0,42.01
1430,3,eMBB,4.8896,16808,6112,11,4,0.00,1097990,0,42.01
1430,4,eMBB,0.0000,16808,0,11,0,0.00,1214595,0,42.01
1430,5,eMBB,0.0000,16808,0,11,0,0.00,1565587,0,42.01
1430,6,URLLC,0.3120,390,390,5,5,0.00,87,0,25.50
1430,7,URLLC,0.0000,390,0,5,0,0.00,1025,0,25.50
1430,8,URLLC,0.3120,390,390,5,5,0.00,87,0,25.50
1430,9,URLLC,1.2480,390,1560,5,20,0.00,87,0,25.50
1430,10,URLLC,0.0000,390,0,5,0,0.00,202,0,25.50
1430,11,MTC,0.2048,384,256,3,2,0.00,137,0,32.50
1430,12,MTC,0.2048,384,256,3,2,0.00,137,0,32.50
1430,13,MTC,0.2048,384,256,3,2,0.00,137,0,32.50
1430,14,MTC,0.2048,384,256,3,2,0.00,137,0,32.50
1430,15,MTC,0.2048,384,256,3,2,0.00,66,0,32.50
1430,16,MTC,0.0000,384,0,3,0,0.00,137,0,32.50
1430,17,MTC,0.2048,384,256,3,2,0.00,137,0,32.50
1430,18,MTC,0.0000,384,0,3,0,0.00,665,0,32.50
1430,19,MTC,0.2048,384,256,3,2,0.00,137,0,32.50
1430,20,MTC,1.5360,384,1920,3,15,0.00,137,0,32.50
1440,1,eMBB,0.0000,18336,0,12,0,0.00,1589410,0,38.19
1440,2,eMBB,2.4448,18336,3056,12,2,0.00,1389399,0,38.19
1440,3,eMBB,4.8896,18336,6112,12,4,0.00,1108521,0,38.19
1440,4,eMBB,2.4448,18336,3056,12,2,0.00,1224415,0,38.19
1440,5,eMBB,0.0000,18336,0,12,0,0.00,1565587,0,38.19
1440,6,URLLC,0.3120,390,390,5,5,0.00,87,0,40.50
1440,7,URLLC,0.0000,390,0,5,0,0.00,1196,0,40.50
1440,8,URLLC,0.3120,390,390,5,5,0.00,87,0,40.50
1440,9,URLLC,0.1872,390,234,5,3,0.00,169,0,40.50
1440,10,URLLC,0.0000,390,0,5,0,0.00,87,0,40.50
1440,11,MTC,0.3072,256,384,2,3,0.00,137,0,21.31
1440,12,MTC,0.3072,256,384,2,3,0.00,137,0,21.31
1440,13,MTC,0.3072,256,384,2,3,0.00,137,0,21.31
1440,14,MTC,0.3072,256,384,2,3,0.00,137,0,21.31
1440,15,MTC,0.3072,256,384,2,3,0.00,95,0,21.31
1440,16,MTC,0.0000,256,0,2,0,0.00,549,0,21.31
1440,17,MTC,0.3072,256,384,2,3,0.00,137,0,21.31
1440,18,MTC,0.0000,256,0,2,0,0.00,401,0,21.31
1440,19,MTC,0.3072,256,384,2,3,0.00,137,0,21.31
1440,20,MTC,0.3072,256,384,2,3,0.00,137,0,21.31
1450,1,eMBB,0.0000,18336,0,12,0,0.00,1611632,0,35.92
1450,2,eMBB,2.4448,18336,3056,12,2,0.00,1404001,0,35.92
1450,3,eMBB,4.8896,18336,6112,12,4,0.00,1120166,0,35.92
1450,4,eMBB,4.8896,18336,6112,12,4,0.00,1235864,0,35.92
1450,5,eMBB,0.0000,18336,0,12,0,0.00,1565587,0,35.92
1450,6,URLLC,0.3120,390,390,5,5,0.00,87,0,27.97
1450,7,URLLC,0.0000,390,0,5,0,0.00,1196,0,27.97
1450,8,URLLC,0.3120,390,390,5,5,0.00,87,0,27.97
1450,9,URLLC,0.3120,390,390,5,5,0.00,87,0,27.97
1450,10,URLLC,0.0000,390,0,5,0,0.00,579,0,27.97
1450,11,MTC,0.2048,384,256,3,2,0.00,137,0,36.12
1450,12,MTC,0.2048,384,256,3,2,0.00,137,0,36.12
1450,13,MTC,0.2048,384,256,3,2,0.00,137,0,36.12
1450,14,MTC,0.2048,384,256,3,2,0.00,137,0,36.12
1450,15,MTC,0.2048,384,256,3,2,0.00,137,0,36.12
1450,16,MTC,0.0000,384,0,3,0,0.00,137,0,36.12
1450,17,MTC,0.2048,384,256,3,2,0.00,137,0,36.12
1450,18,MTC,0.0000,384,0,3,0,0.00,269,0,36.12
1450,19,MTC,0.2048,384,256,3,2,0.00,137,0,36.12
1450,20,MTC,0.2048,384,256,3,2,0.00,137,0,36.12
1460,1,eMBB,0.0000,16808,0,11,0,0.00,1618873,0,39.29
1460,2,eMBB,4.8896,16808,6112,11,4,0.00,1417767,0,39.29
1460,3,eMBB,7.3344,16808,9168,11,6,0.00,1129946,0,39.29
1460,4,eMBB,0.0000,16808,0,11,0,0.00,1235864,0,39.29
1460,5,eMBB,0.0000,16808,0,11,0,0.00,1615653,0,39.29
1460,6,URLLC,0.2496,390,312,5,4,0.00,87,0,41.71
1460,7,URLLC,0.0000,390,0,5,0,0.00,728,0,41.71
1460,8,URLLC,0.2496,390,312,5,4,0.00,87,0,41.71
1460,9,URLLC,0.3120,390,390,5,5,0.00,87,0,41.71
1460,10,URLLC,0.0000,390,0,5,0,0.00,642,0,41.71
1460,11,MTC,0.2048,256,256,2,2,0.00,21,0,19.00
1460,12,MTC,0.2048,256,256,2,2,0.00,137,0,19.00
1460,13,MTC,0.2048,256,256,2,2,0.00,137,0,19.00
1460,14,MTC,0.2048,256,256,2,2,0.00,137,0,19.00
1460,15,MTC,0.2048,256,256,2,2,0.00,95,0,19.00
1460,16,MTC,0.0000,256,0,2,0,0.00,137,0,19.00
1460,17,MTC,0.2048,256,256,2,2,0.00,137,0,19.00
1460,18,MTC,0.0000,256,0,2,0,0.00,269,0,19.00
1460,19,MTC,0.2048,256,256,2,2,0.00,137,0,19.00
1460,20,MTC,0.2048,256,256,2,2,0.00,137,0,19.00
1470,1,eMBB,0.0000,18336,0,12,0,0.00,1642500,0,46.42
1470,2,eMBB,3.6672,18336,4584,12,3,0.00,1430252,0,46.42
1470,3,eMBB,7.3344,18336,9168,12,6,0.00,1138012,0,46.42
1470,4,eMBB,4.8896,18336,6112,12,4,0.00,1270121,0,46.42
1470,5,eMBB,0.0000,18336,0,12,0,0.00,1615653,0,46.42
1470,6,URLLC,0.3120,390,390,5,5,0.00,87,0,27.72
1470,7,URLLC,0.0000,390,0,5,0,0.00,169,0,27.72
1470,8,URLLC,0.3120,390,390,5,5,0.00,87,0,27.72
1470,9,URLLC,0.0000,390,0,5,0,0.00,87,0,27.72
1470,10,URLLC,1.7472,390,2184,5,28,0.00,420,0,27.72
1470,11,MTC,0.3072,384,384,3,3,0.00,137,0,25.86
1470,12,MTC,0.3072,384,384,3,3,0.00,137,0,25.86
1470,13,MTC,0.3072,384,384,3,3,0.00,137,0,25.86
1470,14,MTC,0.3072,384,384,3,3,0.00,137,0,25.86
1470,15,MTC,0.3072,384,384,3,3,0.00,137,0,25.86
1470,16,MTC,0.0000,384,0,3,0,0.00,137,0,25.86
1470,17,MTC,0.3072,384,384,3,3,0.00,137,0,25.86
1470,18,MTC,0.0000,384,0,3,0,0.00,137,0,25.86
1470,19,MTC,0.3072,384,384,3,3,0.00,137,0,25.86
1470,20,MTC,0.3072,384,384,3,3,0.00,137,0,25.86
1480,1,eMBB,0.0000,18336,0,12,0,0.00,1660340,0,24.55
1480,2,eMBB,2.4448,18336,3056,12,2,0.00,1445938,0,24.55
1480,3,eMBB,4.8896,18336,6112,12,4,0.00,1150877,0,24.55
1480,4,eMBB,6.1120,18336,7640,12,5,0.00,1283906,0,24.55
1480,5,eMBB,0.0000,18336,0,12,0,0.00,1650621,0,24.55
1480,6,URLLC,0.3744,390,468,5,6,0.00,87,0,50.08
1480,7,URLLC,0.0000,390,0,5,0,0.00,169,0,50.08
1480,8,URLLC,0.3744,390,468,5,6,0.00,87,0,50.08
1480,9,URLLC,0.4368,390,546,5,7,0.00,87,0,50.08
1480,10,URLLC,0.0000,390,0,5,0,0.00,569,0,50.08
1480,11,MTC,0.3072,256,384,2,3,0.00,137,0,25.37
1480,12,MTC,0.3072,256,384,2,3,0.00,137,0,25.37
1480,13,MTC,0.3072,256,384,2,3,0.00,137,0,25.37
1480,14,MTC,0.3072,256,384,2,3,0.00,137,0,25.37
1480,15,MTC,0.2048,256,256,2,2,0.00,87,0,25.37
1480,16,MTC,0.0000,256,0,2,0,0.00,137,0,25.37
1480,17,MTC,0.3072,256,384,2,3,0.00,137,0,25.37
1480,18,MTC,0.0000,256,0,2,0,0.00,153,0,25.37
1480,19,MTC,0.3072,256,384,2,3,0.00,137,0,25.37
1480,20,MTC,0.3072,256,384,2,3,0.00,137,0,25.37
1490,1,eMBB,0.0000,16808,0,11,0,0.00,1660340,0,33.13
1490,2,eMBB,2.4448,16808,3056,11,2,0.00,1458025,0,33.13
1490,3,eMBB,6.1120,16808,7640,11,5,0.00,1160082,0,33.13
1490,4,eMBB,3.6672,16808,4584,11,3,0.00,1294879,0,33.13
1490,5,eMBB,0.0000,16808,0,11,0,0.00,1669930,0,33.13
1490,6,URLLC,0.3120,390,390,5,5,0.00,87,0,26.53
1490,7,URLLC,0.0000,390,0,5,0,0.00,169,0,26.53
1490,8,URLLC,0.3120,390,390,5,5,0.00,87,0,26.53
1490,9,URLLC,0.6240,390,780,5,10,0.00,87,0,26.53
1490,10,URLLC,0.6864,390,858,5,11,0.00,569,0,26.53
1490,11,MTC,0.2048,384,256,3,2,0.00,137,0,40.34
1490,12,MTC,0.2048,384,256,3,2,0.00,137,0,40.34
1490,13,MTC,0.2048,384,256,3,2,0.00,137,0,40.34
1490,14,MTC,0.2048,384,256,3,2,0.00,137,0,40.34
1490,15,MTC,0.3072,384,384,3,3,0.00,44,0,40.34
1490,16,MTC,0.0000,384,0,3,0,0.00,137,0,40.34
1490,17,MTC,0.2048,384,256,3,2,0.00,137,0,40.34
1490,18,MTC,0.0000,384,0,3,0,0.00,153,0,40.34
1490,19,MTC,0.2048,384,256,3,2,0.00,137,0,40.34
1490,20,MTC,0.2048,384,256,3,2,0.00,137,0,40.34
1500,1,eMBB,0.0000,18336,0,12,0,0.00,1686161,0,43.77
1500,2,eMBB,2.4448,18336,3056,12,2,0.00,1472499,0,43.77
1500,3,eMBB,4.8896,18336,6112,12,4,0.00,1171481,0,43.77
1500,4,eMBB,4.8896,18336,6112,12,4,0.00,1311550,0,43.77
1500,5,eMBB,0.0000,18336,0,12,0,0.00,1669930,0,43.77
1500,6,URLLC,0.3120,390,390,5,5,0.00,87,0,37.78
1500,7,URLLC,0.0000,390,0,5,0,0.00,169,0,37.78
1500,8,URLLC,0.3120,390,390,5,5,0.00,87,0,37.78
1500,9,URLLC,0.1872,390,234,5,3,0.00,87,0,37.78
1500,10,URLLC,0.0000,390,0,5,0,0.00,569,0,37.78
1500,11,MTC,0.3072,256,384,2,3,0.00,21,0,18.45
1500,12,MTC,0.3072,256,384,2,3,0.00,137,0,18.45
1500,13,MTC,0.3072,256,384,2,3,0.00,137,0,18.45
1500,14,MTC,0.3072,256,384,2,3,0.00,137,0,18.45
1500,15,MTC,0.3072,256,384,2,3,0.00,102,0,18.45
1500,16,MTC,0.0000,256,0,2,0,0.00,137,0,18.45
1500,17,MTC,0.3072,256,384,2,3,0.00,137,0,18.45
1500,18,MTC,0.0000,256,0,2,0,0.00,533,0,18.45
1500,19,MTC,0.3072,256,384,2,3,0.00,137,0,18.45
1500,20,MTC,0.3072,256,384,2,3,0.00,137,0,18.45
1510,1,eMBB,0.0000,18336,0,12,0,0.00,1686161,0,40.76
1510,2,eMBB,4.8896,18336,6112,12,4,0.00,1485272,0,40.76
1510,3,eMBB,7.3344,18336,9168,12,6,0.00,1179019,0,40.76
1510,4,eMBB,6.1120,18336,7640,12,5,0.00,1328269,0,40.76
1510,5,eMBB,0.0000,18336,0,12,0,0.00,1693827,0,40.76
1510,6,URLLC,0.3120,390,390,5,5,0.00,87,0,29.35
1510,7,URLLC,0.0000,390,0,5,0,0.00,1317,0,29.35
1510,8,URLLC,0.3120,390,390,5,5,0.00,87,0,29.35
1510,9,URLLC,0.4368,390,546,5,7,0.00,87,0,29.35
1510,10,URLLC,0.0000,390,0,5,0,0.00,1317,0,29.35
1510,11,MTC,0.2048,384,256,3,2,0.00,137,0,29.89
1510,12,MTC,0.2048,384,256,3,2,0.00,137,0,29.89
1510,13,MTC,0.2048,384,256,3,2,0.00,137,0,29.89
1510,14,MTC,0.2048,384,256,3,2,0.00,137,0,29.89
1510,15,MTC,0.2048,384,256,3,2,0.00,73,0,29.89
1510,16,MTC,0.0000,384,0,3,0,0.00,137,0,29.89
1510,17,MTC,0.2048,384,256,3,2,0.00,137,0,29.89
1510,18,MTC,0.0000,384,0,3,0,0.00,533,0,29.89
1510,19,MTC,0.2048,384,256,3,2,0.00,137,0,29.89
1510,20,MTC,0.2048,384,256,3,2,0.00,137,0,29.89
