timestamp,sliceId,dedicatedPRB,minPRB,maxPRB
510,0,51.26179377204022,51.26179377204022,100.0
510,1,27.701737616015997,27.701737616015997,100.0
510,2,21.036468611943782,21.036468611943782,100.0
520,0,43.935039271010176,43.935039271010176,100.0
520,1,25.646251989259422,25.646251989259422,100.0
520,2,30.4187087397304,30.4187087397304,100.0
530,0,26.252651972332757,26.252651972332757,100.0
530,1,50.91850924124661,50.91850924124661,100.0
530,2,22.828838786420633,22.828838786420633,100.0
540,0,35.18467872067384,35.18467872067384,100.0
540,1,36.625582438020764,36.625582438020764,100.0
540,2,28.189738841305395,28.189738841305395,100.0
550,0,38.5076103244903,38.5076103244903,100.0
550,1,43.2203892267693,43.2203892267693,100.0
550,2,18.2720004487404,18.2720004487404,100.0
