timestamp,ueImsi,sliceId,dTxBytes,dRxBytes,plr,resourceSharePct,dLostPackets,throughputMbps,bufferBytes
1510,1,0,35144,38200,0.00,32.49,0,30.5600,1478191
1510,2,0,35144,33616,4.35,32.49,1,26.8928,1537
1510,3,1,1014,936,7.69,30.09,1,0.7488,87
1510,4,1,1014,936,7.69,30.09,1,0.7488,87
1510,5,2,256,256,0.00,37.43,0,0.2048,137
1510,6,2,256,0,100.00,37.43,2,0.0000,137
1510,7,2,256,0,100.00,37.43,2,0.0000,137
1510,8,2,256,256,0.00,37.43,0,0.2048,137
1510,9,2,256,256,0.00,37.43,0,0.2048,137
1510,10,2,256,256,0.00,37.43,0,0.2048,137
