timestamp,sliceId,dedicatedPRB,minPRB,maxPRB
510,0,33.036364364600914,33.036364364600914,100.0
510,1,26.176620877237035,26.176620877237035,100.0
510,2,40.78701475816205,40.78701475816205,100.0
520,0,29.52270738560594,29.52270738560594,100.0
520,1,25.34185456623644,25.34185456623644,100.0
520,2,45.135438048157624,45.135438048157624,100.0
530,0,48.97844402340774,48.97844402340774,100.0
530,1,25.229169546243547,25.229169546243547,100.0
530,2,25.792386430348714,25.792386430348714,100.0
540,0,47.83282972329461,47.83282972329461,100.0
540,1,32.13404744608961,32.13404744608961,100.0
540,2,20.033122830615774,20.033122830615774,100.0
550,0,48.44584019186007,48.44584019186007,100.0
550,1,26.910230885719997,26.910230885719997,100.0
550,2,24.643928922419928,24.643928922419928,100.0
560,0,38.19590890343573,38.19590890343573,100.0
560,1,27.757625533794567,27.757625533794567,100.0
560,2,34.046465562769704,34.046465562769704,100.0
570,0,51.20122173901991,51.20122173901991,100.0
570,1,28.007538422108063,28.007538422108063,100.0
570,2,20.791239838872027,20.791239838872027,100.0
580,0,35.629606633113866,35.629606633113866,100.0
580,1,27.70720369554353,27.70720369554353,100.0
580,2,36.66318967134261,36.66318967134261,100.0
590,0,41.07992716240908,41.07992716240908,100.0
590,1,38.21474904008121,38.21474904008121,100.0
590,2,20.705323797509724,20.705323797509724,100.0
600,0,47.70659971661957,47.70659971661957,100.0
600,1,30.308285304999245,30.308285304999245,100.0
600,2,21.985114978381187,21.985114978381187,100.0
610,0,29.17788455266695,29.17788455266695,100.0
610,1,44.67352469542033,44.67352469542033,100.0
610,2,26.14859075191272,26.14859075191272,100.0
620,0,36.975354278009,36.975354278009,100.0
620,1,35.86019365399893,35.86019365399893,100.0
620,2,27.164452067992073,27.164452067992073,100.0
630,0,23.224080905994178,23.224080905994178,100.0
630,1,40.346143904684894,40.346143904684894,100.0
630,2,36.42977518932092,36.42977518932092,100.0
640,0,27.925519784850213,27.925519784850213,100.0
640,1,26.239802987303673,26.239802987303673,100.0
640,2,45.83467722784612,45.83467722784612,100.0
650,0,32.47401467063561,32.47401467063561,100.0
650,1,48.073465032586654,48.073465032586654,100.0
650,2,19.45252029677773,19.45252029677773,100.0
660,0,37.57712522761796,37.57712522761796,100.0
660,1,32.462518981815414,32.462518981815414,100.0
660,2,29.960355790566616,29.960355790566616,100.0
670,0,27.466864304410826,27.466864304410826,100.0
670,1,35.82354159687099,35.82354159687099,100.0
670,2,36.709594098718185,36.709594098718185,100.0
680,0,45.555819696254,45.555819696254,100.0
680,1,32.41419406596102,32.41419406596102,100.0
680,2,22.02998623778498,22.02998623778498,100.0
690,0,22.514366639612398,22.514366639612398,100.0
690,1,52.000162028074136,52.000162028074136,100.0
690,2,25.48547133231347,25.48547133231347,100.0
700,0,32.91055099538912,32.91055099538912,100.0
700,1,36.69272201228152,36.69272201228152,100.0
700,2,30.396726992329366,30.396726992329366,100.0
710,0,36.279503644730084,36.279503644730084,100.0
710,1,25.578551590317723,25.578551590317723,100.0
710,2,38.14194476495219,38.14194476495219,100.0
720,0,24.175400554548766,24.175400554548766,100.0
720,1,36.19610198793937,36.19610198793937,100.0
720,2,39.62849745751187,39.62849745751187,100.0
730,0,26.61836717713944,26.61836717713944,100.0
730,1,30.93364002477701,30.93364002477701,100.0
730,2,42.447992798083554,42.447992798083554,100.0
740,0,44.7674904678503,44.7674904678503,100.0
740,1,34.30419625969855,34.30419625969855,100.0
740,2,20.928313272451142,20.928313272451142,100.0
750,0,24.19832847541968,24.19832847541968,100.0
750,1,55.473620551389644,55.473620551389644,100.0
750,2,20.328050973190688,20.328050973190688,100.0
760,0,31.52440162031335,31.52440162031335,100.0
760,1,47.07352725125021,47.07352725125021,100.0
760,2,21.402071128436447,21.402071128436447,100.0
770,0,36.36566626200758,36.36566626200758,100.0
770,1,29.349581580557555,29.349581580557555,100.0
770,2,34.28475215743487,34.28475215743487,100.0
780,0,25.929017848076462,25.929017848076462,100.0
780,1,39.44248930818015,39.44248930818015,100.0
780,2,34.628492843743395,34.628492843743395,100.0
790,0,27.001140799865773,27.001140799865773,100.0
790,1,40.34907296885781,40.34907296885781,100.0
790,2,32.649786231276416,32.649786231276416,100.0
800,0,27.452956166915264,27.452956166915264,100.0
800,1,34.8043764043721,34.8043764043721,100.0
800,2,37.742667428712636,37.742667428712636,100.0
810,0,31.501781070823558,31.501781070823558,100.0
810,1,48.28078418828813,48.28078418828813,100.0
810,2,20.217434740888308,20.217434740888308,100.0
820,0,29.96474276445963,29.96474276445963,100.0
820,1,30.376764280499646,30.376764280499646,100.0
820,2,39.65849295504073,39.65849295504073,100.0
830,0,32.50144505422617,32.50144505422617,100.0
830,1,37.61232705659639,37.61232705659639,100.0
830,2,29.886227889177448,29.886227889177448,100.0
840,0,37.52272317203065,37.52272317203065,100.0
840,1,39.07902743750181,39.07902743750181,100.0
840,2,23.398249390467537,23.398249390467537,100.0
850,0,29.686279145118384,29.686279145118384,100.0
850,1,42.3297920152506,42.3297920152506,100.0
850,2,27.983928839631023,27.983928839631023,100.0
860,0,40.13401764744937,40.13401764744937,100.0
860,1,41.53747746813798,41.53747746813798,100.0
860,2,18.32850488441266,18.32850488441266,100.0
870,0,28.109908759968448,28.109908759968448,100.0
870,1,32.02660970082747,32.02660970082747,100.0
870,2,39.86348153920408,39.86348153920408,100.0
880,0,34.35237452207494,34.35237452207494,100.0
880,1,37.278053099903474,37.278053099903474,100.0
880,2,28.369572378021584,28.369572378021584,100.0
890,0,27.96820382132897,27.96820382132897,100.0
890,1,35.043892276213626,35.043892276213626,100.0
890,2,36.98790390245741,36.98790390245741,100.0
900,0,32.97988995101429,32.97988995101429,100.0
900,1,42.707140057818464,42.707140057818464,100.0
900,2,24.31296999116724,24.31296999116724,100.0
910,0,37.976685496163306,37.976685496163306,100.0
910,1,34.039184543930205,34.039184543930205,100.0
910,2,27.984129959906507,27.984129959906507,100.0
920,0,26.836776715807996,26.836776715807996,100.0
920,1,25.807655621755476,25.807655621755476,100.0
920,2,47.35556766243653,47.35556766243653,100.0
930,0,34.63709160329251,34.63709160329251,100.0
930,1,38.30669962276718,38.30669962276718,100.0
930,2,27.05620877394032,27.05620877394032,100.0
940,0,35.97159704206741,35.97159704206741,100.0
940,1,40.20476247253508,40.20476247253508,100.0
940,2,23.823640485397508,23.823640485397508,100.0
950,0,27.152396328540863,27.152396328540863,100.0
950,1,28.599389873868788,28.599389873868788,100.0
950,2,44.24821379759035,44.24821379759035,100.0
960,0,52.222304378907246,52.222304378907246,100.0
960,1,26.82653283546203,26.82653283546203,100.0
960,2,20.951162785630718,20.951162785630718,100.0
970,0,39.614549738386856,39.614549738386856,100.0
970,1,34.19386893395263,34.19386893395263,100.0
970,2,26.191581327660508,26.191581327660508,100.0
980,0,48.61185536226797,48.61185536226797,100.0
980,1,28.42319716512004,28.42319716512004,100.0
980,2,22.964947472612003,22.964947472612003,100.0
990,0,44.21935295115985,44.21935295115985,100.0
990,1,36.32722677191661,36.32722677191661,100.0
990,2,19.453420276923538,19.453420276923538,100.0
1000,0,28.498195858826385,28.498195858826385,100.0
1000,1,46.22834811338158,46.22834811338158,100.0
1000,2,25.273456027792047,25.273456027792047,100.0
1010,0,30.42857528002797,30.42857528002797,100.0
1010,1,47.355833785067674,47.355833785067674,100.0
1010,2,22.215590934904363,22.215590934904363,100.0
1020,0,40.748052013709476,40.748052013709476,100.0
1020,1,39.61260441755657,39.61260441755657,100.0
1020,2,19.639343568733963,19.639343568733963,100.0
1030,0,30.25137288400701,30.25137288400701,100.0
1030,1,42.4779603571817,42.4779603571817,100.0
1030,2,27.27066675881129,27.27066675881129,100.0
1040,0,35.10894424532823,35.10894424532823,100.0
1040,1,28.6249037041734,28.6249037041734,100.0
1040,2,36.26615205049838,36.26615205049838,100.0
1050,0,33.95466445516895,33.95466445516895,100.0
1050,1,27.710345566976752,27.710345566976752,100.0
1050,2,38.3349899778543,38.3349899778543,100.0
1060,0,29.242373897134264,29.242373897134264,100.0
1060,1,32.72947327933139,32.72947327933139,100.0
1060,2,38.02815282353434,38.02815282353434,100.0
1070,0,44.35573249088544,44.35573249088544,100.0
1070,1,31.613853679234232,31.613853679234232,100.0
1070,2,24.03041382988033,24.03041382988033,100.0
1080,0,30.328005915651502,30.328005915651502,100.0
1080,1,41.01249556830776,41.01249556830776,100.0
1080,2,28.65949851604074,28.65949851604074,100.0
1090,0,42.8561208211064,42.8561208211064,100.0
1090,1,25.468061687559327,25.468061687559327,100.0
1090,2,31.675817491334264,31.675817491334264,100.0
1100,0,36.523924208800054,36.523924208800054,100.0
1100,1,29.675438242005047,29.675438242005047,100.0
1100,2,33.8006375491949,33.8006375491949,100.0
1110,0,37.216230601059245,37.216230601059245,100.0
1110,1,28.9352277199307,28.9352277199307,100.0
1110,2,33.848541679010054,33.848541679010054,100.0
1120,0,30.897287076370173,30.897287076370173,100.0
1120,1,43.882800129241716,43.882800129241716,100.0
1120,2,25.219912794388105,25.219912794388105,100.0
1130,0,26.464416677793462,26.464416677793462,100.0
1130,1,43.83745396560326,43.83745396560326,100.0
1130,2,29.698129356603282,29.698129356603282,100.0
1140,0,38.84810958782639,38.84810958782639,100.0
1140,1,42.76864070038383,42.76864070038383,100.0
1140,2,18.383249711789784,18.383249711789784,100.0
1150,0,33.35813556000945,33.35813556000945,100.0
1150,1,39.004454445311865,39.004454445311865,100.0
1150,2,27.637409994678684,27.637409994678684,100.0
1160,0,34.955460819690586,34.955460819690586,100.0
1160,1,39.23233232003581,39.23233232003581,100.0
1160,2,25.812206860273612,25.812206860273612,100.0
1170,0,21.54318277046062,21.54318277046062,100.0
1170,1,45.209998543439376,45.209998543439376,100.0
1170,2,33.24681868610001,33.24681868610001,100.0
1180,0,24.150320549608274,24.150320549608274,100.0
1180,1,26.11747188322125,26.11747188322125,100.0
1180,2,49.73220756717047,49.73220756717047,100.0
1190,0,44.21068650724145,44.21068650724145,100.0
1190,1,26.973150932625977,26.973150932625977,100.0
1190,2,28.81616256013258,28.81616256013258,100.0
1200,0,22.756001172292937,22.756001172292937,100.0
1200,1,51.37527010251704,51.37527010251704,100.0
1200,2,25.86872872519003,25.86872872519003,100.0
1210,0,22.11091917472722,22.11091917472722,100.0
1210,1,53.74984648770369,53.74984648770369,100.0
1210,2,24.139234337569093,24.139234337569093,100.0
1220,0,24.20885219601141,24.20885219601141,100.0
1220,1,36.08628919626107,36.08628919626107,100.0
1220,2,39.70485860772752,39.70485860772752,100.0
1230,0,46.066641902260066,46.066641902260066,100.0
1230,1,28.408152429671063,28.408152429671063,100.0
1230,2,25.525205668068867,25.525205668068867,100.0
1240,0,32.32085299243508,32.32085299243508,100.0
1240,1,42.33771265705934,42.33771265705934,100.0
1240,2,25.341434350505576,25.341434350505576,100.0
1250,0,30.13864203053716,30.13864203053716,100.0
1250,1,26.71447147556483,26.71447147556483,100.0
1250,2,43.14688649389801,43.14688649389801,100.0
1260,0,32.37873891540552,32.37873891540552,100.0
1260,1,32.761643059422866,32.761643059422866,100.0
1260,2,34.85961802517161,34.85961802517161,100.0
1270,0,44.73927273866147,44.73927273866147,100.0
1270,1,24.51514389532013,24.51514389532013,100.0
1270,2,30.74558336601841,30.74558336601841,100.0
1280,0,23.09288646916312,23.09288646916312,100.0
1280,1,26.332280645688805,26.332280645688805,100.0
1280,2,50.57483288514808,50.57483288514808,100.0
1290,0,40.884899761183426,40.884899761183426,100.0
1290,1,27.059212035425684,27.059212035425684,100.0
1290,2,32.05588820339089,32.05588820339089,100.0
1300,0,38.88652477316123,38.88652477316123,100.0
1300,1,35.545696705952786,35.545696705952786,100.0
1300,2,25.567778520885998,25.567778520885998,100.0
1310,0,28.73665328820544,28.73665328820544,100.0
1310,1,35.303828520904176,35.303828520904176,100.0
1310,2,35.959518190890385,35.959518190890385,100.0
1320,0,48.641114843874625,48.641114843874625,100.0
1320,1,30.168455273129357,30.168455273129357,100.0
1320,2,21.190429882996025,21.190429882996025,100.0
1330,0,36.515456305472384,36.515456305472384,100.0
1330,1,26.23137479048238,26.23137479048238,100.0
1330,2,37.25316890404524,37.25316890404524,100.0
1340,0,25.093775757683122,25.093775757683122,100.0
1340,1,44.72405636972942,44.72405636972942,100.0
1340,2,30.182167872587467,30.182167872587467,100.0
1350,0,40.533784564085764,40.533784564085764,100.0
1350,1,24.881062352833457,24.881062352833457,100.0
1350,2,34.58515308308079,34.58515308308079,100.0
1360,0,41.20886987251713,41.20886987251713,100.0
1360,1,32.66588228462328,32.66588228462328,100.0
1360,2,26.12524784285959,26.12524784285959,100.0
1370,0,35.812026142582305,35.812026142582305,100.0
1370,1,37.986764917433746,37.986764917433746,100.0
1370,2,26.201208939983943,26.201208939983943,100.0
1380,0,23.96250780141011,23.96250780141011,100.0
1380,1,42.02502107089083,42.02502107089083,100.0
1380,2,34.012471127699065,34.012471127699065,100.0
1390,0,34.475036051768384,34.475036051768384,100.0
1390,1,38.75291703933249,38.75291703933249,100.0
1390,2,26.772046908899128,26.772046908899128,100.0
1400,0,33.17765096202455,33.17765096202455,100.0
1400,1,35.46332519476288,35.46332519476288,100.0
1400,2,31.359023843212576,31.359023843212576,100.0
1410,0,52.53414400491817,52.53414400491817,100.0
1410,1,26.951250434735414,26.951250434735414,100.0
1410,2,20.514605560346418,20.514605560346418,100.0
1420,0,29.84999169796566,29.84999169796566,100.0
1420,1,43.2816447563595,43.2816447563595,100.0
1420,2,26.868363545674846,26.868363545674846,100.0
1430,0,37.6697519827093,37.6697519827093,100.0
1430,1,39.90469718897719,39.90469718897719,100.0
1430,2,22.42555082831351,22.42555082831351,100.0
1440,0,35.57847934900607,35.57847934900607,100.0
1440,1,46.092277509488326,46.092277509488326,100.0
1440,2,18.329243141505607,18.329243141505607,100.0
1450,0,43.9442011630939,43.9442011630939,100.0
1450,1,31.013905146027415,31.013905146027415,100.0
1450,2,25.041893690878688,25.041893690878688,100.0
1460,0,26.205515560954428,26.205515560954428,100.0
1460,1,39.913661944133004,39.913661944133004,100.0
1460,2,33.880822494912564,33.880822494912564,100.0
1470,0,36.08991516621788,36.08991516621788,100.0
1470,1,30.936395795839545,30.936395795839545,100.0
1470,2,32.97368903794258,32.97368903794258,100.0
1480,0,42.112727799213964,42.112727799213964,100.0
1480,1,32.42249534352926,32.42249534352926,100.0
1480,2,25.464776857256773,25.464776857256773,100.0
1490,0,32.813652979387456,32.813652979387456,100.0
1490,1,33.878563345825015,33.878563345825015,100.0
1490,2,33.30778367478754,33.30778367478754,100.0
1500,0,32.48658070646543,32.48658070646543,100.0
1500,1,30.08610917989558,30.08610917989558,100.0
1500,2,37.42731011363899,37.42731011363899,100.0
