timestamp,sliceId,dedicatedPRB,minPRB,maxPRB
510,0,48.10675231231671,48.10675231231671,100.0
510,1,30.45971447261,30.45971447261,100.0
510,2,21.433533215073293,21.433533215073293,100.0
520,0,27.798255695390477,27.798255695390477,100.0
520,1,41.87790933439844,41.87790933439844,100.0
520,2,30.323834970211085,30.323834970211085,100.0
530,0,30.95535072602672,30.95535072602672,100.0
530,1,36.256566223619686,36.256566223619686,100.0
530,2,32.78808305035359,32.78808305035359,100.0
540,0,38.63496656569273,38.63496656569273,100.0
540,1,35.08850441399866,35.08850441399866,100.0
540,2,26.276529020308605,26.276529020308605,100.0
550,0,44.279217378446994,44.279217378446994,100.0
550,1,29.111440947588907,29.111440947588907,100.0
550,2,26.609341673964092,26.609341673964092,100.0
560,0,40.60832613256162,40.60832613256162,100.0
560,1,29.208190892985776,29.208190892985776,100.0
560,2,30.183482974452602,30.183482974452602,100.0
570,0,29.8368156178842,29.8368156178842,100.0
570,1,47.091283913651154,47.091283913651154,100.0
570,2,23.071900468464644,23.071900468464644,100.0
580,0,26.825970622201297,26.825970622201297,100.0
580,1,48.21526928480153,48.21526928480153,100.0
580,2,24.95876009299718,24.95876009299718,100.0
590,0,28.43387428236991,28.43387428236991,100.0
590,1,46.81796454508695,46.81796454508695,100.0
590,2,24.74816117254314,24.74816117254314,100.0
600,0,23.910104217931995,23.910104217931995,100.0
600,1,34.290523829588565,34.290523829588565,100.0
600,2,41.79937195247944,41.79937195247944,100.0
610,0,44.31810862477007,44.31810862477007,100.0
610,1,36.90640889182524,36.90640889182524,100.0
610,2,18.775482483404687,18.775482483404687,100.0
620,0,25.14289346019909,25.14289346019909,100.0
620,1,28.262242173446563,28.262242173446563,100.0
620,2,46.594864366354344,46.594864366354344,100.0
630,0,42.56296453442494,42.56296453442494,100.0
630,1,39.52888974358486,39.52888974358486,100.0
630,2,17.90814572199019,17.90814572199019,100.0
640,0,22.560531757301728,22.560531757301728,100.0
640,1,28.87730908724749,28.87730908724749,100.0
640,2,48.562159155450786,48.562159155450786,100.0
650,0,46.38703221149147,46.38703221149147,100.0
650,1,33.56959419687222,33.56959419687222,100.0
650,2,20.04337359163632,20.04337359163632,100.0
660,0,30.8356858827605,30.8356858827605,100.0
660,1,27.533384023301704,27.533384023301704,100.0
660,2,41.6309300939378,41.6309300939378,100.0
670,0,33.62152271399172,33.62152271399172,100.0
670,1,37.047874888185056,37.047874888185056,100.0
670,2,29.33060239782322,29.33060239782322,100.0
680,0,23.471906206348457,23.471906206348457,100.0
680,1,35.79110978150752,35.79110978150752,100.0
680,2,40.73698401214402,40.73698401214402,100.0
690,0,47.65750196335597,47.65750196335597,100.0
690,1,30.63829392934057,30.63829392934057,100.0
690,2,21.70420410730346,21.70420410730346,100.0
700,0,24.09222448234759,24.09222448234759,100.0
700,1,43.19762934141861,43.19762934141861,100.0
700,2,32.7101461762338,32.7101461762338,100.0
710,0,33.490310066036514,33.490310066036514,100.0
710,1,43.007463887587996,43.007463887587996,100.0
710,2,23.502226046375498,23.502226046375498,100.0
720,0,24.304175372982023,24.304175372982023,100.0
720,1,41.11250010429419,41.11250010429419,100.0
720,2,34.583324522723785,34.583324522723785,100.0
730,0,52.75272644408855,52.75272644408855,100.0
730,1,26.209531842119038,26.209531842119038,100.0
730,2,21.037741713792418,21.037741713792418,100.0
740,0,23.60703026218298,23.60703026218298,100.0
740,1,37.20711936108479,37.20711936108479,100.0
740,2,39.185850376732226,39.185850376732226,100.0
750,0,48.10720818524184,48.10720818524184,100.0
750,1,33.1772613154971,33.1772613154971,100.0
750,2,18.715530499261067,18.715530499261067,100.0
760,0,23.15847279569795,23.15847279569795,100.0
760,1,47.15548101741178,47.15548101741178,100.0
760,2,29.68604618689027,29.68604618689027,100.0
770,0,28.775170984713473,28.775170984713473,100.0
770,1,52.7125614788504,52.7125614788504,100.0
770,2,18.512267536436138,18.512267536436138,100.0
780,0,32.17834492797703,32.17834492797703,100.0
780,1,38.28497153632912,38.28497153632912,100.0
780,2,29.536683535693854,29.536683535693854,100.0
790,0,39.0994582602375,39.0994582602375,100.0
790,1,31.47901214435263,31.47901214435263,100.0
790,2,29.42152959540988,29.42152959540988,100.0
800,0,48.443818830151805,48.443818830151805,100.0
800,1,26.31378941301571,26.31378941301571,100.0
800,2,25.24239175683249,25.24239175683249,100.0
810,0,32.30466064102282,32.30466064102282,100.0
810,1,45.0293202402236,45.0293202402236,100.0
810,2,22.666019118753592,22.666019118753592,100.0
820,0,26.21540585021177,26.21540585021177,100.0
820,1,31.24601720324848,31.24601720324848,100.0
820,2,42.53857694653975,42.53857694653975,100.0
830,0,46.255530102122684,46.255530102122684,100.0
830,1,36.105216132565474,36.105216132565474,100.0
830,2,17.639253765311846,17.639253765311846,100.0
840,0,21.30290430681676,21.30290430681676,100.0
840,1,43.78083081464212,43.78083081464212,100.0
840,2,34.916264878541114,34.916264878541114,100.0
850,0,32.99186926241461,32.99186926241461,100.0
850,1,39.36582111798705,39.36582111798705,100.0
850,2,27.642309619598343,27.642309619598343,100.0
860,0,39.95842058274166,39.95842058274166,100.0
860,1,38.11002215859051,38.11002215859051,100.0
860,2,21.931557258667826,21.931557258667826,100.0
870,0,24.939623478011708,24.939623478011708,100.0
870,1,47.489656131861246,47.489656131861246,100.0
870,2,27.570720390127047,27.570720390127047,100.0
880,0,29.936906712820665,29.936906712820665,100.0
880,1,33.498774755998994,33.498774755998994,100.0
880,2,36.56431853118034,36.56431853118034,100.0
890,0,28.47930156039566,28.47930156039566,100.0
890,1,40.00716907352928,40.00716907352928,100.0
890,2,31.513529366075055,31.513529366075055,100.0
900,0,50.54393756057873,50.54393756057873,100.0
900,1,30.59414994623546,30.59414994623546,100.0
900,2,18.861912493185812,18.861912493185812,100.0
910,0,25.247854702717802,25.247854702717802,100.0
910,1,37.57460486215193,37.57460486215193,100.0
910,2,37.17754043513027,37.17754043513027,100.0
920,0,44.862427336784314,44.862427336784314,100.0
920,1,29.337997499886036,29.337997499886036,100.0
920,2,25.799575163329646,25.799575163329646,100.0
930,0,32.65378838808217,32.65378838808217,100.0
930,1,24.58992943788946,24.58992943788946,100.0
930,2,42.75628217402838,42.75628217402838,100.0
940,0,45.549684756881746,45.549684756881746,100.0
940,1,27.302153607308433,27.302153607308433,100.0
940,2,27.14816163580982,27.14816163580982,100.0
950,0,27.190928011451092,27.190928011451092,100.0
950,1,27.19770329575223,27.19770329575223,100.0
950,2,45.61136869279668,45.61136869279668,100.0
960,0,50.42561373395318,50.42561373395318,100.0
960,1,26.058116008251226,26.058116008251226,100.0
960,2,23.5162702577956,23.5162702577956,100.0
970,0,24.08617249994519,24.08617249994519,100.0
970,1,38.81281841927469,38.81281841927469,100.0
970,2,37.10100908078013,37.10100908078013,100.0
980,0,44.792766431123425,44.792766431123425,100.0
980,1,36.45308213402523,36.45308213402523,100.0
980,2,18.754151434851345,18.754151434851345,100.0
990,0,26.735706927264346,26.735706927264346,100.0
990,1,51.73387106616196,51.73387106616196,100.0
990,2,21.530422006573705,21.530422006573705,100.0
1000,0,30.349939781589764,30.349939781589764,100.0
1000,1,34.08385852589238,34.08385852589238,100.0
1000,2,35.56620169251786,35.56620169251786,100.0
1010,0,34.03708818814353,34.03708818814353,100.0
1010,1,31.513797669436507,31.513797669436507,100.0
1010,2,34.449114142419965,34.449114142419965,100.0
1020,0,30.34715722982303,30.34715722982303,100.0
1020,1,34.582211161477126,34.582211161477126,100.0
1020,2,35.07063160869984,35.07063160869984,100.0
1030,0,39.82746008591778,39.82746008591778,100.0
1030,1,39.81609392939009,39.81609392939009,100.0
1030,2,20.356445984692133,20.356445984692133,100.0
1040,0,25.733915261749097,25.733915261749097,100.0
1040,1,49.29781130500437,49.29781130500437,100.0
1040,2,24.968273433246537,24.968273433246537,100.0
1050,0,40.11180332725638,40.11180332725638,100.0
1050,1,25.35233583684051,25.35233583684051,100.0
1050,2,34.535860835903115,34.535860835903115,100.0
1060,0,27.431011225207758,27.431011225207758,100.0
1060,1,25.065006827123877,25.065006827123877,100.0
1060,2,47.50398194766837,47.50398194766837,100.0
1070,0,52.880639026316814,52.880639026316814,100.0
1070,1,26.88025044257235,26.88025044257235,100.0
1070,2,20.239110531110843,20.239110531110843,100.0
1080,0,30.061696875309707,30.061696875309707,100.0
1080,1,32.919163240446316,32.919163240446316,100.0
1080,2,37.01913988424398,37.01913988424398,100.0
