timestamp,ueImsi,sliceId,dTxBytes,dRxBytes,plr,resourceSharePct,dLostPackets,throughputMbps,bufferBytes
560,1,0,24448,1528,93.75,16.66,15,1.2224,136906
560,2,0,24448,0,100.00,16.66,16,0.0000,136411
560,3,0,24448,0,100.00,16.66,16,0.0000,136311
560,4,0,24448,1528,93.75,16.66,15,1.2224,136222
560,5,0,24448,0,100.00,16.66,16,0.0000,136210
560,6,1,390,312,20.00,25.00,1,0.2496,169
560,7,1,390,312,20.00,25.00,1,0.2496,169
560,8,1,390,312,20.00,25.00,1,0.2496,169
560,9,1,390,312,20.00,25.00,1,0.2496,169
560,10,1,390,312,20.00,25.00,1,0.2496,169
560,11,2,16000,1536,90.40,58.34,113,1.2288,88161
560,12,2,16000,1536,90.40,58.34,113,1.2288,88161
560,13,2,16000,1408,91.20,58.34,114,1.1264,88062
560,14,2,16000,1536,90.40,58.34,113,1.2288,88069
560,15,2,16000,1536,90.40,58.34,113,1.2288,88121
560,16,2,16000,1536,90.40,58.34,113,1.2288,88024
560,17,2,16000,1536,90.40,58.34,113,1.2288,88024
560,18,2,16000,1408,91.20,58.34,114,1.1264,88034
560,19,2,16000,1536,90.40,58.34,113,1.2288,87734
560,20,2,16000,1408,91.20,58.34,114,1.1264,87050
