timestamp,ueImsi,sliceId,dTxBytes,dRxBytes,plr,resourceSharePct,dLostPackets,throughputMbps,bufferBytes
1510,1,0,18336,16808,8.33,40.49,1,13.4464,1163
1510,2,0,18336,12224,33.33,40.49,4,9.7792,524706
1510,3,0,18336,16808,8.33,40.49,1,13.4464,189372
1510,4,0,18336,7640,58.33,40.49,7,6.1120,1041903
1510,5,0,18336,0,100.00,40.49,12,0.0000,1694073
1510,6,1,390,3588,0.00,38.64,0,2.8704,87
1510,7,1,390,390,0.00,38.64,0,0.3120,87
1510,8,1,390,390,0.00,38.64,0,0.3120,87
1510,9,1,390,0,100.00,38.64,5,0.0000,169
1510,10,1,390,390,0.00,38.64,0,0.3120,87
1510,11,2,384,128,66.67,20.86,2,0.1024,15
1510,12,2,384,256,33.33,20.86,1,0.2048,27
1510,13,2,384,256,33.33,20.86,1,0.2048,137
1510,14,2,384,0,100.00,20.86,3,0.0000,58
1510,15,2,384,256,33.33,20.86,1,0.2048,137
1510,16,2,384,256,33.33,20.86,1,0.2048,137
1510,17,2,384,3584,0.00,20.86,0,2.8672,137
1510,18,2,384,0,100.00,20.86,3,0.0000,1867
1510,19,2,384,256,33.33,20.86,1,0.2048,137
1510,20,2,384,0,100.00,20.86,3,0.0000,137
