timestamp,ueImsi,sliceId,dTxBytes,dRxBytes,plr,resourceSharePct,dLostPackets,throughputMbps,bufferBytes,dlBufferBytes,ulBufferBytes,macBufferBytes,congestionPct,lastDrlActionStatus
10600,1,0,128736,0,100.00,41.66,112,0.0000,1199591,48581,1199591,1248172,11.90,applied
10600,2,0,128736,40524,70.54,41.66,79,3.2419,1200005,48581,1200005,1248586,11.91,applied
10600,3,0,128736,8596,93.75,41.66,105,0.6877,1200005,48581,1200005,1248586,11.91,applied
10600,4,0,128736,0,100.00,41.66,112,0.0000,34,48581,34,48615,0.46,applied
10600,5,0,128736,0,100.00,41.66,112,0.0000,2811,48581,2811,51392,0.49,applied
10600,6,1,0,0,0.00,25.00,0,0.0000,34,0,34,34,0.00,applied
10600,7,1,0,0,0.00,25.00,0,0.0000,34,0,34,34,0.00,applied
10600,8,1,0,0,0.00,25.00,0,0.0000,34,0,34,34,0.00,applied
10600,9,1,0,0,0.00,25.00,0,0.0000,34,0,34,34,0.00,applied
10600,10,1,0,0,0.00,25.00,0,0.0000,34,0,34,34,0.00,applied
10600,11,1,0,0,0.00,25.00,0,0.0000,34,0,34,34,0.00,applied
10600,12,1,0,0,0.00,25.00,0,0.0000,34,0,34,34,0.00,applied
10600,13,1,0,0,0.00,25.00,0,0.0000,34,0,34,34,0.00,applied
10600,14,2,63772,940,89.80,33.33,44,0.0752,2941333,2941333,51,2941384,28.05,applied
10600,15,2,63772,0,100.00,33.33,49,0.0000,2941333,2941333,51,2941384,28.05,applied
10600,16,2,63772,0,100.00,33.33,49,0.0000,2941333,2941333,51,2941384,28.05,applied
10600,17,2,63772,0,100.00,33.33,49,0.0000,2942501,2942501,51,2942552,28.06,applied
10600,18,2,63772,0,100.00,33.33,49,0.0000,2941333,2941333,51,2941384,28.05,applied
