timestamp,sliceId,dedicatedPRB,minPRB,maxPRB
510,0,21.954532441273575,21.954532441273575,100.0
510,1,41.50983879892927,41.50983879892927,100.0
510,2,36.53562875979716,36.53562875979716,100.0
520,0,27.34292258848912,27.34292258848912,100.0
520,1,37.88968763478155,37.88968763478155,100.0
520,2,34.76738977672933,34.76738977672933,100.0
530,0,42.0300912032872,42.0300912032872,100.0
530,1,27.436753507325594,27.436753507325594,100.0
530,2,30.533155289387203,30.533155289387203,100.0
540,0,34.79121608707217,34.79121608707217,100.0
540,1,39.388373936627715,39.388373936627715,100.0
540,2,25.820409976300105,25.820409976300105,100.0
550,0,25.58492354133577,25.58492354133577,100.0
550,1,50.40179898594634,50.40179898594634,100.0
550,2,24.013277472717903,24.013277472717903,100.0
