timestamp,ueImsi,sliceId,dTxBytes,dRxBytes,plr,resourceSharePct,dLostPackets,throughputMbps,bufferBytes
560,1,0,24448,3056,87.50,31.54,14,2.4448,132304
560,2,0,24448,3056,87.50,31.54,14,2.4448,132337
560,3,0,24448,3056,87.50,31.54,14,2.4448,132353
560,4,0,24448,3056,87.50,31.54,14,2.4448,132258
560,5,0,24448,3056,87.50,31.54,14,2.4448,132265
560,6,1,780,702,10.00,36.46,1,0.5616,87
560,7,1,780,702,10.00,36.46,1,0.5616,87
560,8,1,780,702,10.00,36.46,1,0.5616,87
560,9,1,780,702,10.00,36.46,1,0.5616,87
560,10,1,780,702,10.00,36.46,1,0.5616,87
560,11,2,16000,1152,92.80,31.99,116,0.9216,87736
560,12,2,16000,1280,92.00,31.99,115,1.0240,87668
560,13,2,16000,1152,92.80,31.99,116,0.9216,87729
560,14,2,16000,1152,92.80,31.99,116,0.9216,87704
560,15,2,16000,1152,92.80,31.99,116,0.9216,87704
560,16,2,16000,1280,92.00,31.99,115,1.0240,87706
560,17,2,16000,1280,92.00,31.99,115,1.0240,87708
560,18,2,16000,1280,92.00,31.99,115,1.0240,87721
560,19,2,16000,1280,92.00,31.99,115,1.0240,87721
560,20,2,16000,1280,92.00,31.99,115,1.0240,87626
