timestamp,ueImsi,sliceId,dTxBytes,dRxBytes,plr,resourceSharePct,dLostPackets,throughputMbps,bufferBytes
560,1,0,24448,1528,93.75,29.88,15,1.2224,135597
560,2,0,24448,1528,93.75,29.88,15,1.2224,135498
560,3,0,24448,1528,93.75,29.88,15,1.2224,135582
560,4,0,24448,1528,93.75,29.88,15,1.2224,135583
560,5,0,24448,1528,93.75,29.88,15,1.2224,135592
560,6,1,780,624,20.00,33.95,2,0.4992,126
560,7,1,780,624,20.00,33.95,2,0.4992,126
560,8,1,780,624,20.00,33.95,2,0.4992,87
560,9,1,780,624,20.00,33.95,2,0.4992,87
560,10,1,780,624,20.00,33.95,2,0.4992,87
560,11,2,16000,896,94.40,36.17,118,0.7168,90861
560,12,2,16000,896,94.40,36.17,118,0.7168,90861
560,13,2,16000,768,95.20,36.17,119,0.6144,90843
560,14,2,16000,768,95.20,36.17,119,0.6144,90852
560,15,2,16000,768,95.20,36.17,119,0.6144,90931
560,16,2,16000,768,95.20,36.17,119,0.6144,90939
560,17,2,16000,768,95.20,36.17,119,0.6144,90941
560,18,2,16000,768,95.20,36.17,119,0.6144,90942
560,19,2,16000,768,95.20,36.17,119,0.6144,90921
560,20,2,16000,896,94.40,36.17,118,0.7168,90930
