timestamp,sliceId,dedicatedPRB,minPRB,maxPRB
510,0,31.940992433106665,31.940992433106665,100.0
510,1,43.97592316193125,43.97592316193125,100.0
510,2,24.083084404962094,24.083084404962094,100.0
520,0,29.259279631556478,29.259279631556478,100.0
520,1,46.34410986890888,46.34410986890888,100.0
520,2,24.39661049953465,24.39661049953465,100.0
530,0,36.621199391655956,36.621199391655956,100.0
530,1,35.738587003308034,35.738587003308034,100.0
530,2,27.640213605036006,27.640213605036006,100.0
540,0,23.422216313330622,23.422216313330622,100.0
540,1,50.814758837770945,50.814758837770945,100.0
540,2,25.763024848898436,25.763024848898436,100.0
550,0,26.501820297697932,26.501820297697932,100.0
550,1,32.32968872584745,32.32968872584745,100.0
550,2,41.16849097645462,41.16849097645462,100.0
560,0,30.00791439780921,30.00791439780921,100.0
560,1,33.404298408926316,33.404298408926316,100.0
560,2,36.58778719326449,36.58778719326449,100.0
570,0,33.635288780823934,33.635288780823934,100.0
570,1,46.24976315627816,46.24976315627816,100.0
570,2,20.114948062897902,20.114948062897902,100.0
580,0,30.68412436396945,30.68412436396945,100.0
580,1,30.136222547958646,30.136222547958646,100.0
580,2,39.179653088071916,39.179653088071916,100.0
590,0,49.92939744832597,49.92939744832597,100.0
590,1,27.166749811203474,27.166749811203474,100.0
590,2,22.903852740470565,22.903852740470565,100.0
600,0,37.040707025804416,37.040707025804416,100.0
600,1,37.90529321066281,37.90529321066281,100.0
600,2,25.05399976353278,25.05399976353278,100.0
610,0,23.50170499928851,23.50170499928851,100.0
610,1,28.201209736537457,28.201209736537457,100.0
610,2,48.29708526417404,48.29708526417404,100.0
620,0,28.28365733692256,28.28365733692256,100.0
620,1,49.877600716684924,49.877600716684924,100.0
620,2,21.838741946392524,21.838741946392524,100.0
630,0,24.263914644499522,24.263914644499522,100.0
630,1,40.049011962533406,40.049011962533406,100.0
630,2,35.687073392967086,35.687073392967086,100.0
640,0,33.864918592665106,33.864918592665106,100.0
640,1,43.56188075602336,43.56188075602336,100.0
640,2,22.57320065131153,22.57320065131153,100.0
650,0,29.85042085594979,29.85042085594979,100.0
650,1,26.507852106594328,26.507852106594328,100.0
650,2,43.64172703745588,43.64172703745588,100.0
660,0,26.51774722555621,26.51774722555621,100.0
660,1,26.510075128285454,26.510075128285454,100.0
660,2,46.97217764615834,46.97217764615834,100.0
670,0,36.79249218401832,36.79249218401832,100.0
670,1,24.648569757341125,24.648569757341125,100.0
670,2,38.55893805864056,38.55893805864056,100.0
680,0,33.245220407247594,33.245220407247594,100.0
680,1,42.67181931981152,42.67181931981152,100.0
680,2,24.08296027294089,24.08296027294089,100.0
690,0,26.950969655065204,26.950969655065204,100.0
690,1,48.72144722610208,48.72144722610208,100.0
690,2,24.32758311883272,24.32758311883272,100.0
700,0,30.487948355867513,30.487948355867513,100.0
700,1,37.922892437279614,37.922892437279614,100.0
700,2,31.58915920685288,31.58915920685288,100.0
710,0,31.75475260452315,31.75475260452315,100.0
710,1,40.139291517044775,40.139291517044775,100.0
710,2,28.105955878432088,28.105955878432088,100.0
720,0,29.719615346422817,29.719615346422817,100.0
720,1,36.30590639093392,36.30590639093392,100.0
720,2,33.974478262643274,33.974478262643274,100.0
730,0,29.254081163341194,29.254081163341194,100.0
730,1,35.104891107706905,35.104891107706905,100.0
730,2,35.641027728951904,35.641027728951904,100.0
740,0,33.44751382150955,33.44751382150955,100.0
740,1,40.67727798461021,40.67727798461021,100.0
740,2,25.875208193880233,25.875208193880233,100.0
750,0,29.09990121116188,29.09990121116188,100.0
750,1,26.130216044677425,26.130216044677425,100.0
750,2,44.7698827441607,44.7698827441607,100.0
760,0,25.425013844813265,25.425013844813265,100.0
760,1,53.42218939066461,53.42218939066461,100.0
760,2,21.152796764522126,21.152796764522126,100.0
770,0,32.77544772529053,32.77544772529053,100.0
770,1,41.67071256691104,41.67071256691104,100.0
770,2,25.553839707798424,25.553839707798424,100.0
780,0,40.46146320138742,40.46146320138742,100.0
780,1,31.137996756718888,31.137996756718888,100.0
780,2,28.40054004189369,28.40054004189369,100.0
790,0,35.71513615792705,35.71513615792705,100.0
790,1,29.08374743642112,29.08374743642112,100.0
790,2,35.20111640565183,35.20111640565183,100.0
800,0,39.054539699428815,39.054539699428815,100.0
800,1,27.38340779717629,27.38340779717629,100.0
800,2,33.562052503394895,33.562052503394895,100.0
810,0,28.463907629337605,28.463907629337605,100.0
810,1,37.97938503029782,37.97938503029782,100.0
810,2,33.556707340364575,33.556707340364575,100.0
820,0,42.661904416825536,42.661904416825536,100.0
820,1,31.86541789956692,31.86541789956692,100.0
820,2,25.472677683607543,25.472677683607543,100.0
830,0,44.01906909969583,44.01906909969583,100.0
830,1,32.834091479179115,32.834091479179115,100.0
830,2,23.146839421125055,23.146839421125055,100.0
840,0,22.990368949040654,22.990368949040654,100.0
840,1,39.202189803805524,39.202189803805524,100.0
840,2,37.807441247153825,37.807441247153825,100.0
850,0,29.690188960552465,29.690188960552465,100.0
850,1,26.29636041575295,26.29636041575295,100.0
850,2,44.01345062369458,44.01345062369458,100.0
860,0,35.91656643129869,35.91656643129869,100.0
860,1,43.61896618831062,43.61896618831062,100.0
860,2,20.464467380390687,20.464467380390687,100.0
870,0,29.850397826254248,29.850397826254248,100.0
870,1,43.588272002705764,43.588272002705764,100.0
870,2,26.56133017103998,26.56133017103998,100.0
880,0,52.63455673034031,52.63455673034031,100.0
880,1,26.373735426366917,26.373735426366917,100.0
880,2,20.991707843292772,20.991707843292772,100.0
890,0,24.25541785776068,24.25541785776068,100.0
890,1,52.037201911984,52.037201911984,100.0
890,2,23.707380230255325,23.707380230255325,100.0
900,0,35.02584252642609,35.02584252642609,100.0
900,1,29.26657305953454,29.26657305953454,100.0
900,2,35.707584414039374,35.707584414039374,100.0
910,0,27.020746645918813,27.020746645918813,100.0
910,1,40.388124865494554,40.388124865494554,100.0
910,2,32.59112848858663,32.59112848858663,100.0
920,0,25.903319218257426,25.903319218257426,100.0
920,1,35.468323091460505,35.468323091460505,100.0
920,2,38.628357690282066,38.628357690282066,100.0
930,0,28.790045351802956,28.790045351802956,100.0
930,1,29.1947187940912,29.1947187940912,100.0
930,2,42.015235854105846,42.015235854105846,100.0
940,0,28.345551204372637,28.345551204372637,100.0
940,1,35.57851097298903,35.57851097298903,100.0
940,2,36.07593782263834,36.07593782263834,100.0
950,0,35.109036978067394,35.109036978067394,100.0
950,1,29.340262205808653,29.340262205808653,100.0
950,2,35.55070081612396,35.55070081612396,100.0
960,0,46.57949717014942,46.57949717014942,100.0
960,1,27.312202031261247,27.312202031261247,100.0
960,2,26.10830079858934,26.10830079858934,100.0
970,0,22.799007158982953,22.799007158982953,100.0
970,1,45.349216658831544,45.349216658831544,100.0
970,2,31.851776182185503,31.851776182185503,100.0
980,0,29.996760997005147,29.996760997005147,100.0
980,1,40.89415386722646,40.89415386722646,100.0
980,2,29.109085135768403,29.109085135768403,100.0
990,0,25.35718662498988,25.35718662498988,100.0
990,1,41.71540264256788,41.71540264256788,100.0
990,2,32.92741073244225,32.92741073244225,100.0
1000,0,23.748200483472733,23.748200483472733,100.0
1000,1,33.858229551561955,33.858229551561955,100.0
1000,2,42.39356996496532,42.39356996496532,100.0
1010,0,39.632325512268096,39.632325512268096,100.0
1010,1,37.84531269324305,37.84531269324305,100.0
1010,2,22.522361794488848,22.522361794488848,100.0
1020,0,35.36499344498179,35.36499344498179,100.0
1020,1,37.06949563467505,37.06949563467505,100.0
1020,2,27.56551092034316,27.56551092034316,100.0
1030,0,33.37676830080402,33.37676830080402,100.0
1030,1,40.619602118804956,40.619602118804956,100.0
1030,2,26.003629580391035,26.003629580391035,100.0
1040,0,24.97445159046661,24.97445159046661,100.0
1040,1,35.08689464286131,35.08689464286131,100.0
1040,2,39.93865376667209,39.93865376667209,100.0
1050,0,31.222501894026355,31.222501894026355,100.0
1050,1,38.3436066554426,38.3436066554426,100.0
1050,2,30.433891450531053,30.433891450531053,100.0
1060,0,24.01363408699499,24.01363408699499,100.0
1060,1,37.76943441469924,37.76943441469924,100.0
1060,2,38.21693149830577,38.21693149830577,100.0
1070,0,37.710351470312254,37.710351470312254,100.0
1070,1,41.02966476672755,41.02966476672755,100.0
1070,2,21.2599837629602,21.2599837629602,100.0
1080,0,22.389090866127916,22.389090866127916,100.0
1080,1,48.25381965705901,48.25381965705901,100.0
1080,2,29.35708947681308,29.35708947681308,100.0
1090,0,26.187178081042063,26.187178081042063,100.0
1090,1,40.07669821814353,40.07669821814353,100.0
1090,2,33.73612370081441,33.73612370081441,100.0
1100,0,22.419258706202104,22.419258706202104,100.0
1100,1,50.184253734770024,50.184253734770024,100.0
1100,2,27.39648755902787,27.39648755902787,100.0
1110,0,22.657257693881633,22.657257693881633,100.0
1110,1,48.32962923509898,48.32962923509898,100.0
1110,2,29.01311307101939,29.01311307101939,100.0
1120,0,48.88446211070986,48.88446211070986,100.0
1120,1,28.817426894603948,28.817426894603948,100.0
1120,2,22.298110994686205,22.298110994686205,100.0
1130,0,33.42864610431841,33.42864610431841,100.0
1130,1,35.622687215720234,35.622687215720234,100.0
1130,2,30.948666679961356,30.948666679961356,100.0
1140,0,29.401964386220158,29.401964386220158,100.0
1140,1,29.692960736145224,29.692960736145224,100.0
1140,2,40.90507487763462,40.90507487763462,100.0
1150,0,23.170982788908546,23.170982788908546,100.0
1150,1,37.55003775934609,37.55003775934609,100.0
1150,2,39.278979451745364,39.278979451745364,100.0
1160,0,29.463642208054626,29.463642208054626,100.0
1160,1,28.72307191700913,28.72307191700913,100.0
1160,2,41.81328587493625,41.81328587493625,100.0
1170,0,31.836366876418698,31.836366876418698,100.0
1170,1,30.54806741745827,30.54806741745827,100.0
1170,2,37.615565706123036,37.615565706123036,100.0
1180,0,34.51776767123179,34.51776767123179,100.0
1180,1,31.32874101620961,31.32874101620961,100.0
1180,2,34.1534913125586,34.1534913125586,100.0
1190,0,32.50810776335763,32.50810776335763,100.0
1190,1,32.81152440600834,32.81152440600834,100.0
1190,2,34.68036783063404,34.68036783063404,100.0
1200,0,23.15934474088348,23.15934474088348,100.0
1200,1,29.84146250719668,29.84146250719668,100.0
1200,2,46.999192751919836,46.999192751919836,100.0
1210,0,32.70572140534433,32.70572140534433,100.0
1210,1,42.752130744239594,42.752130744239594,100.0
1210,2,24.542147850416075,24.542147850416075,100.0
1220,0,26.447675120951498,26.447675120951498,100.0
1220,1,35.11852130298795,35.11852130298795,100.0
1220,2,38.433803576060555,38.433803576060555,100.0
1230,0,34.26657782092374,34.26657782092374,100.0
1230,1,24.622168057022435,24.622168057022435,100.0
1230,2,41.11125412205382,41.11125412205382,100.0
1240,0,40.28285150643832,40.28285150643832,100.0
1240,1,38.609697079618655,38.609697079618655,100.0
1240,2,21.107451413943025,21.107451413943025,100.0
1250,0,50.3297705708521,50.3297705708521,100.0
1250,1,28.679340498746768,28.679340498746768,100.0
1250,2,20.990888930401137,20.990888930401137,100.0
1260,0,42.21580368295525,42.21580368295525,100.0
1260,1,25.001682167338785,25.001682167338785,100.0
1260,2,32.782514149705975,32.782514149705975,100.0
1270,0,35.85196645497935,35.85196645497935,100.0
1270,1,27.659540328045964,27.659540328045964,100.0
1270,2,36.488493216974696,36.488493216974696,100.0
1280,0,47.94734827565919,47.94734827565919,100.0
1280,1,32.961583761563496,32.961583761563496,100.0
1280,2,19.091067962777323,19.091067962777323,100.0
1290,0,47.59289705410307,47.59289705410307,100.0
1290,1,28.568125623854744,28.568125623854744,100.0
1290,2,23.838977322042187,23.838977322042187,100.0
1300,0,25.33608335382883,25.33608335382883,100.0
1300,1,54.61424695422588,54.61424695422588,100.0
1300,2,20.04966969194529,20.04966969194529,100.0
1310,0,31.748246000374834,31.748246000374834,100.0
1310,1,36.35537724072256,36.35537724072256,100.0
1310,2,31.8963767589026,31.8963767589026,100.0
1320,0,35.02763766661489,35.02763766661489,100.0
1320,1,32.23103428593096,32.23103428593096,100.0
1320,2,32.74132804745415,32.74132804745415,100.0
1330,0,40.48676851099173,40.48676851099173,100.0
1330,1,29.388466831013922,29.388466831013922,100.0
1330,2,30.12476465799435,30.12476465799435,100.0
1340,0,21.831881624620504,21.831881624620504,100.0
1340,1,37.97854239335609,37.97854239335609,100.0
1340,2,40.18957598202341,40.18957598202341,100.0
1350,0,30.15575681767241,30.15575681767241,100.0
1350,1,46.596302399125676,46.596302399125676,100.0
1350,2,23.24794078320191,23.24794078320191,100.0
1360,0,24.04127072996241,24.04127072996241,100.0
1360,1,49.69434380346804,49.69434380346804,100.0
1360,2,26.26438546656955,26.26438546656955,100.0
1370,0,34.24908764017374,34.24908764017374,100.0
1370,1,40.14696398539495,40.14696398539495,100.0
1370,2,25.60394837443131,25.60394837443131,100.0
1380,0,39.74287423706674,39.74287423706674,100.0
1380,1,31.761955651855047,31.761955651855047,100.0
1380,2,28.495170111078227,28.495170111078227,100.0
1390,0,43.85784607938339,43.85784607938339,100.0
1390,1,36.106943800961076,36.106943800961076,100.0
1390,2,20.035210119655535,20.035210119655535,100.0
1400,0,32.183953947030034,32.183953947030034,100.0
1400,1,29.30873680726473,29.30873680726473,100.0
1400,2,38.507309245705244,38.507309245705244,100.0
1410,0,28.476183736754873,28.476183736754873,100.0
1410,1,43.9465625432488,43.9465625432488,100.0
1410,2,27.57725371999633,27.57725371999633,100.0
1420,0,26.40418103337524,26.40418103337524,100.0
1420,1,29.16807881117461,29.16807881117461,100.0
1420,2,44.42774015545016,44.42774015545016,100.0
1430,0,36.26093518106559,36.26093518106559,100.0
1430,1,45.4952499896739,45.4952499896739,100.0
1430,2,18.243814829260504,18.243814829260504,100.0
1440,0,42.66213945322722,42.66213945322722,100.0
1440,1,35.48274135437124,35.48274135437124,100.0
1440,2,21.85511919240154,21.85511919240154,100.0
1450,0,38.49354461417316,38.49354461417316,100.0
1450,1,27.790731787905465,27.790731787905465,100.0
1450,2,33.71572359792137,33.71572359792137,100.0
1460,0,35.516568372592225,35.516568372592225,100.0
1460,1,33.20949452855866,33.20949452855866,100.0
1460,2,31.27393709884912,31.27393709884912,100.0
1470,0,34.92775206647959,34.92775206647959,100.0
1470,1,34.16046010083398,34.16046010083398,100.0
1470,2,30.911787832686432,30.911787832686432,100.0
1480,0,37.361600006525194,37.361600006525194,100.0
1480,1,34.66876183425838,34.66876183425838,100.0
1480,2,27.969638159216426,27.969638159216426,100.0
1490,0,31.390420639514684,31.390420639514684,100.0
1490,1,29.86005850099756,29.86005850099756,100.0
1490,2,38.74952085948775,38.74952085948775,100.0
1500,0,41.388321574790474,41.388321574790474,100.0
1500,1,37.316620664110104,37.316620664110104,100.0
1500,2,21.29505776109942,21.29505776109942,100.0
