timestamp,ueImsi,sliceId,dTxBytes,dRxBytes,plr,resourceSharePct,dLostPackets,throughputMbps,bufferBytes,dlBufferBytes,ulBufferBytes,macBufferBytes,congestionPct,lastDrlActionStatus
10600,1,0,128736,0,100.00,41.66,112,0.0000,1200005,57029,1200005,1257034,11.99,applied
10600,2,0,128736,18420,86.61,41.66,97,1.4736,1200005,57029,1200005,1257034,11.99,applied
10600,3,0,128736,36840,73.21,41.66,82,2.9472,1200005,57029,1200005,1257034,11.99,applied
10600,4,0,128736,0,100.00,41.66,112,0.0000,34,57029,34,57063,0.54,applied
10600,5,0,128736,0,100.00,41.66,112,0.0000,34,57029,34,57063,0.54,applied
10600,6,1,0,0,0.00,25.00,0,0.0000,34,0,34,34,0.00,applied
10600,7,1,0,0,0.00,25.00,0,0.0000,34,0,34,34,0.00,applied
10600,8,1,0,0,0.00,25.00,0,0.0000,34,0,34,34,0.00,applied
10600,9,1,0,0,0.00,25.00,0,0.0000,34,0,34,34,0.00,applied
10600,10,1,0,0,0.00,25.00,0,0.0000,34,0,34,34,0.00,applied
10600,11,1,0,0,0.00,25.00,0,0.0000,34,0,34,34,0.00,applied
10600,12,1,0,0,0.00,25.00,0,0.0000,34,0,34,34,0.00,applied
10600,13,1,0,0,0.00,25.00,0,0.0000,34,0,34,34,0.00,applied
10600,14,2,63772,0,100.00,33.33,49,0.0000,3452557,3452557,51,3452608,32.93,applied
10600,15,2,63772,0,100.00,33.33,49,0.0000,3452557,3452557,51,3452608,32.93,applied
10600,16,2,63772,0,100.00,33.33,49,0.0000,3452557,3452557,51,3452608,32.93,applied
10600,17,2,63772,0,100.00,33.33,49,0.0000,3453725,3453725,51,3453776,32.94,applied
10600,18,2,63772,0,100.00,33.33,49,0.0000,3452557,3452557,51,3452608,32.93,applied
