timestamp,sliceId,dedicatedPRB,minPRB,maxPRB
600,0,34.25157736306599,34.25157736306599,100.0
600,1,37.30549401574367,37.30549401574367,100.0
600,2,28.44292862119034,28.44292862119034,100.0
700,0,27.831893391969984,27.831893391969984,100.0
700,1,32.674018684352,32.674018684352,100.0
700,2,39.494087923678016,39.494087923678016,100.0
800,0,33.29668445279512,33.29668445279512,100.0
800,1,35.782785378344116,35.782785378344116,100.0
800,2,30.920530168860775,30.920530168860775,100.0
900,0,37.81449824569536,37.81449824569536,100.0
900,1,28.797217096537175,28.797217096537175,100.0
900,2,33.388284657767464,33.388284657767464,100.0
1000,0,37.15594360257728,37.15594360257728,100.0
1000,1,29.047748041113884,29.047748041113884,100.0
1000,2,33.79630835630883,33.79630835630883,100.0
1100,0,28.13700714289986,28.13700714289986,100.0
1100,1,32.992647811662614,32.992647811662614,100.0
1100,2,38.87034504543753,38.87034504543753,100.0
1200,0,40.05307312183111,40.05307312183111,100.0
1200,1,25.792977369209375,25.792977369209375,100.0
1200,2,34.153949508959506,34.153949508959506,100.0
1300,0,48.63267274652641,48.63267274652641,100.0
1300,1,28.7448040010521,28.7448040010521,100.0
1300,2,22.62252325242149,22.62252325242149,100.0
1400,0,26.911372845295713,26.911372845295713,100.0
1400,1,44.01108847408614,44.01108847408614,100.0
1400,2,29.077538680618154,29.077538680618154,100.0
1500,0,31.17860984564238,31.17860984564238,100.0
1500,1,40.40685210744533,40.40685210744533,100.0
1500,2,28.414538046912284,28.414538046912284,100.0
1600,0,52.84182909654783,52.84182909654783,100.0
1600,1,27.518421857148738,27.518421857148738,100.0
1600,2,19.639749046303436,19.639749046303436,100.0
1700,0,33.293840332338526,33.293840332338526,100.0
1700,1,41.57236928436574,41.57236928436574,100.0
1700,2,25.13379038329573,25.13379038329573,100.0
1800,0,30.320757469047173,30.320757469047173,100.0
1800,1,41.02601205087264,41.02601205087264,100.0
1800,2,28.653230480080193,28.653230480080193,100.0
1900,0,39.73960652892835,39.73960652892835,100.0
1900,1,40.41306454861382,40.41306454861382,100.0
1900,2,19.847328922457823,19.847328922457823,100.0
2000,0,33.59094714392333,33.59094714392333,100.0
2000,1,26.464022659931917,26.464022659931917,100.0
2000,2,39.94503019614476,39.94503019614476,100.0
2100,0,41.90318735710715,41.90318735710715,100.0
2100,1,28.699262504444086,28.699262504444086,100.0
2100,2,29.397550138448768,29.397550138448768,100.0
2200,0,36.405105607944186,36.405105607944186,100.0
2200,1,30.424254384802847,30.424254384802847,100.0
2200,2,33.17064000725298,33.17064000725298,100.0
2300,0,44.79670167678131,44.79670167678131,100.0
2300,1,27.4825432030428,27.4825432030428,100.0
2300,2,27.720755120175887,27.720755120175887,100.0
2400,0,24.965890072814815,24.965890072814815,100.0
2400,1,35.536297910772,35.536297910772,100.0
2400,2,39.497812016413185,39.497812016413185,100.0
2500,0,38.030480155329286,38.030480155329286,100.0
2500,1,33.09532829800418,33.09532829800418,100.0
2500,2,28.874191546666527,28.874191546666527,100.0
2600,0,39.27756078637277,39.27756078637277,100.0
2600,1,36.24812986347398,36.24812986347398,100.0
2600,2,24.474309350153252,24.474309350153252,100.0
2700,0,48.45706184617901,48.45706184617901,100.0
2700,1,27.577017762115208,27.577017762115208,100.0
2700,2,23.96592039170579,23.96592039170579,100.0
2800,0,39.440340738725496,39.440340738725496,100.0
2800,1,42.9736216534344,42.9736216534344,100.0
2800,2,17.58603760784011,17.58603760784011,100.0
2900,0,28.30456976660427,28.30456976660427,100.0
2900,1,40.1655361115033,40.1655361115033,100.0
2900,2,31.529894121892433,31.529894121892433,100.0
3000,0,47.818002664948196,47.818002664948196,100.0
3000,1,28.761994933767536,28.761994933767536,100.0
3000,2,23.420002401284272,23.420002401284272,100.0
3100,0,39.494621679024355,39.494621679024355,100.0
3100,1,25.085753791639036,25.085753791639036,100.0
3100,2,35.419624529336616,35.419624529336616,100.0
3200,0,25.684784214914817,25.684784214914817,100.0
3200,1,45.58751675659889,45.58751675659889,100.0
3200,2,28.727699028486303,28.727699028486303,100.0
3300,0,41.47784138399043,41.47784138399043,100.0
3300,1,29.17797208652342,29.17797208652342,100.0
3300,2,29.34418652948616,29.34418652948616,100.0
3400,0,27.814247763413057,27.814247763413057,100.0
3400,1,28.71727298515479,28.71727298515479,100.0
3400,2,43.46847925143215,43.46847925143215,100.0
3500,0,30.57665916814315,30.57665916814315,100.0
3500,1,35.914428207891014,35.914428207891014,100.0
3500,2,33.508912623965834,33.508912623965834,100.0
3600,0,34.29544524836465,34.29544524836465,100.0
3600,1,39.19453822052875,39.19453822052875,100.0
3600,2,26.51001653110659,26.51001653110659,100.0
3700,0,30.619185808477216,30.619185808477216,100.0
3700,1,26.041008100693553,26.041008100693553,100.0
3700,2,43.33980609082923,43.33980609082923,100.0
3800,0,44.43646555709194,44.43646555709194,100.0
3800,1,33.28886394779968,33.28886394779968,100.0
3800,2,22.274670495108378,22.274670495108378,100.0
3900,0,27.039101238859487,27.039101238859487,100.0
3900,1,36.97158610251196,36.97158610251196,100.0
3900,2,35.989312658628556,35.989312658628556,100.0
4000,0,24.823988821835968,24.823988821835968,100.0
4000,1,42.677806676321694,42.677806676321694,100.0
4000,2,32.498204501842345,32.498204501842345,100.0
4100,0,42.41194271495788,42.41194271495788,100.0
4100,1,27.326401115717964,27.326401115717964,100.0
4100,2,30.26165616932416,30.26165616932416,100.0
4200,0,36.31273854724449,36.31273854724449,100.0
4200,1,31.516190991117433,31.516190991117433,100.0
4200,2,32.17107046163808,32.17107046163808,100.0
4300,0,25.586996910657323,25.586996910657323,100.0
4300,1,39.55414120179482,39.55414120179482,100.0
4300,2,34.85886188754785,34.85886188754785,100.0
4400,0,27.884507423782047,27.884507423782047,100.0
4400,1,33.003555722538245,33.003555722538245,100.0
4400,2,39.11193685367971,39.11193685367971,100.0
4500,0,35.25566202167023,35.25566202167023,100.0
4500,1,25.520322133053636,25.520322133053636,100.0
4500,2,39.224015845276135,39.224015845276135,100.0
4600,0,35.44469156883592,35.44469156883592,100.0
4600,1,29.507682090179582,29.507682090179582,100.0
4600,2,35.04762634098449,35.04762634098449,100.0
4700,0,22.717891688337748,22.717891688337748,100.0
4700,1,55.342963501776,55.342963501776,100.0
4700,2,21.939144809886262,21.939144809886262,100.0
4800,0,29.314340674713524,29.314340674713524,100.0
4800,1,30.060804074381238,30.060804074381238,100.0
4800,2,40.62485525090524,40.62485525090524,100.0
4900,0,34.66006716132861,34.66006716132861,100.0
4900,1,39.87684298978641,39.87684298978641,100.0
4900,2,25.463089848884984,25.463089848884984,100.0
5000,0,26.5265235060294,26.5265235060294,100.0
5000,1,50.69222829760174,50.69222829760174,100.0
5000,2,22.781248196368857,22.781248196368857,100.0
5100,0,24.813366559237615,24.813366559237615,100.0
5100,1,28.539661777210835,28.539661777210835,100.0
5100,2,46.646971663551554,46.646971663551554,100.0
5200,0,26.466435654786302,26.466435654786302,100.0
5200,1,39.17028852247386,39.17028852247386,100.0
5200,2,34.36327582273984,34.36327582273984,100.0
5300,0,48.36332369271761,48.36332369271761,100.0
5300,1,28.097602718773164,28.097602718773164,100.0
5300,2,23.539073588509236,23.539073588509236,100.0
5400,0,31.86477996388884,31.86477996388884,100.0
5400,1,39.52585401377581,39.52585401377581,100.0
5400,2,28.609366022335355,28.609366022335355,100.0
5500,0,25.279369838918313,25.279369838918313,100.0
5500,1,28.523476575753982,28.523476575753982,100.0
5500,2,46.19715358532771,46.19715358532771,100.0
5600,0,51.18329410280138,51.18329410280138,100.0
5600,1,26.181454928983484,26.181454928983484,100.0
5600,2,22.635250968215132,22.635250968215132,100.0
5700,0,23.16893258591163,23.16893258591163,100.0
5700,1,38.55608195027652,38.55608195027652,100.0
5700,2,38.27498546381185,38.27498546381185,100.0
5800,0,26.844799918556607,26.844799918556607,100.0
5800,1,50.15872483533641,50.15872483533641,100.0
5800,2,22.996475246106993,22.996475246106993,100.0
5900,0,47.726504225599584,47.726504225599584,100.0
5900,1,30.561010476018822,30.561010476018822,100.0
5900,2,21.71248529838159,21.71248529838159,100.0
6000,0,28.590524543614613,28.590524543614613,100.0
6000,1,33.43926641569343,33.43926641569343,100.0
6000,2,37.97020904069196,37.97020904069196,100.0
6100,0,26.832281038477824,26.832281038477824,100.0
6100,1,41.2871724216391,41.2871724216391,100.0
6100,2,31.88054653988308,31.88054653988308,100.0
6200,0,43.023704570143586,43.023704570143586,100.0
6200,1,28.793838300758622,28.793838300758622,100.0
6200,2,28.18245712909779,28.18245712909779,100.0
6300,0,47.21811902106772,47.21811902106772,100.0
6300,1,27.166137183644278,27.166137183644278,100.0
6300,2,25.615743795287994,25.615743795287994,100.0
6400,0,39.184355191729544,39.184355191729544,100.0
6400,1,39.56844952229371,39.56844952229371,100.0
6400,2,21.24719528597675,21.24719528597675,100.0
6500,0,39.122110833236654,39.122110833236654,100.0
6500,1,39.50905195814725,39.50905195814725,100.0
6500,2,21.3688372086161,21.3688372086161,100.0
6600,0,29.031408675040222,29.031408675040222,100.0
6600,1,36.326084358895514,36.326084358895514,100.0
6600,2,34.64250696606427,34.64250696606427,100.0
6700,0,34.78742247194755,34.78742247194755,100.0
6700,1,42.76319662319195,42.76319662319195,100.0
6700,2,22.4493809048605,22.4493809048605,100.0
6800,0,47.243391525561755,47.243391525561755,100.0
6800,1,31.805580753338297,31.805580753338297,100.0
6800,2,20.951027721099948,20.951027721099948,100.0
6900,0,24.28546918855527,24.28546918855527,100.0
6900,1,47.60537127776705,47.60537127776705,100.0
6900,2,28.109159533677687,28.109159533677687,100.0
7000,0,20.07417041600793,20.07417041600793,100.0
7000,1,44.24585246368969,44.24585246368969,100.0
7000,2,35.67997712030239,35.67997712030239,100.0
7100,0,26.676370909729048,26.676370909729048,100.0
7100,1,26.37475874933635,26.37475874933635,100.0
7100,2,46.948870340934604,46.948870340934604,100.0
7200,0,23.93351190426053,23.93351190426053,100.0
7200,1,37.84021134010843,37.84021134010843,100.0
7200,2,38.22627675563104,38.22627675563104,100.0
7300,0,33.81881074579174,33.81881074579174,100.0
7300,1,26.880704767059417,26.880704767059417,100.0
7300,2,39.30048448714884,39.30048448714884,100.0
7400,0,50.516775988349224,50.516775988349224,100.0
7400,1,27.608806850782063,27.608806850782063,100.0
7400,2,21.874417160868724,21.874417160868724,100.0
7500,0,33.40919095073431,33.40919095073431,100.0
7500,1,37.58118822870824,37.58118822870824,100.0
7500,2,29.009620820557448,29.009620820557448,100.0
7600,0,25.372269827480903,25.372269827480903,100.0
7600,1,53.21148329189036,53.21148329189036,100.0
7600,2,21.416246880628727,21.416246880628727,100.0
7700,0,29.331712880371764,29.331712880371764,100.0
7700,1,28.137918345144147,28.137918345144147,100.0
7700,2,42.530368774484096,42.530368774484096,100.0
7800,0,37.75527746635732,37.75527746635732,100.0
7800,1,35.475262703918176,35.475262703918176,100.0
7800,2,26.769459829724518,26.769459829724518,100.0
7900,0,28.2634024255947,28.2634024255947,100.0
7900,1,43.57190043142208,43.57190043142208,100.0
7900,2,28.164697142983226,28.164697142983226,100.0
8000,0,37.23847758489366,37.23847758489366,100.0
8000,1,44.60918042824583,44.60918042824583,100.0
8000,2,18.152341986860527,18.152341986860527,100.0
8100,0,34.994151299671316,34.994151299671316,100.0
8100,1,29.726035550173208,29.726035550173208,100.0
8100,2,35.27981315015547,35.27981315015547,100.0
8200,0,38.93792896078388,38.93792896078388,100.0
8200,1,42.14864267205237,42.14864267205237,100.0
8200,2,18.91342836716376,18.91342836716376,100.0
8300,0,30.000637642487682,30.000637642487682,100.0
8300,1,47.36610221057818,47.36610221057818,100.0
8300,2,22.633260146934145,22.633260146934145,100.0
8400,0,39.6386779268571,39.6386779268571,100.0
8400,1,37.822713570908284,37.822713570908284,100.0
8400,2,22.538608502234624,22.538608502234624,100.0
8500,0,46.01499974131148,46.01499974131148,100.0
8500,1,35.70773552487035,35.70773552487035,100.0
8500,2,18.27726473381818,18.27726473381818,100.0
8600,0,32.716297223494294,32.716297223494294,100.0
8600,1,42.42237698942508,42.42237698942508,100.0
8600,2,24.861325787080624,24.861325787080624,100.0
8700,0,42.137613509917905,42.137613509917905,100.0
8700,1,35.92718862681076,35.92718862681076,100.0
8700,2,21.935197863271338,21.935197863271338,100.0
8800,0,26.852876220599057,26.852876220599057,100.0
8800,1,38.263620821022634,38.263620821022634,100.0
8800,2,34.8835029583783,34.8835029583783,100.0
8900,0,43.82766647550299,43.82766647550299,100.0
8900,1,31.69035702039903,31.69035702039903,100.0
8900,2,24.48197650409798,24.48197650409798,100.0
9000,0,28.348779437374162,28.348779437374162,100.0
9000,1,39.803486125811375,39.803486125811375,100.0
9000,2,31.847734436814466,31.847734436814466,100.0
9100,0,25.855464272063315,25.855464272063315,100.0
9100,1,31.155992974414243,31.155992974414243,100.0
9100,2,42.98854275352244,42.98854275352244,100.0
9200,0,23.408291075410173,23.408291075410173,100.0
9200,1,52.56880976347843,52.56880976347843,100.0
9200,2,24.0228991611114,24.0228991611114,100.0
9300,0,32.32854340337359,32.32854340337359,100.0
9300,1,43.32935171493719,43.32935171493719,100.0
9300,2,24.34210488168923,24.34210488168923,100.0
9400,0,44.659969289875086,44.659969289875086,100.0
9400,1,34.12334191813836,34.12334191813836,100.0
9400,2,21.216688791986556,21.216688791986556,100.0
9500,0,37.54659231615136,37.54659231615136,100.0
9500,1,35.43315999440663,35.43315999440663,100.0
9500,2,27.020247689442012,27.020247689442012,100.0
9600,0,24.452912972795986,24.452912972795986,100.0
9600,1,56.38732537668694,56.38732537668694,100.0
9600,2,19.159761650517083,19.159761650517083,100.0
9700,0,38.765294869505645,38.765294869505645,100.0
9700,1,25.826649051226642,25.826649051226642,100.0
9700,2,35.408056079267716,35.408056079267716,100.0
9800,0,40.13999599568414,40.13999599568414,100.0
9800,1,42.92162502398863,42.92162502398863,100.0
9800,2,16.938378980327233,16.938378980327233,100.0
9900,0,37.85129115842657,37.85129115842657,100.0
9900,1,42.42824712079694,42.42824712079694,100.0
9900,2,19.7204617207765,19.7204617207765,100.0
