timestamp,ueImsi,sliceId,dTxBytes,dRxBytes,plr,resourceSharePct,dLostPackets,throughputMbps,bufferBytes
1270,1,0,25976,1528,94.12,40.59,16,1.2224,1784446
1270,2,0,25976,1528,94.12,40.59,16,1.2224,1784469
1270,3,0,25976,1528,94.12,40.59,16,1.2224,1784365
1270,4,0,25976,1528,94.12,40.59,16,1.2224,1784267
1270,5,0,25976,1528,94.12,40.59,16,1.2224,1784286
1270,6,1,390,468,0.00,42.31,0,0.3744,87
1270,7,1,390,468,0.00,42.31,0,0.3744,87
1270,8,1,390,468,0.00,42.31,0,0.3744,87
1270,9,1,390,468,0.00,42.31,0,0.3744,87
1270,10,1,390,468,0.00,42.31,0,0.3744,87
1270,11,2,16000,512,96.80,17.11,121,0.4096,1191018
1270,12,2,16000,640,96.00,17.11,120,0.5120,1190830
1270,13,2,16000,512,96.80,17.11,121,0.4096,1190987
1270,14,2,16000,640,96.00,17.11,120,0.5120,1190844
1270,15,2,16000,640,96.00,17.11,120,0.5120,1190885
1270,16,2,16000,512,96.80,17.11,121,0.4096,1190991
1270,17,2,16000,768,95.20,17.11,119,0.6144,1190489
1270,18,2,16000,512,96.80,17.11,121,0.4096,1191010
1270,19,2,16000,512,96.80,17.11,121,0.4096,1191142
1270,20,2,16000,512,96.80,17.11,121,0.4096,1190962
