timestamp,ueImsi,sliceId,dTxBytes,dRxBytes,plr,resourceSharePct,dLostPackets,throughputMbps,bufferBytes
1510,1,0,35144,32088,8.70,22.92,2,25.6704,1537
1510,2,0,35144,0,100.00,22.92,23,0.0000,3112885
1510,3,1,1014,0,100.00,31.52,13,0.0000,2145
1510,4,1,1014,312,69.23,31.52,9,0.2496,333
1510,5,2,256,0,100.00,45.56,2,0.0000,509
1510,6,2,256,256,0.00,45.56,0,0.2048,137
1510,7,2,256,256,0.00,45.56,0,0.2048,137
1510,8,2,256,256,0.00,45.56,0,0.2048,137
1510,9,2,256,256,0.00,45.56,0,0.2048,137
1510,10,2,256,0,100.00,45.56,2,0.0000,401
