timestamp,sliceId,dedicatedPRB,minPRB,maxPRB
510,0,28.785180285590418,28.785180285590418,100.0
510,1,45.9472378012126,45.9472378012126,100.0
510,2,25.267581913196977,25.267581913196977,100.0
520,0,46.93544492801273,46.93544492801273,100.0
520,1,34.8747451143991,34.8747451143991,100.0
520,2,18.18980995758817,18.18980995758817,100.0
530,0,41.51424677698054,41.51424677698054,100.0
530,1,37.62905511969803,37.62905511969803,100.0
530,2,20.85669810332143,20.85669810332143,100.0
540,0,23.903156193300244,23.903156193300244,100.0
540,1,52.39418039382285,52.39418039382285,100.0
540,2,23.702663412876905,23.702663412876905,100.0
550,0,32.877892548513586,32.877892548513586,100.0
550,1,35.25669690315787,35.25669690315787,100.0
550,2,31.865410548328544,31.865410548328544,100.0
560,0,37.77207637938922,37.77207637938922,100.0
560,1,27.367243262383667,27.367243262383667,100.0
560,2,34.86068035822712,34.86068035822712,100.0
570,0,31.472649845812416,31.472649845812416,100.0
570,1,50.13650497493569,50.13650497493569,100.0
570,2,18.39084517925189,18.39084517925189,100.0
580,0,34.822220435861084,34.822220435861084,100.0
580,1,27.077918565787396,27.077918565787396,100.0
580,2,38.09986099835152,38.09986099835152,100.0
590,0,33.1526219755224,33.1526219755224,100.0
590,1,45.69375133395648,45.69375133395648,100.0
590,2,21.153626690521122,21.153626690521122,100.0
600,0,23.75552736224727,23.75552736224727,100.0
600,1,34.70345996470886,34.70345996470886,100.0
600,2,41.54101267304387,41.54101267304387,100.0
610,0,33.84862069396794,33.84862069396794,100.0
610,1,31.33489971924963,31.33489971924963,100.0
610,2,34.81647958678244,34.81647958678244,100.0
620,0,22.796492742192765,22.796492742192765,100.0
620,1,30.707695218686702,30.707695218686702,100.0
620,2,46.49581203912053,46.49581203912053,100.0
630,0,30.245445638826258,30.245445638826258,100.0
630,1,32.55155577308674,32.55155577308674,100.0
630,2,37.20299858808701,37.20299858808701,100.0
640,0,38.94473643742409,38.94473643742409,100.0
640,1,32.74268674340098,32.74268674340098,100.0
640,2,28.312576819174918,28.312576819174918,100.0
650,0,25.919187932171077,25.919187932171077,100.0
650,1,35.58479833685199,35.58479833685199,100.0
650,2,38.49601373097694,38.49601373097694,100.0
660,0,32.753341653790926,32.753341653790926,100.0
660,1,36.69265445357271,36.69265445357271,100.0
660,2,30.554003892636356,30.554003892636356,100.0
670,0,36.31857189379778,36.31857189379778,100.0
670,1,38.53945020408675,38.53945020408675,100.0
670,2,25.141977902115475,25.141977902115475,100.0
680,0,44.07515520055948,44.07515520055948,100.0
680,1,36.11801378945837,36.11801378945837,100.0
680,2,19.80683100998216,19.80683100998216,100.0
690,0,34.09882818414254,34.09882818414254,100.0
690,1,43.274726015967296,43.274726015967296,100.0
690,2,22.62644579989016,22.62644579989016,100.0
700,0,33.13567915156356,33.13567915156356,100.0
700,1,37.002815528275846,37.002815528275846,100.0
700,2,29.861505320160596,29.861505320160596,100.0
710,0,38.445186019731075,38.445186019731075,100.0
710,1,32.97680194735214,32.97680194735214,100.0
710,2,28.578012032916778,28.578012032916778,100.0
720,0,40.6255781617753,40.6255781617753,100.0
720,1,28.45396280551169,28.45396280551169,100.0
720,2,30.920459032713012,30.920459032713012,100.0
730,0,40.3416156812369,40.3416156812369,100.0
730,1,30.487526189125774,30.487526189125774,100.0
730,2,29.170858129637327,29.170858129637327,100.0
740,0,34.13372663151049,34.13372663151049,100.0
740,1,41.36035560924219,41.36035560924219,100.0
740,2,24.50591775924731,24.50591775924731,100.0
750,0,50.920290389185055,50.920290389185055,100.0
750,1,27.984776286455258,27.984776286455258,100.0
750,2,21.094933324359683,21.094933324359683,100.0
760,0,26.21265290290375,26.21265290290375,100.0
760,1,49.59700492242387,49.59700492242387,100.0
760,2,24.190342174672374,24.190342174672374,100.0
770,0,38.965192643583315,38.965192643583315,100.0
770,1,41.83752717321202,41.83752717321202,100.0
770,2,19.197280183204672,19.197280183204672,100.0
780,0,37.176937615375415,37.176937615375415,100.0
780,1,34.310066142033904,34.310066142033904,100.0
780,2,28.512996242590688,28.512996242590688,100.0
790,0,38.84577059257591,38.84577059257591,100.0
790,1,32.069836905339834,32.069836905339834,100.0
790,2,29.08439250208425,29.08439250208425,100.0
800,0,52.26257901279992,52.26257901279992,100.0
800,1,27.587278858800175,27.587278858800175,100.0
800,2,20.15014212839991,20.15014212839991,100.0
810,0,34.15540071641533,34.15540071641533,100.0
810,1,46.01739361740233,46.01739361740233,100.0
810,2,19.82720566618234,19.82720566618234,100.0
820,0,35.30499733546073,35.30499733546073,100.0
820,1,23.884474315825237,23.884474315825237,100.0
820,2,40.81052834871402,40.81052834871402,100.0
830,0,42.30936476838472,42.30936476838472,100.0
830,1,35.29730602944202,35.29730602944202,100.0
830,2,22.393329202173266,22.393329202173266,100.0
840,0,25.350686801508694,25.350686801508694,100.0
840,1,29.488928099712847,29.488928099712847,100.0
840,2,45.16038509877846,45.16038509877846,100.0
850,0,44.10429156033556,44.10429156033556,100.0
850,1,29.92741562300224,29.92741562300224,100.0
850,2,25.9682928166622,25.9682928166622,100.0
860,0,44.78191061383704,44.78191061383704,100.0
860,1,26.058889664519256,26.058889664519256,100.0
860,2,29.159199721643702,29.159199721643702,100.0
870,0,35.3485978026201,35.3485978026201,100.0
870,1,36.45891824919406,36.45891824919406,100.0
870,2,28.19248394818583,28.19248394818583,100.0
880,0,30.58696300935261,30.58696300935261,100.0
880,1,29.793163590139503,29.793163590139503,100.0
880,2,39.619873400507885,39.619873400507885,100.0
890,0,28.064989647296002,28.064989647296002,100.0
890,1,32.1658110017508,32.1658110017508,100.0
890,2,39.76919935095321,39.76919935095321,100.0
900,0,32.763329901295975,32.763329901295975,100.0
900,1,34.96952516308076,34.96952516308076,100.0
900,2,32.26714493562326,32.26714493562326,100.0
910,0,21.01105040320564,21.01105040320564,100.0
910,1,41.66658871043417,41.66658871043417,100.0
910,2,37.32236088636019,37.32236088636019,100.0
920,0,31.12684612376262,31.12684612376262,100.0
920,1,50.04642663678831,50.04642663678831,100.0
920,2,18.826727239449074,18.826727239449074,100.0
930,0,36.29497453241502,36.29497453241502,100.0
930,1,42.65622452303273,42.65622452303273,100.0
930,2,21.04880094455225,21.04880094455225,100.0
940,0,24.121830622514974,24.121830622514974,100.0
940,1,52.38713464628222,52.38713464628222,100.0
940,2,23.491034731202802,23.491034731202802,100.0
950,0,41.16750635594144,41.16750635594144,100.0
950,1,39.89541386986087,39.89541386986087,100.0
950,2,18.93707977419769,18.93707977419769,100.0
960,0,28.661028644505503,28.661028644505503,100.0
960,1,47.76706563058203,47.76706563058203,100.0
960,2,23.57190572491247,23.57190572491247,100.0
970,0,39.26919392911215,39.26919392911215,100.0
970,1,32.43820530386695,32.43820530386695,100.0
970,2,28.292600767020904,28.292600767020904,100.0
980,0,25.090066352129774,25.090066352129774,100.0
980,1,42.37395838122674,42.37395838122674,100.0
980,2,32.53597526664348,32.53597526664348,100.0
990,0,25.110084396126357,25.110084396126357,100.0
990,1,42.453124835448506,42.453124835448506,100.0
990,2,32.43679076842514,32.43679076842514,100.0
1000,0,20.591591643931306,20.591591643931306,100.0
1000,1,42.75355612971301,42.75355612971301,100.0
1000,2,36.65485222635568,36.65485222635568,100.0
1010,0,37.57626080672855,37.57626080672855,100.0
1010,1,33.11904883834382,33.11904883834382,100.0
1010,2,29.304690354927633,29.304690354927633,100.0
1020,0,25.95625518007938,25.95625518007938,100.0
1020,1,45.90579203395111,45.90579203395111,100.0
1020,2,28.137952785969517,28.137952785969517,100.0
1030,0,43.84784327787848,43.84784327787848,100.0
1030,1,34.87843663010134,34.87843663010134,100.0
1030,2,21.27372009202018,21.27372009202018,100.0
1040,0,26.227829967546114,26.227829967546114,100.0
1040,1,29.99845287703648,29.99845287703648,100.0
1040,2,43.7737171554174,43.7737171554174,100.0
1050,0,24.464626780344123,24.464626780344123,100.0
1050,1,54.71014011373458,54.71014011373458,100.0
1050,2,20.8252331059213,20.8252331059213,100.0
1060,0,30.20857170899901,30.20857170899901,100.0
1060,1,35.73840956095092,35.73840956095092,100.0
1060,2,34.05301873005007,34.05301873005007,100.0
1070,0,35.35171065369549,35.35171065369549,100.0
1070,1,34.478783874399866,34.478783874399866,100.0
1070,2,30.16950547190464,30.16950547190464,100.0
1080,0,28.228605741592133,28.228605741592133,100.0
1080,1,36.040114668614414,36.040114668614414,100.0
1080,2,35.73127958979346,35.73127958979346,100.0
1090,0,40.162703479641806,40.162703479641806,100.0
1090,1,33.37167931029424,33.37167931029424,100.0
1090,2,26.465617210063954,26.465617210063954,100.0
1100,0,29.107514742253144,29.107514742253144,100.0
1100,1,34.616752674407245,34.616752674407245,100.0
1100,2,36.27573258333962,36.27573258333962,100.0
1110,0,41.710521279239785,41.710521279239785,100.0
1110,1,27.80754735878353,27.80754735878353,100.0
1110,2,30.481931361976685,30.481931361976685,100.0
1120,0,28.67819892062093,28.67819892062093,100.0
1120,1,38.807949973597424,38.807949973597424,100.0
1120,2,32.51385110578164,32.51385110578164,100.0
1130,0,31.369212693556126,31.369212693556126,100.0
1130,1,27.718096128090565,27.718096128090565,100.0
1130,2,40.91269117835331,40.91269117835331,100.0
1140,0,44.721162857043986,44.721162857043986,100.0
1140,1,31.096132330364867,31.096132330364867,100.0
1140,2,24.182704812591155,24.182704812591155,100.0
1150,0,25.093117903333773,25.093117903333773,100.0
1150,1,37.84818305129464,37.84818305129464,100.0
1150,2,37.05869904537158,37.05869904537158,100.0
1160,0,28.35567487710372,28.35567487710372,100.0
1160,1,32.401256213070226,32.401256213070226,100.0
1160,2,39.24306890982605,39.24306890982605,100.0
1170,0,22.865388532323276,22.865388532323276,100.0
1170,1,38.6758800847757,38.6758800847757,100.0
1170,2,38.45873138290102,38.45873138290102,100.0
1180,0,39.88907927586638,39.88907927586638,100.0
1180,1,40.99765495153239,40.99765495153239,100.0
1180,2,19.11326577260124,19.11326577260124,100.0
1190,0,49.43383130793906,49.43383130793906,100.0
1190,1,30.953027006654864,30.953027006654864,100.0
1190,2,19.61314168540608,19.61314168540608,100.0
1200,0,29.174886090448847,29.174886090448847,100.0
1200,1,49.50852554084202,49.50852554084202,100.0
1200,2,21.316588368709127,21.316588368709127,100.0
1210,0,46.02771975427591,46.02771975427591,100.0
1210,1,33.06498549972463,33.06498549972463,100.0
1210,2,20.90729474599946,20.90729474599946,100.0
1220,0,21.885900560156767,21.885900560156767,100.0
1220,1,30.60395080992475,30.60395080992475,100.0
1220,2,47.51014862991848,47.51014862991848,100.0
1230,0,32.22044760836954,32.22044760836954,100.0
1230,1,35.23910417709717,35.23910417709717,100.0
1230,2,32.5404482145333,32.5404482145333,100.0
1240,0,23.276331084448096,23.276331084448096,100.0
1240,1,43.633904163205436,43.633904163205436,100.0
1240,2,33.08976475234646,33.08976475234646,100.0
1250,0,35.87874313853342,35.87874313853342,100.0
1250,1,30.448502355122997,30.448502355122997,100.0
1250,2,33.67275450634358,33.67275450634358,100.0
1260,0,38.81665269733076,38.81665269733076,100.0
1260,1,34.09390817141341,34.09390817141341,100.0
1260,2,27.089439131255826,27.089439131255826,100.0
1270,0,30.12549109490637,30.12549109490637,100.0
1270,1,36.609645841913,36.609645841913,100.0
1270,2,33.26486306318063,33.26486306318063,100.0
1280,0,27.33396920870344,27.33396920870344,100.0
1280,1,33.66349038539409,33.66349038539409,100.0
1280,2,39.00254040590247,39.00254040590247,100.0
1290,0,38.08978081373358,38.08978081373358,100.0
1290,1,36.55819292896319,36.55819292896319,100.0
1290,2,25.352026257303233,25.352026257303233,100.0
1300,0,49.241388019661045,49.241388019661045,100.0
1300,1,24.58349916322506,24.58349916322506,100.0
1300,2,26.175112817113906,26.175112817113906,100.0
1310,0,33.022155076162655,33.022155076162655,100.0
1310,1,25.20391344541384,25.20391344541384,100.0
1310,2,41.773931478423506,41.773931478423506,100.0
1320,0,32.80925253786783,32.80925253786783,100.0
1320,1,41.70279116807457,41.70279116807457,100.0
1320,2,25.487956294057597,25.487956294057597,100.0
1330,0,25.958726786071658,25.958726786071658,100.0
1330,1,36.77652650463352,36.77652650463352,100.0
1330,2,37.264746709294826,37.264746709294826,100.0
1340,0,27.925802628603417,27.925802628603417,100.0
1340,1,51.13826301718366,51.13826301718366,100.0
1340,2,20.93593435421292,20.93593435421292,100.0
1350,0,24.072290341847786,24.072290341847786,100.0
1350,1,31.298818793482592,31.298818793482592,100.0
1350,2,44.62889086466962,44.62889086466962,100.0
1360,0,46.013289876008436,46.013289876008436,100.0
1360,1,34.23414874653529,34.23414874653529,100.0
1360,2,19.752561377456274,19.752561377456274,100.0
1370,0,38.87795456476128,38.87795456476128,100.0
1370,1,42.66191790945215,42.66191790945215,100.0
1370,2,18.460127525786564,18.460127525786564,100.0
1380,0,40.48288296838741,40.48288296838741,100.0
1380,1,25.983428429671218,25.983428429671218,100.0
1380,2,33.533688601941385,33.533688601941385,100.0
1390,0,35.98444961799447,35.98444961799447,100.0
1390,1,41.265255997742344,41.265255997742344,100.0
1390,2,22.75029438426319,22.75029438426319,100.0
1400,0,37.72129450382208,37.72129450382208,100.0
1400,1,29.153050098057765,29.153050098057765,100.0
1400,2,33.12565539812016,33.12565539812016,100.0
1410,0,22.670754315817838,22.670754315817838,100.0
1410,1,42.303571619382666,42.303571619382666,100.0
1410,2,35.0256740647995,35.0256740647995,100.0
1420,0,24.69001399174138,24.69001399174138,100.0
1420,1,48.93328753297536,48.93328753297536,100.0
1420,2,26.376698475283263,26.376698475283263,100.0
1430,0,38.38869872337963,38.38869872337963,100.0
1430,1,37.11017364829063,37.11017364829063,100.0
1430,2,24.501127628329733,24.501127628329733,100.0
1440,0,37.65063272037698,37.65063272037698,100.0
1440,1,35.98735309794941,35.98735309794941,100.0
1440,2,26.362014181673608,26.362014181673608,100.0
1450,0,44.548145954971595,44.548145954971595,100.0
1450,1,32.567807101698406,32.567807101698406,100.0
1450,2,22.88404694333,22.88404694333,100.0
1460,0,49.78462600491944,49.78462600491944,100.0
1460,1,26.911537848123707,26.911537848123707,100.0
1460,2,23.30383614695685,23.30383614695685,100.0
1470,0,39.63611391687463,39.63611391687463,100.0
1470,1,26.107101154484358,26.107101154484358,100.0
1470,2,34.25678492864102,34.25678492864102,100.0
1480,0,31.595240346836672,31.595240346836672,100.0
1480,1,44.850167110324634,44.850167110324634,100.0
1480,2,23.5545925428387,23.5545925428387,100.0
1490,0,40.78345765753756,40.78345765753756,100.0
1490,1,37.53044034431149,37.53044034431149,100.0
1490,2,21.686101998150946,21.686101998150946,100.0
1500,0,34.98675564974647,34.98675564974647,100.0
1500,1,34.92577110040275,34.92577110040275,100.0
1500,2,30.087473249850795,30.087473249850795,100.0
