timestamp,sliceId,dedicatedPRB,minPRB,maxPRB
510,0,35.87816069235501,35.87816069235501,100.0
510,1,39.992903096427746,39.992903096427746,100.0
510,2,24.128936211217248,24.128936211217248,100.0
520,0,45.54922302017297,45.54922302017297,100.0
520,1,33.80932127663255,33.80932127663255,100.0
520,2,20.641455703194477,20.641455703194477,100.0
530,0,26.906597699713654,26.906597699713654,100.0
530,1,36.25951759875814,36.25951759875814,100.0
530,2,36.833884701528206,36.833884701528206,100.0
540,0,24.852070401265223,24.852070401265223,100.0
540,1,47.91232931105584,47.91232931105584,100.0
540,2,27.235600287678928,27.235600287678928,100.0
550,0,35.036866389275986,35.036866389275986,100.0
550,1,30.725746719665093,30.725746719665093,100.0
550,2,34.23738689105891,34.23738689105891,100.0
560,0,29.313602784789577,29.313602784789577,100.0
560,1,37.84452226528386,37.84452226528386,100.0
560,2,32.84187494992657,32.84187494992657,100.0
570,0,39.94526671194964,39.94526671194964,100.0
570,1,42.68028052522421,42.68028052522421,100.0
570,2,17.37445276282615,17.37445276282615,100.0
580,0,32.408983471472176,32.408983471472176,100.0
580,1,47.33144783302402,47.33144783302402,100.0
580,2,20.259568695503805,20.259568695503805,100.0
590,0,25.748987138377494,25.748987138377494,100.0
590,1,51.91047219699505,51.91047219699505,100.0
590,2,22.340540664627458,22.340540664627458,100.0
600,0,23.877736605935727,23.877736605935727,100.0
600,1,41.86900378853412,41.86900378853412,100.0
600,2,34.253259605530154,34.253259605530154,100.0
610,0,35.41742746465676,35.41742746465676,100.0
610,1,30.0514952011643,30.0514952011643,100.0
610,2,34.531077334178946,34.531077334178946,100.0
620,0,22.113464972957395,22.113464972957395,100.0
620,1,32.592714096746015,32.592714096746015,100.0
620,2,45.29382093029659,45.29382093029659,100.0
630,0,23.801417115890942,23.801417115890942,100.0
630,1,46.17798044206964,46.17798044206964,100.0
630,2,30.02060244203942,30.02060244203942,100.0
640,0,36.480841474732564,36.480841474732564,100.0
640,1,33.2893302167659,33.2893302167659,100.0
640,2,30.22982830850154,30.22982830850154,100.0
650,0,25.669696549358996,25.669696549358996,100.0
650,1,47.304485053327504,47.304485053327504,100.0
650,2,27.0258183973135,27.0258183973135,100.0
660,0,36.86386945126484,36.86386945126484,100.0
660,1,36.20278245549004,36.20278245549004,100.0
660,2,26.933348093245122,26.933348093245122,100.0
670,0,28.38776600771849,28.38776600771849,100.0
670,1,34.510399880125796,34.510399880125796,100.0
670,2,37.10183411215571,37.10183411215571,100.0
680,0,35.50341652707421,35.50341652707421,100.0
680,1,36.155174860792116,36.155174860792116,100.0
680,2,28.341408612133673,28.341408612133673,100.0
690,0,37.966317178449,37.966317178449,100.0
690,1,38.35665648114543,38.35665648114543,100.0
690,2,23.67702634040556,23.67702634040556,100.0
700,0,27.462222861971618,27.462222861971618,100.0
700,1,26.99025018876281,26.99025018876281,100.0
700,2,45.547526949265574,45.547526949265574,100.0
710,0,25.941412888150918,25.941412888150918,100.0
710,1,49.817707941537336,49.817707941537336,100.0
710,2,24.24087917031174,24.24087917031174,100.0
720,0,53.29271569944679,53.29271569944679,100.0
720,1,26.360630505781945,26.360630505781945,100.0
720,2,20.346653794771267,20.346653794771267,100.0
730,0,21.336650284819804,21.336650284819804,100.0
730,1,41.24133635094257,41.24133635094257,100.0
730,2,37.42201336423763,37.42201336423763,100.0
740,0,33.816942755689816,33.816942755689816,100.0
740,1,46.338526273156624,46.338526273156624,100.0
740,2,19.844530971153553,19.844530971153553,100.0
750,0,23.651225557415362,23.651225557415362,100.0
750,1,51.015608982662556,51.015608982662556,100.0
750,2,25.333165459922085,25.333165459922085,100.0
760,0,30.827526044336075,30.827526044336075,100.0
760,1,36.59557870348205,36.59557870348205,100.0
760,2,32.576895252181885,32.576895252181885,100.0
770,0,23.57557287020573,23.57557287020573,100.0
770,1,49.492608011184615,49.492608011184615,100.0
770,2,26.931819118609656,26.931819118609656,100.0
780,0,45.23802126523875,45.23802126523875,100.0
780,1,36.637926198413304,36.637926198413304,100.0
780,2,18.12405253634795,18.12405253634795,100.0
790,0,35.38396247781556,35.38396247781556,100.0
790,1,41.67187841175773,41.67187841175773,100.0
790,2,22.944159110426714,22.944159110426714,100.0
800,0,25.778527365790303,25.778527365790303,100.0
800,1,43.604488911428554,43.604488911428554,100.0
800,2,30.616983722781153,30.616983722781153,100.0
810,0,37.072430800196884,37.072430800196884,100.0
810,1,30.25160367908834,30.25160367908834,100.0
810,2,32.67596552071477,32.67596552071477,100.0
820,0,35.547635204105134,35.547635204105134,100.0
820,1,25.848549500712863,25.848549500712863,100.0
820,2,38.603815295181995,38.603815295181995,100.0
830,0,26.390970048603833,26.390970048603833,100.0
830,1,47.15951057422313,47.15951057422313,100.0
830,2,26.449519377173043,26.449519377173043,100.0
840,0,40.56651052404706,40.56651052404706,100.0
840,1,32.93923360169491,32.93923360169491,100.0
840,2,26.494255874258034,26.494255874258034,100.0
850,0,37.97475959320727,37.97475959320727,100.0
850,1,36.010544792758445,36.010544792758445,100.0
850,2,26.014695614034288,26.014695614034288,100.0
860,0,33.326155885805555,33.326155885805555,100.0
860,1,41.936491897213955,41.936491897213955,100.0
860,2,24.737352216980486,24.737352216980486,100.0
870,0,40.7212479844856,40.7212479844856,100.0
870,1,36.51747542037068,36.51747542037068,100.0
870,2,22.761276595143716,22.761276595143716,100.0
880,0,23.471431124163523,23.471431124163523,100.0
880,1,43.30088430936949,43.30088430936949,100.0
880,2,33.22768456646699,33.22768456646699,100.0
890,0,29.572930093610523,29.572930093610523,100.0
890,1,40.93920222888752,40.93920222888752,100.0
890,2,29.48786767750197,29.48786767750197,100.0
900,0,36.02306135760922,36.02306135760922,100.0
900,1,25.195154996045154,25.195154996045154,100.0
900,2,38.78178364634562,38.78178364634562,100.0
910,0,29.60402676444765,29.60402676444765,100.0
910,1,49.45516017823789,49.45516017823789,100.0
910,2,20.94081305731447,20.94081305731447,100.0
920,0,38.58099753882504,38.58099753882504,100.0
920,1,43.19296943915415,43.19296943915415,100.0
920,2,18.22603302202081,18.22603302202081,100.0
930,0,38.06906920801214,38.06906920801214,100.0
930,1,40.88839899095713,40.88839899095713,100.0
930,2,21.042531801030734,21.042531801030734,100.0
940,0,30.363827737829364,30.363827737829364,100.0
940,1,30.565308825094316,30.565308825094316,100.0
940,2,39.07086343707632,39.07086343707632,100.0
950,0,44.326785331107175,44.326785331107175,100.0
950,1,32.191429564282366,32.191429564282366,100.0
950,2,23.481785104610456,23.481785104610456,100.0
960,0,28.493984225264363,28.493984225264363,100.0
960,1,40.24463459625616,40.24463459625616,100.0
960,2,31.261381178479475,31.261381178479475,100.0
970,0,28.176913420317163,28.176913420317163,100.0
970,1,38.21088636302947,38.21088636302947,100.0
970,2,33.612200216653356,33.612200216653356,100.0
980,0,24.693493173416655,24.693493173416655,100.0
980,1,46.32011679604067,46.32011679604067,100.0
980,2,28.98639003054268,28.98639003054268,100.0
990,0,27.78865297595079,27.78865297595079,100.0
990,1,47.22233386954302,47.22233386954302,100.0
990,2,24.989013154506186,24.989013154506186,100.0
1000,0,29.847631615575498,29.847631615575498,100.0
1000,1,46.50030357371347,46.50030357371347,100.0
1000,2,23.65206481071104,23.65206481071104,100.0
1010,0,30.33088635383431,30.33088635383431,100.0
1010,1,30.766067154408884,30.766067154408884,100.0
1010,2,38.90304649175681,38.90304649175681,100.0
1020,0,41.68588900193561,41.68588900193561,100.0
1020,1,38.51790050449031,38.51790050449031,100.0
1020,2,19.79621049357408,19.79621049357408,100.0
1030,0,28.185532220223593,28.185532220223593,100.0
1030,1,39.03608785886141,39.03608785886141,100.0
1030,2,32.77837992091501,32.77837992091501,100.0
1040,0,33.23815428349055,33.23815428349055,100.0
1040,1,44.350843116220915,44.350843116220915,100.0
1040,2,22.411002600288537,22.411002600288537,100.0
1050,0,32.53708951752595,32.53708951752595,100.0
1050,1,27.371592404996015,27.371592404996015,100.0
1050,2,40.091318077478036,40.091318077478036,100.0
1060,0,32.34010240619442,32.34010240619442,100.0
1060,1,42.70658619066986,42.70658619066986,100.0
1060,2,24.95331140313572,24.95331140313572,100.0
1070,0,33.74418631721562,33.74418631721562,100.0
1070,1,33.68567982894351,33.68567982894351,100.0
1070,2,32.57013385384086,32.57013385384086,100.0
1080,0,23.673161952815576,23.673161952815576,100.0
1080,1,43.27696933218718,43.27696933218718,100.0
1080,2,33.04986871499725,33.04986871499725,100.0
1090,0,32.73286299744795,32.73286299744795,100.0
1090,1,38.90676020440746,38.90676020440746,100.0
1090,2,28.360376798144575,28.360376798144575,100.0
1100,0,50.26536588058887,50.26536588058887,100.0
1100,1,30.288673603586723,30.288673603586723,100.0
1100,2,19.44596051582441,19.44596051582441,100.0
1110,0,49.009581479896966,49.009581479896966,100.0
1110,1,30.702111411046868,30.702111411046868,100.0
1110,2,20.288307109056163,20.288307109056163,100.0
1120,0,35.96173950838659,35.96173950838659,100.0
1120,1,35.81089052638695,35.81089052638695,100.0
1120,2,28.22736996522646,28.22736996522646,100.0
1130,0,49.59633776752589,49.59633776752589,100.0
1130,1,30.562153676627535,30.562153676627535,100.0
1130,2,19.841508555846577,19.841508555846577,100.0
1140,0,28.80427712526346,28.80427712526346,100.0
1140,1,38.764484560387594,38.764484560387594,100.0
1140,2,32.431238314348946,32.431238314348946,100.0
1150,0,37.71923690471556,37.71923690471556,100.0
1150,1,29.490194228128964,29.490194228128964,100.0
1150,2,32.79056886715548,32.79056886715548,100.0
1160,0,24.98928611624817,24.98928611624817,100.0
1160,1,29.091222825581674,29.091222825581674,100.0
1160,2,45.919491058170145,45.919491058170145,100.0
1170,0,21.319238956982666,21.319238956982666,100.0
1170,1,39.77973471063429,39.77973471063429,100.0
1170,2,38.90102633238305,38.90102633238305,100.0
1180,0,37.75699632501234,37.75699632501234,100.0
1180,1,30.364854362096004,30.364854362096004,100.0
1180,2,31.878149312891658,31.878149312891658,100.0
1190,0,40.04800596772573,40.04800596772573,100.0
1190,1,30.264733656566012,30.264733656566012,100.0
1190,2,29.68726037570827,29.68726037570827,100.0
1200,0,34.91625013613003,34.91625013613003,100.0
1200,1,33.98625603098731,33.98625603098731,100.0
1200,2,31.097493832882662,31.097493832882662,100.0
1210,0,35.1965039865967,35.1965039865967,100.0
1210,1,44.697576158497284,44.697576158497284,100.0
1210,2,20.105919854906023,20.105919854906023,100.0
1220,0,38.374800890988055,38.374800890988055,100.0
1220,1,41.80986456641804,41.80986456641804,100.0
1220,2,19.815334542593902,19.815334542593902,100.0
1230,0,34.97509075095988,34.97509075095988,100.0
1230,1,39.91920926725988,39.91920926725988,100.0
1230,2,25.105699981780234,25.105699981780234,100.0
1240,0,28.785584105004737,28.785584105004737,100.0
1240,1,39.656221354910706,39.656221354910706,100.0
1240,2,31.55819454008456,31.55819454008456,100.0
1250,0,29.87199597753386,29.87199597753386,100.0
1250,1,28.661735008158693,28.661735008158693,100.0
1250,2,41.46626901430744,41.46626901430744,100.0
1260,0,32.77953344577133,32.77953344577133,100.0
1260,1,46.17266219445827,46.17266219445827,100.0
1260,2,21.04780435977041,21.04780435977041,100.0
1270,0,21.280218160943583,21.280218160943583,100.0
1270,1,39.86338659800906,39.86338659800906,100.0
1270,2,38.85639524104736,38.85639524104736,100.0
1280,0,28.282743802139827,28.282743802139827,100.0
1280,1,34.106087893909276,34.106087893909276,100.0
1280,2,37.6111683039509,37.6111683039509,100.0
1290,0,41.2108446488772,41.2108446488772,100.0
1290,1,38.12312258563636,38.12312258563636,100.0
1290,2,20.66603276548645,20.66603276548645,100.0
1300,0,33.289890495770756,33.289890495770756,100.0
1300,1,41.90275100575537,41.90275100575537,100.0
1300,2,24.807358498473878,24.807358498473878,100.0
1310,0,48.280132348311824,48.280132348311824,100.0
1310,1,30.318012555518862,30.318012555518862,100.0
1310,2,21.401855096169314,21.401855096169314,100.0
1320,0,22.772111095109768,22.772111095109768,100.0
1320,1,34.471210919798075,34.471210919798075,100.0
1320,2,42.75667798509217,42.75667798509217,100.0
1330,0,26.24428709712242,26.24428709712242,100.0
1330,1,35.932851368816415,35.932851368816415,100.0
1330,2,37.822861534061175,37.822861534061175,100.0
1340,0,28.559445537990317,28.559445537990317,100.0
1340,1,35.5004423389756,35.5004423389756,100.0
1340,2,35.94011212303409,35.94011212303409,100.0
1350,0,33.62532931951926,33.62532931951926,100.0
1350,1,39.714953421813334,39.714953421813334,100.0
1350,2,26.65971725866741,26.65971725866741,100.0
1360,0,30.512025820054845,30.512025820054845,100.0
1360,1,32.84374587236134,32.84374587236134,100.0
1360,2,36.64422830758382,36.64422830758382,100.0
1370,0,33.915733202282155,33.915733202282155,100.0
1370,1,36.97556442430477,36.97556442430477,100.0
1370,2,29.108702373413074,29.108702373413074,100.0
1380,0,36.894368751909454,36.894368751909454,100.0
1380,1,24.43175881268367,24.43175881268367,100.0
1380,2,38.67387243540688,38.67387243540688,100.0
1390,0,42.40732346404088,42.40732346404088,100.0
1390,1,33.60993802201481,33.60993802201481,100.0
1390,2,23.982738513944316,23.982738513944316,100.0
1400,0,38.8367429567165,38.8367429567165,100.0
1400,1,33.62065734235471,33.62065734235471,100.0
1400,2,27.542599700928783,27.542599700928783,100.0
1410,0,27.357463046476184,27.357463046476184,100.0
1410,1,52.55707292041036,52.55707292041036,100.0
1410,2,20.085464033113453,20.085464033113453,100.0
1420,0,29.455937635533513,29.455937635533513,100.0
1420,1,46.076544319006935,46.076544319006935,100.0
1420,2,24.467518045459546,24.467518045459546,100.0
1430,0,26.21366401099687,26.21366401099687,100.0
1430,1,48.04771416277186,48.04771416277186,100.0
1430,2,25.738621826231277,25.738621826231277,100.0
1440,0,34.650725701984406,34.650725701984406,100.0
1440,1,35.6677584508077,35.6677584508077,100.0
1440,2,29.681515847207894,29.681515847207894,100.0
1450,0,30.96642306038044,30.96642306038044,100.0
1450,1,45.56386157389097,45.56386157389097,100.0
1450,2,23.46971536572859,23.46971536572859,100.0
1460,0,28.193034999745347,28.193034999745347,100.0
1460,1,39.345899420084564,39.345899420084564,100.0
1460,2,32.46106558017009,32.46106558017009,100.0
1470,0,23.39664587454978,23.39664587454978,100.0
1470,1,44.029942004916514,44.029942004916514,100.0
1470,2,32.5734121205337,32.5734121205337,100.0
1480,0,39.37161862755823,39.37161862755823,100.0
1480,1,33.54313854677022,33.54313854677022,100.0
1480,2,27.08524282567155,27.08524282567155,100.0
1490,0,39.80293472399786,39.80293472399786,100.0
1490,1,35.13966711964868,35.13966711964868,100.0
1490,2,25.05739815635348,25.05739815635348,100.0
1500,0,26.892504521139305,26.892504521139305,100.0
1500,1,39.34398102268019,39.34398102268019,100.0
1500,2,33.7635144561805,33.7635144561805,100.0
