timestamp,ueImsi,sliceId,dTxBytes,dRxBytes,plr,resourceSharePct,dLostPackets,throughputMbps,bufferBytes,dlBufferBytes,ulBufferBytes,macBufferBytes,congestionPct,lastDrlActionStatus
9900,1,0,128736,0,100.00,23.39,112,0.0000,1199926,82102,1199926,1282028,12.23,applied
9900,2,0,128736,8596,93.75,23.39,105,0.6877,1200005,82102,1200005,1282107,12.23,applied
9900,3,0,128736,34384,75.00,23.39,84,2.7507,1200005,82103,1200005,1282108,12.23,applied
9900,4,0,128736,0,100.00,23.39,112,0.0000,34,82130,34,82164,0.78,applied
9900,5,0,128736,0,100.00,23.39,112,0.0000,3914,82130,3914,86044,0.82,applied
9900,6,1,0,0,0.00,55.67,0,0.0000,34,0,34,34,0.00,applied
9900,7,1,0,0,0.00,55.67,0,0.0000,34,0,34,34,0.00,applied
9900,8,1,0,0,0.00,55.67,0,0.0000,34,0,34,34,0.00,applied
9900,9,1,0,0,0.00,55.67,0,0.0000,34,0,34,34,0.00,applied
9900,10,1,0,0,0.00,55.67,0,0.0000,17,0,17,17,0.00,applied
9900,11,1,0,0,0.00,55.67,0,0.0000,34,0,34,34,0.00,applied
9900,12,1,0,0,0.00,55.67,0,0.0000,34,0,34,34,0.00,applied
9900,13,1,0,0,0.00,55.67,0,0.0000,34,0,34,34,0.00,applied
9900,14,2,65200,940,90.00,20.94,45,0.0752,5111983,5111983,51,5112034,48.75,applied
9900,15,2,65200,0,100.00,20.94,50,0.0000,5111983,5111983,51,5112034,48.75,applied
9900,16,2,65200,940,90.00,20.94,45,0.0752,5112010,5112010,51,5112061,48.75,applied
9900,17,2,65200,0,100.00,20.94,50,0.0000,5113127,5113127,51,5113178,48.76,applied
9900,18,2,65200,0,100.00,20.94,50,0.0000,5111983,5111983,51,5112034,48.75,applied
