timestamp,ueImsi,sliceId,dTxBytes,dRxBytes,plr,resourceSharePct,dLostPackets,throughputMbps,bufferBytes
1510,1,0,18336,0,100.00,33.45,12,0.0000,1699967
1510,2,0,18336,3056,83.33,33.45,10,2.4448,1495743
1510,3,0,18336,6112,66.67,33.45,8,4.8896,1204458
1510,4,0,18336,4584,75.00,33.45,9,3.6672,1356212
1510,5,0,18336,0,100.00,33.45,12,0.0000,1690850
1510,6,1,390,390,0.00,35.95,0,0.3120,87
1510,7,1,390,0,100.00,35.95,5,0.0000,15958
1510,8,1,390,390,0.00,35.95,0,0.3120,87
1510,9,1,390,468,0.00,35.95,0,0.3744,87
1510,10,1,390,0,100.00,35.95,5,0.0000,9408
1510,11,2,384,256,33.33,30.59,1,0.2048,137
1510,12,2,384,256,33.33,30.59,1,0.2048,137
1510,13,2,384,256,33.33,30.59,1,0.2048,137
1510,14,2,384,256,33.33,30.59,1,0.2048,137
1510,15,2,384,256,33.33,30.59,1,0.2048,73
1510,16,2,384,0,100.00,30.59,3,0.0000,1014
1510,17,2,384,256,33.33,30.59,1,0.2048,137
1510,18,2,384,0,100.00,30.59,3,0.0000,137
1510,19,2,384,256,33.33,30.59,1,0.2048,137
1510,20,2,384,256,33.33,30.59,1,0.2048,137
