timestamp,sliceId,dedicatedPRB,minPRB,maxPRB
510,0,48.316782964323664,48.316782964323664,100.0
510,1,28.506443328639076,28.506443328639076,100.0
510,2,23.176773707037256,23.176773707037256,100.0
520,0,30.058711959234095,30.058711959234095,100.0
520,1,34.33156264966386,34.33156264966386,100.0
520,2,35.60972539110204,35.60972539110204,100.0
530,0,24.702732063068346,24.702732063068346,100.0
530,1,34.88664544061791,34.88664544061791,100.0
530,2,40.41062249631374,40.41062249631374,100.0
540,0,43.14991155336969,43.14991155336969,100.0
540,1,31.731075417229032,31.731075417229032,100.0
540,2,25.119013029401277,25.119013029401277,100.0
550,0,22.841119027958413,22.841119027958413,100.0
550,1,26.900741932441047,26.900741932441047,100.0
550,2,50.258139039600536,50.258139039600536,100.0
560,0,26.867749310973803,26.867749310973803,100.0
560,1,51.9560345735549,51.9560345735549,100.0
560,2,21.17621611547129,21.17621611547129,100.0
570,0,39.727015815416365,39.727015815416365,100.0
570,1,32.75142762252269,32.75142762252269,100.0
570,2,27.521556562060944,27.521556562060944,100.0
580,0,20.75945655988144,20.75945655988144,100.0
580,1,42.643279545304694,42.643279545304694,100.0
580,2,36.597263894813864,36.597263894813864,100.0
590,0,37.470151931724274,37.470151931724274,100.0
590,1,38.64372375615217,38.64372375615217,100.0
590,2,23.886124312123563,23.886124312123563,100.0
600,0,28.252303452544353,28.252303452544353,100.0
600,1,39.72565214320364,39.72565214320364,100.0
600,2,32.02204440425201,32.02204440425201,100.0
610,0,27.526785995820784,27.526785995820784,100.0
610,1,46.21500797438774,46.21500797438774,100.0
610,2,26.258206029791474,26.258206029791474,100.0
620,0,27.674031663594363,27.674031663594363,100.0
620,1,34.93108719076321,34.93108719076321,100.0
620,2,37.39488114564244,37.39488114564244,100.0
630,0,37.29340724929402,37.29340724929402,100.0
630,1,28.545163612607084,28.545163612607084,100.0
630,2,34.16142913809891,34.16142913809891,100.0
640,0,29.880471065102643,29.880471065102643,100.0
640,1,37.61580640625136,37.61580640625136,100.0
640,2,32.503722528645994,32.503722528645994,100.0
650,0,27.3786991953138,27.3786991953138,100.0
650,1,33.31817146486551,33.31817146486551,100.0
650,2,39.3031293398207,39.3031293398207,100.0
660,0,40.66466025466216,40.66466025466216,100.0
660,1,35.10413033447263,35.10413033447263,100.0
660,2,24.23120941086522,24.23120941086522,100.0
670,0,36.95539323778991,36.95539323778991,100.0
670,1,32.628386370854344,32.628386370854344,100.0
670,2,30.416220391355736,30.416220391355736,100.0
680,0,47.60977717422762,47.60977717422762,100.0
680,1,28.423414920129364,28.423414920129364,100.0
680,2,23.966807905643016,23.966807905643016,100.0
690,0,24.50004781813984,24.50004781813984,100.0
690,1,27.471640108522887,27.471640108522887,100.0
690,2,48.02831207333728,48.02831207333728,100.0
700,0,27.83525144502274,27.83525144502274,100.0
700,1,45.19834208689684,45.19834208689684,100.0
700,2,26.966406468080418,26.966406468080418,100.0
710,0,32.845152350636866,32.845152350636866,100.0
710,1,45.789307289609205,45.789307289609205,100.0
710,2,21.365540359753936,21.365540359753936,100.0
720,0,39.95484797270451,39.95484797270451,100.0
720,1,31.3575833395019,31.3575833395019,100.0
720,2,28.687568687793597,28.687568687793597,100.0
730,0,25.822318441060894,25.822318441060894,100.0
730,1,33.61537677745711,33.61537677745711,100.0
730,2,40.56230478148201,40.56230478148201,100.0
740,0,48.52469911177407,48.52469911177407,100.0
740,1,30.847939785712846,30.847939785712846,100.0
740,2,20.627361102513085,20.627361102513085,100.0
750,0,36.05610158467862,36.05610158467862,100.0
750,1,32.85170958845735,32.85170958845735,100.0
750,2,31.092188826864025,31.092188826864025,100.0
760,0,39.784191115720226,39.784191115720226,100.0
760,1,37.07380843943266,37.07380843943266,100.0
760,2,23.14200044484711,23.14200044484711,100.0
770,0,36.86902768009402,36.86902768009402,100.0
770,1,35.38165301001431,35.38165301001431,100.0
770,2,27.74931930989166,27.74931930989166,100.0
780,0,35.46028288367603,35.46028288367603,100.0
780,1,32.25680848547,32.25680848547,100.0
780,2,32.282908630853974,32.282908630853974,100.0
