timestamp,sliceId,dedicatedPRB,minPRB,maxPRB
510,0,36.34072744720182,36.34072744720182,100.0
510,1,30.79593339985725,30.79593339985725,100.0
510,2,32.86333915294093,32.86333915294093,100.0
520,0,44.0899621326073,44.0899621326073,100.0
520,1,25.461514733651946,25.461514733651946,100.0
520,2,30.448523133740757,30.448523133740757,100.0
530,0,34.47294531953787,34.47294531953787,100.0
530,1,31.881928738937948,31.881928738937948,100.0
530,2,33.64512594152418,33.64512594152418,100.0
540,0,42.19036467515275,42.19036467515275,100.0
540,1,35.98941744142486,35.98941744142486,100.0
540,2,21.820217883422394,21.820217883422394,100.0
550,0,48.973252134003985,48.973252134003985,100.0
550,1,31.850215528386766,31.850215528386766,100.0
550,2,19.176532337609252,19.176532337609252,100.0
560,0,28.29916005530404,28.29916005530404,100.0
560,1,51.49156095740577,51.49156095740577,100.0
560,2,20.209278987290197,20.209278987290197,100.0
570,0,29.85148462266437,29.85148462266437,100.0
570,1,49.1649125568955,49.1649125568955,100.0
570,2,20.98360282044013,20.98360282044013,100.0
580,0,31.665520359683917,31.665520359683917,100.0
580,1,32.999539947109845,32.999539947109845,100.0
580,2,35.33493969320624,35.33493969320624,100.0
590,0,29.58568967931675,29.58568967931675,100.0
590,1,44.226997096331964,44.226997096331964,100.0
590,2,26.187313224351293,26.187313224351293,100.0
600,0,37.08890673470077,37.08890673470077,100.0
600,1,38.10432233179062,38.10432233179062,100.0
600,2,24.80677093350861,24.80677093350861,100.0
610,0,36.61056415495003,36.61056415495003,100.0
610,1,26.197109140555707,26.197109140555707,100.0
610,2,37.19232670449426,37.19232670449426,100.0
620,0,44.21683402962843,44.21683402962843,100.0
620,1,34.62415472370182,34.62415472370182,100.0
620,2,21.159011246669753,21.159011246669753,100.0
630,0,23.415457272658813,23.415457272658813,100.0
630,1,32.747390600169304,32.747390600169304,100.0
630,2,43.83715212717188,43.83715212717188,100.0
640,0,43.66531041370845,43.66531041370845,100.0
640,1,32.27996136476744,32.27996136476744,100.0
640,2,24.054728221524112,24.054728221524112,100.0
650,0,33.82184823956372,33.82184823956372,100.0
650,1,26.88074610685307,26.88074610685307,100.0
650,2,39.29740565358322,39.29740565358322,100.0
660,0,28.897435177265468,28.897435177265468,100.0
660,1,48.870416591343336,48.870416591343336,100.0
660,2,22.232148231391204,22.232148231391204,100.0
670,0,33.500512574833955,33.500512574833955,100.0
670,1,29.29024720164336,29.29024720164336,100.0
670,2,37.20924022352268,37.20924022352268,100.0
680,0,22.074777616416046,22.074777616416046,100.0
680,1,54.834813673660435,54.834813673660435,100.0
680,2,23.09040870992351,23.09040870992351,100.0
690,0,29.181969770310722,29.181969770310722,100.0
690,1,41.17660663012168,41.17660663012168,100.0
690,2,29.64142359956759,29.64142359956759,100.0
700,0,27.092550261864822,27.092550261864822,100.0
700,1,52.652080247765845,52.652080247765845,100.0
700,2,20.25536949036934,20.25536949036934,100.0
710,0,25.414869715319888,25.414869715319888,100.0
710,1,49.41173396083157,49.41173396083157,100.0
710,2,25.17339632384854,25.17339632384854,100.0
720,0,36.123121706545305,36.123121706545305,100.0
720,1,28.626955065933924,28.626955065933924,100.0
720,2,35.249923227520775,35.249923227520775,100.0
730,0,35.50389465437217,35.50389465437217,100.0
730,1,33.88669668635609,33.88669668635609,100.0
730,2,30.609408659271743,30.609408659271743,100.0
740,0,22.275340185825403,22.275340185825403,100.0
740,1,41.578718225092985,41.578718225092985,100.0
740,2,36.14594158908162,36.14594158908162,100.0
750,0,52.96509695321531,52.96509695321531,100.0
750,1,26.307836539752007,26.307836539752007,100.0
750,2,20.72706650703268,20.72706650703268,100.0
760,0,29.798908205406228,29.798908205406228,100.0
760,1,37.37586394866979,37.37586394866979,100.0
760,2,32.82522784592399,32.82522784592399,100.0
770,0,24.861088060166168,24.861088060166168,100.0
770,1,51.80062599843418,51.80062599843418,100.0
770,2,23.338285941399654,23.338285941399654,100.0
780,0,47.69966363103225,47.69966363103225,100.0
780,1,26.89483620576657,26.89483620576657,100.0
780,2,25.40550016320117,25.40550016320117,100.0
790,0,43.52281238113359,43.52281238113359,100.0
790,1,31.170515627765788,31.170515627765788,100.0
790,2,25.30667199110062,25.30667199110062,100.0
800,0,25.43967015885561,25.43967015885561,100.0
800,1,48.434106705580184,48.434106705580184,100.0
800,2,26.12622313556421,26.12622313556421,100.0
810,0,36.24549453820038,36.24549453820038,100.0
810,1,31.581012611397924,31.581012611397924,100.0
810,2,32.1734928504017,32.1734928504017,100.0
820,0,27.064662239952153,27.064662239952153,100.0
820,1,49.40665104258027,49.40665104258027,100.0
820,2,23.52868671746758,23.52868671746758,100.0
830,0,21.056694493218146,21.056694493218146,100.0
830,1,47.626766526593215,47.626766526593215,100.0
830,2,31.316538980188646,31.316538980188646,100.0
840,0,38.37939192905934,38.37939192905934,100.0
840,1,33.660608066890354,33.660608066890354,100.0
840,2,27.96000000405031,27.96000000405031,100.0
850,0,22.867381473784587,22.867381473784587,100.0
850,1,33.48394814393567,33.48394814393567,100.0
850,2,43.64867038227974,43.64867038227974,100.0
860,0,38.411816208158434,38.411816208158434,100.0
860,1,38.5607417504814,38.5607417504814,100.0
860,2,23.027442041360167,23.027442041360167,100.0
870,0,32.181672858710854,32.181672858710854,100.0
870,1,26.105201827518176,26.105201827518176,100.0
870,2,41.71312531377097,41.71312531377097,100.0
880,0,26.57446031552095,26.57446031552095,100.0
880,1,51.42055621354269,51.42055621354269,100.0
880,2,22.004983470936352,22.004983470936352,100.0
890,0,37.035503181269526,37.035503181269526,100.0
890,1,39.684152893156444,39.684152893156444,100.0
890,2,23.280343925574034,23.280343925574034,100.0
900,0,34.083636519528405,34.083636519528405,100.0
900,1,28.43323806613928,28.43323806613928,100.0
900,2,37.483125414332314,37.483125414332314,100.0
910,0,45.09844187120906,45.09844187120906,100.0
910,1,26.68177697561709,26.68177697561709,100.0
910,2,28.219781153173855,28.219781153173855,100.0
920,0,29.472564848328087,29.472564848328087,100.0
920,1,40.22389513456759,40.22389513456759,100.0
920,2,30.303540017104318,30.303540017104318,100.0
930,0,25.125028187740966,25.125028187740966,100.0
930,1,27.196156002966397,27.196156002966397,100.0
930,2,47.678815809292644,47.678815809292644,100.0
940,0,30.710801856586645,30.710801856586645,100.0
940,1,40.18154930256953,40.18154930256953,100.0
940,2,29.107648840843826,29.107648840843826,100.0
950,0,31.995160906832286,31.995160906832286,100.0
950,1,44.41319930417216,44.41319930417216,100.0
950,2,23.591639788995554,23.591639788995554,100.0
960,0,35.66268177575826,35.66268177575826,100.0
960,1,26.982030669835268,26.982030669835268,100.0
960,2,37.35528755440647,37.35528755440647,100.0
970,0,33.62813477458863,33.62813477458863,100.0
970,1,33.90646804411956,33.90646804411956,100.0
970,2,32.46539718129181,32.46539718129181,100.0
980,0,27.732753219027718,27.732753219027718,100.0
980,1,42.21860019537461,42.21860019537461,100.0
980,2,30.048646585597673,30.048646585597673,100.0
990,0,22.766794749282614,22.766794749282614,100.0
990,1,37.58729801007035,37.58729801007035,100.0
990,2,39.64590724064704,39.64590724064704,100.0
1000,0,46.12056383582698,46.12056383582698,100.0
1000,1,25.1573502174386,25.1573502174386,100.0
1000,2,28.722085946734428,28.722085946734428,100.0
1010,0,41.23745143818224,41.23745143818224,100.0
1010,1,26.47865238370848,26.47865238370848,100.0
1010,2,32.28389617810928,32.28389617810928,100.0
1020,0,34.38709195925273,34.38709195925273,100.0
1020,1,34.81614454933308,34.81614454933308,100.0
1020,2,30.796763491414193,30.796763491414193,100.0
1030,0,28.041007019092923,28.041007019092923,100.0
1030,1,38.66207485351158,38.66207485351158,100.0
1030,2,33.2969181273955,33.2969181273955,100.0
1040,0,28.67969123834216,28.67969123834216,100.0
1040,1,30.497781471502577,30.497781471502577,100.0
1040,2,40.822527290155264,40.822527290155264,100.0
1050,0,43.584292190011524,43.584292190011524,100.0
1050,1,32.02076345789132,32.02076345789132,100.0
1050,2,24.394944352097163,24.394944352097163,100.0
1060,0,29.186910734765426,29.186910734765426,100.0
1060,1,37.496098220550905,37.496098220550905,100.0
1060,2,33.31699104468368,33.31699104468368,100.0
1070,0,26.574801314471898,26.574801314471898,100.0
1070,1,29.900506755200063,29.900506755200063,100.0
1070,2,43.52469193032804,43.52469193032804,100.0
1080,0,28.16979274566467,28.16979274566467,100.0
1080,1,40.4481384111701,40.4481384111701,100.0
1080,2,31.382068843165236,31.382068843165236,100.0
1090,0,34.270450994013835,34.270450994013835,100.0
1090,1,45.19920620384865,45.19920620384865,100.0
1090,2,20.530342802137525,20.530342802137525,100.0
1100,0,29.244451404484945,29.244451404484945,100.0
1100,1,45.280347262722906,45.280347262722906,100.0
1100,2,25.475201332792146,25.475201332792146,100.0
1110,0,36.39910211638543,36.39910211638543,100.0
1110,1,40.60046448184026,40.60046448184026,100.0
1110,2,23.000433401774313,23.000433401774313,100.0
1120,0,27.159767318782507,27.159767318782507,100.0
1120,1,33.41434859369106,33.41434859369106,100.0
1120,2,39.42588408752644,39.42588408752644,100.0
1130,0,23.467264137551304,23.467264137551304,100.0
1130,1,41.57756544863291,41.57756544863291,100.0
1130,2,34.95517041381579,34.95517041381579,100.0
1140,0,34.57952227750544,34.57952227750544,100.0
1140,1,41.416890120942604,41.416890120942604,100.0
1140,2,24.003587601551963,24.003587601551963,100.0
1150,0,28.29647832003569,28.29647832003569,100.0
1150,1,48.335910007196816,48.335910007196816,100.0
1150,2,23.36761167276749,23.36761167276749,100.0
1160,0,21.805103725511437,21.805103725511437,100.0
1160,1,38.166195174416046,38.166195174416046,100.0
1160,2,40.028701100072524,40.028701100072524,100.0
1170,0,24.526531912686725,24.526531912686725,100.0
1170,1,31.400699193904458,31.400699193904458,100.0
1170,2,44.07276889340882,44.07276889340882,100.0
1180,0,40.63129131195503,40.63129131195503,100.0
1180,1,33.78744353679555,33.78744353679555,100.0
1180,2,25.581265151249426,25.581265151249426,100.0
1190,0,27.24265928393916,27.24265928393916,100.0
1190,1,39.416397408369065,39.416397408369065,100.0
1190,2,33.340943307691774,33.340943307691774,100.0
1200,0,26.59155452078552,26.59155452078552,100.0
1200,1,32.906597562490184,32.906597562490184,100.0
1200,2,40.5018479167243,40.5018479167243,100.0
1210,0,31.310664294161416,31.310664294161416,100.0
1210,1,34.312750372517385,34.312750372517385,100.0
1210,2,34.376585333321195,34.376585333321195,100.0
1220,0,26.957737764882516,26.957737764882516,100.0
1220,1,29.854159271118913,29.854159271118913,100.0
1220,2,43.188102963998574,43.188102963998574,100.0
1230,0,41.64140569821968,41.64140569821968,100.0
1230,1,36.027069337945996,36.027069337945996,100.0
1230,2,22.33152496383432,22.33152496383432,100.0
1240,0,32.56960898497052,32.56960898497052,100.0
1240,1,34.66386737025086,34.66386737025086,100.0
1240,2,32.76652364477861,32.76652364477861,100.0
1250,0,22.505970710527457,22.505970710527457,100.0
1250,1,37.6483493283146,37.6483493283146,100.0
1250,2,39.84567996115794,39.84567996115794,100.0
1260,0,28.96900252712787,28.96900252712787,100.0
1260,1,33.574565402154334,33.574565402154334,100.0
1260,2,37.456432070717796,37.456432070717796,100.0
1270,0,24.15069128189795,24.15069128189795,100.0
1270,1,35.14188009476088,35.14188009476088,100.0
1270,2,40.707428623341166,40.707428623341166,100.0
1280,0,21.57757518894995,21.57757518894995,100.0
1280,1,52.02554344084695,52.02554344084695,100.0
1280,2,26.39688137020309,26.39688137020309,100.0
1290,0,45.5158607328098,45.5158607328098,100.0
1290,1,33.59578726956752,33.59578726956752,100.0
1290,2,20.888351997622678,20.888351997622678,100.0
1300,0,25.562587433907645,25.562587433907645,100.0
1300,1,41.07200239314384,41.07200239314384,100.0
1300,2,33.365410172948515,33.365410172948515,100.0
1310,0,39.80211582619588,39.80211582619588,100.0
1310,1,35.06927010308175,35.06927010308175,100.0
1310,2,25.12861407072237,25.12861407072237,100.0
1320,0,28.894803693769365,28.894803693769365,100.0
1320,1,40.75152966256067,40.75152966256067,100.0
1320,2,30.353666643669964,30.353666643669964,100.0
1330,0,31.30121835082641,31.30121835082641,100.0
1330,1,30.217315591123285,30.217315591123285,100.0
1330,2,38.48146605805031,38.48146605805031,100.0
1340,0,29.491922119804027,29.491922119804027,100.0
1340,1,35.258366589448386,35.258366589448386,100.0
1340,2,35.249711290747584,35.249711290747584,100.0
1350,0,31.91989547254147,31.91989547254147,100.0
1350,1,44.148736476347864,44.148736476347864,100.0
1350,2,23.931368051110663,23.931368051110663,100.0
1360,0,26.284957822617592,26.284957822617592,100.0
1360,1,28.742178414226743,28.742178414226743,100.0
1360,2,44.972863763155665,44.972863763155665,100.0
1370,0,41.95168210146329,41.95168210146329,100.0
1370,1,32.33430171482462,32.33430171482462,100.0
1370,2,25.71401618371209,25.71401618371209,100.0
1380,0,37.23652165591954,37.23652165591954,100.0
1380,1,37.38045033487042,37.38045033487042,100.0
1380,2,25.383028009210047,25.383028009210047,100.0
1390,0,24.408861100253425,24.408861100253425,100.0
1390,1,44.773434595279134,44.773434595279134,100.0
1390,2,30.817704304467437,30.817704304467437,100.0
1400,0,30.946559981819366,30.946559981819366,100.0
1400,1,27.233927325480273,27.233927325480273,100.0
1400,2,41.819512692700364,41.819512692700364,100.0
1410,0,40.09683162837537,40.09683162837537,100.0
1410,1,24.438058927264855,24.438058927264855,100.0
1410,2,35.46510944435978,35.46510944435978,100.0
1420,0,29.219416567408484,29.219416567408484,100.0
1420,1,41.14774715571685,41.14774715571685,100.0
1420,2,29.632836276874663,29.632836276874663,100.0
1430,0,32.56209619160053,32.56209619160053,100.0
1430,1,48.13272080138266,48.13272080138266,100.0
1430,2,19.305183007016808,19.305183007016808,100.0
1440,0,45.47318172776655,45.47318172776655,100.0
1440,1,29.626575819289524,29.626575819289524,100.0
1440,2,24.90024245294392,24.90024245294392,100.0
1450,0,41.83183388959053,41.83183388959053,100.0
1450,1,34.16891023524856,34.16891023524856,100.0
1450,2,23.999255875160912,23.999255875160912,100.0
1460,0,42.984749757096175,42.984749757096175,100.0
1460,1,35.79746773545575,35.79746773545575,100.0
1460,2,21.217782507448078,21.217782507448078,100.0
1470,0,25.38957502858378,25.38957502858378,100.0
1470,1,32.98572413942959,32.98572413942959,100.0
1470,2,41.624700831986615,41.624700831986615,100.0
1480,0,21.857575574341983,21.857575574341983,100.0
1480,1,51.083833709044214,51.083833709044214,100.0
1480,2,27.058590716613807,27.058590716613807,100.0
1490,0,25.48988527620255,25.48988527620255,100.0
1490,1,31.11723032027154,31.11723032027154,100.0
1490,2,43.39288440352591,43.39288440352591,100.0
1500,0,28.97183169608404,28.97183169608404,100.0
1500,1,50.950847781738084,50.950847781738084,100.0
1500,2,20.077320522177878,20.077320522177878,100.0
