timestamp,sliceId,dedicatedPRB,minPRB,maxPRB
510,0,34.92763831105823,34.92763831105823,100.0
510,1,42.41217472417432,42.41217472417432,100.0
510,2,22.660186964767455,22.660186964767455,100.0
520,0,29.269288735926967,29.269288735926967,100.0
520,1,31.735961450401206,31.735961450401206,100.0
520,2,38.99474981367183,38.99474981367183,100.0
530,0,37.26689631728956,37.26689631728956,100.0
530,1,42.12268495552899,42.12268495552899,100.0
530,2,20.610418727181457,20.610418727181457,100.0
540,0,29.833636189214918,29.833636189214918,100.0
540,1,47.540803372913416,47.540803372913416,100.0
540,2,22.62556043787167,22.62556043787167,100.0
550,0,37.755432510336476,37.755432510336476,100.0
550,1,38.12430429003513,38.12430429003513,100.0
550,2,24.120263199628393,24.120263199628393,100.0
