timestamp,sliceId,dedicatedPRB,minPRB,maxPRB
510,0,24.335770074854768,24.335770074854768,100.0
510,1,31.133933086267973,31.133933086267973,100.0
510,2,44.53029683887726,44.53029683887726,100.0
520,0,24.187865753471733,24.187865753471733,100.0
520,1,40.645618449433876,40.645618449433876,100.0
520,2,35.1665157970944,35.1665157970944,100.0
530,0,36.53445230990274,36.53445230990274,100.0
530,1,39.49413947176251,39.49413947176251,100.0
530,2,23.97140821833476,23.97140821833476,100.0
540,0,32.087258323255476,32.087258323255476,100.0
540,1,27.29952348570536,27.29952348570536,100.0
540,2,40.61321819103917,40.61321819103917,100.0
550,0,35.09251976132104,35.09251976132104,100.0
550,1,43.765395180338096,43.765395180338096,100.0
550,2,21.142085058340864,21.142085058340864,100.0
560,0,25.67112709632406,25.67112709632406,100.0
560,1,39.12107488791203,39.12107488791203,100.0
560,2,35.20779801576391,35.20779801576391,100.0
570,0,46.35399924325368,46.35399924325368,100.0
570,1,29.061462946123097,29.061462946123097,100.0
570,2,24.584537810623218,24.584537810623218,100.0
580,0,53.65692965092958,53.65692965092958,100.0
580,1,26.665343658325792,26.665343658325792,100.0
580,2,19.677726690744628,19.677726690744628,100.0
590,0,41.3562619147854,41.3562619147854,100.0
590,1,40.43039180025865,40.43039180025865,100.0
590,2,18.213346284955957,18.213346284955957,100.0
600,0,26.939335763336263,26.939335763336263,100.0
600,1,53.96617159485013,53.96617159485013,100.0
600,2,19.094492641813602,19.094492641813602,100.0
610,0,32.29589931105302,32.29589931105302,100.0
610,1,40.60733698563804,40.60733698563804,100.0
610,2,27.09676370330894,27.09676370330894,100.0
620,0,29.34639886191904,29.34639886191904,100.0
620,1,37.76622592124634,37.76622592124634,100.0
620,2,32.88737521683462,32.88737521683462,100.0
630,0,52.83475579345141,52.83475579345141,100.0
630,1,26.423019861976304,26.423019861976304,100.0
630,2,20.742224344572293,20.742224344572293,100.0
640,0,37.12046530326987,37.12046530326987,100.0
640,1,24.77302333805948,24.77302333805948,100.0
640,2,38.10651135867066,38.10651135867066,100.0
650,0,26.132745952789353,26.132745952789353,100.0
650,1,29.925127412004286,29.925127412004286,100.0
650,2,43.94212663520636,43.94212663520636,100.0
660,0,28.888271799354072,28.888271799354072,100.0
660,1,31.678551951148325,31.678551951148325,100.0
660,2,39.433176249497606,39.433176249497606,100.0
670,0,33.92185782024841,33.92185782024841,100.0
670,1,34.64140635464027,34.64140635464027,100.0
670,2,31.436735825111313,31.436735825111313,100.0
680,0,30.17404898805891,30.17404898805891,100.0
680,1,50.21196133515416,50.21196133515416,100.0
680,2,19.61398967678693,19.61398967678693,100.0
690,0,28.881945838751754,28.881945838751754,100.0
690,1,31.95267700557512,31.95267700557512,100.0
690,2,39.165377155673134,39.165377155673134,100.0
700,0,46.472283109172864,46.472283109172864,100.0
700,1,27.23159326605965,27.23159326605965,100.0
700,2,26.296123624767493,26.296123624767493,100.0
710,0,34.02657538134367,34.02657538134367,100.0
710,1,42.342650959037584,42.342650959037584,100.0
710,2,23.630773659618754,23.630773659618754,100.0
720,0,26.107656494827193,26.107656494827193,100.0
720,1,44.83703381556849,44.83703381556849,100.0
720,2,29.055309689604318,29.055309689604318,100.0
730,0,40.16713065457379,40.16713065457379,100.0
730,1,31.80334489106393,31.80334489106393,100.0
730,2,28.02952445436229,28.02952445436229,100.0
740,0,29.046023900950953,29.046023900950953,100.0
740,1,41.91758766757189,41.91758766757189,100.0
740,2,29.036388431477167,29.036388431477167,100.0
750,0,37.55108590702687,37.55108590702687,100.0
750,1,31.02931986140886,31.02931986140886,100.0
750,2,31.41959423156427,31.41959423156427,100.0
760,0,31.462445733533105,31.462445733533105,100.0
760,1,31.977391896482466,31.977391896482466,100.0
760,2,36.56016236998443,36.56016236998443,100.0
770,0,22.40984511703586,22.40984511703586,100.0
770,1,35.968152670718275,35.968152670718275,100.0
770,2,41.62200221224587,41.62200221224587,100.0
780,0,29.213408971451006,29.213408971451006,100.0
780,1,36.36398127755195,36.36398127755195,100.0
780,2,34.42260975099705,34.42260975099705,100.0
790,0,36.02906546095604,36.02906546095604,100.0
790,1,33.87919194442054,33.87919194442054,100.0
790,2,30.091742594623422,30.091742594623422,100.0
800,0,30.089805901723977,30.089805901723977,100.0
800,1,42.3145234605896,42.3145234605896,100.0
800,2,27.595670637686432,27.595670637686432,100.0
810,0,48.60510383698242,48.60510383698242,100.0
810,1,28.810531435967185,28.810531435967185,100.0
810,2,22.584364727050392,22.584364727050392,100.0
820,0,41.08942965293201,41.08942965293201,100.0
820,1,37.496762864566676,37.496762864566676,100.0
820,2,21.413807482501312,21.413807482501312,100.0
830,0,28.56196629610252,28.56196629610252,100.0
830,1,47.00124815143272,47.00124815143272,100.0
830,2,24.43678555246477,24.43678555246477,100.0
840,0,25.42746141435604,25.42746141435604,100.0
840,1,40.72327830855751,40.72327830855751,100.0
840,2,33.84926027708645,33.84926027708645,100.0
850,0,20.51657234768978,20.51657234768978,100.0
850,1,43.03162539587159,43.03162539587159,100.0
850,2,36.45180225643864,36.45180225643864,100.0
860,0,22.91812940226758,22.91812940226758,100.0
860,1,34.56892928641106,34.56892928641106,100.0
860,2,42.51294131132135,42.51294131132135,100.0
870,0,25.650345331949296,25.650345331949296,100.0
870,1,33.496465281239125,33.496465281239125,100.0
870,2,40.853189386811586,40.853189386811586,100.0
880,0,22.489769096326715,22.489769096326715,100.0
880,1,29.57380911096627,29.57380911096627,100.0
880,2,47.93642179270702,47.93642179270702,100.0
890,0,22.93068366896584,22.93068366896584,100.0
890,1,45.25452299275989,45.25452299275989,100.0
890,2,31.81479333827427,31.81479333827427,100.0
900,0,30.517359643868346,30.517359643868346,100.0
900,1,40.664541624097026,40.664541624097026,100.0
900,2,28.818098732034624,28.818098732034624,100.0
910,0,51.12355161969149,51.12355161969149,100.0
910,1,26.711082082170485,26.711082082170485,100.0
910,2,22.16536629813803,22.16536629813803,100.0
920,0,23.865299586148907,23.865299586148907,100.0
920,1,43.411002422930586,43.411002422930586,100.0
920,2,32.72369799092052,32.72369799092052,100.0
930,0,22.01316989551656,22.01316989551656,100.0
930,1,54.540255683789084,54.540255683789084,100.0
930,2,23.446574420694365,23.446574420694365,100.0
940,0,27.08865439117163,27.08865439117163,100.0
940,1,37.3113350294789,37.3113350294789,100.0
940,2,35.60001057934947,35.60001057934947,100.0
950,0,30.16952905068717,30.16952905068717,100.0
950,1,36.35161743062485,36.35161743062485,100.0
950,2,33.47885351868798,33.47885351868798,100.0
960,0,30.12108550520104,30.12108550520104,100.0
960,1,50.17438877715755,50.17438877715755,100.0
960,2,19.70452571764141,19.70452571764141,100.0
970,0,30.11119472583685,30.11119472583685,100.0
970,1,40.08375744889075,40.08375744889075,100.0
970,2,29.805047825272403,29.805047825272403,100.0
980,0,33.019632279959026,33.019632279959026,100.0
980,1,47.52172483568791,47.52172483568791,100.0
980,2,19.458642884353058,19.458642884353058,100.0
990,0,35.776841231548154,35.776841231548154,100.0
990,1,42.91452067929793,42.91452067929793,100.0
990,2,21.308638089153916,21.308638089153916,100.0
1000,0,23.01224432694853,23.01224432694853,100.0
1000,1,57.11478554614756,57.11478554614756,100.0
1000,2,19.872970126903912,19.872970126903912,100.0
1010,0,32.6740017675905,32.6740017675905,100.0
1010,1,41.12600984346141,41.12600984346141,100.0
1010,2,26.199988388948103,26.199988388948103,100.0
1020,0,38.372109298878,38.372109298878,100.0
1020,1,41.00160385981532,41.00160385981532,100.0
1020,2,20.626286841306673,20.626286841306673,100.0
1030,0,31.046916367010486,31.046916367010486,100.0
1030,1,44.94099370328893,44.94099370328893,100.0
1030,2,24.012089929700593,24.012089929700593,100.0
1040,0,27.523625026203568,27.523625026203568,100.0
1040,1,41.864026307180396,41.864026307180396,100.0
1040,2,30.612348666616036,30.612348666616036,100.0
1050,0,24.349988070902214,24.349988070902214,100.0
1050,1,44.089845778714185,44.089845778714185,100.0
1050,2,31.5601661503836,31.5601661503836,100.0
1060,0,40.0810449122605,40.0810449122605,100.0
1060,1,39.26718777053675,39.26718777053675,100.0
1060,2,20.651767317202758,20.651767317202758,100.0
1070,0,50.7977290670742,50.7977290670742,100.0
1070,1,31.060769304395365,31.060769304395365,100.0
1070,2,18.141501628530442,18.141501628530442,100.0
1080,0,35.361033276369426,35.361033276369426,100.0
1080,1,37.046452519295535,37.046452519295535,100.0
1080,2,27.59251420433504,27.59251420433504,100.0
1090,0,35.032424542406524,35.032424542406524,100.0
1090,1,35.54327929080926,35.54327929080926,100.0
1090,2,29.42429616678423,29.42429616678423,100.0
1100,0,27.148628764965977,27.148628764965977,100.0
1100,1,49.163398489410326,49.163398489410326,100.0
1100,2,23.687972745623703,23.687972745623703,100.0
1110,0,34.671508945557264,34.671508945557264,100.0
1110,1,40.898773344055414,40.898773344055414,100.0
1110,2,24.429717710387326,24.429717710387326,100.0
1120,0,31.640642090474753,31.640642090474753,100.0
1120,1,49.58124341551437,49.58124341551437,100.0
1120,2,18.77811449401088,18.77811449401088,100.0
1130,0,36.804202918014575,36.804202918014575,100.0
1130,1,43.71781455918624,43.71781455918624,100.0
1130,2,19.477982522799188,19.477982522799188,100.0
1140,0,25.609161651697082,25.609161651697082,100.0
1140,1,30.134545845908455,30.134545845908455,100.0
1140,2,44.256292502394466,44.256292502394466,100.0
1150,0,27.741385672648413,27.741385672648413,100.0
1150,1,34.930470849863035,34.930470849863035,100.0
1150,2,37.32814347748855,37.32814347748855,100.0
1160,0,25.18559072102726,25.18559072102726,100.0
1160,1,42.66967073534161,42.66967073534161,100.0
1160,2,32.14473854363113,32.14473854363113,100.0
1170,0,24.40457956221354,24.40457956221354,100.0
1170,1,48.864158660006765,48.864158660006765,100.0
1170,2,26.731261777779704,26.731261777779704,100.0
1180,0,24.454992532450216,24.454992532450216,100.0
1180,1,30.854889850911267,30.854889850911267,100.0
1180,2,44.690117616638524,44.690117616638524,100.0
1190,0,26.40075525001629,26.40075525001629,100.0
1190,1,38.19377933364585,38.19377933364585,100.0
1190,2,35.40546541633787,35.40546541633787,100.0
1200,0,40.09480092394966,40.09480092394966,100.0
1200,1,39.9726372330285,39.9726372330285,100.0
1200,2,19.93256184302184,19.93256184302184,100.0
1210,0,34.06409827186766,34.06409827186766,100.0
1210,1,35.09888767602676,35.09888767602676,100.0
1210,2,30.837014052105587,30.837014052105587,100.0
1220,0,26.471424081610518,26.471424081610518,100.0
1220,1,31.18172789118203,31.18172789118203,100.0
1220,2,42.34684802720745,42.34684802720745,100.0
1230,0,44.64040248237645,44.64040248237645,100.0
1230,1,31.860948660074406,31.860948660074406,100.0
1230,2,23.498648857549142,23.498648857549142,100.0
1240,0,25.849713842709132,25.849713842709132,100.0
1240,1,47.0572024534272,47.0572024534272,100.0
1240,2,27.09308370386367,27.09308370386367,100.0
1250,0,37.062759616651356,37.062759616651356,100.0
1250,1,33.65126134239015,33.65126134239015,100.0
1250,2,29.285979040958498,29.285979040958498,100.0
1260,0,41.51116924528439,41.51116924528439,100.0
1260,1,26.40422718499435,26.40422718499435,100.0
1260,2,32.08460356972126,32.08460356972126,100.0
1270,0,27.265312277166686,27.265312277166686,100.0
1270,1,49.435814659615254,49.435814659615254,100.0
1270,2,23.298873063218064,23.298873063218064,100.0
1280,0,23.577564593501986,23.577564593501986,100.0
1280,1,46.220849455186595,46.220849455186595,100.0
1280,2,30.201585951311415,30.201585951311415,100.0
1290,0,30.28715288447487,30.28715288447487,100.0
1290,1,28.561800743946957,28.561800743946957,100.0
1290,2,41.15104637157817,41.15104637157817,100.0
1300,0,24.72653737705208,24.72653737705208,100.0
1300,1,55.34261583192928,55.34261583192928,100.0
1300,2,19.930846791018634,19.930846791018634,100.0
1310,0,31.67383541267139,31.67383541267139,100.0
1310,1,33.27061016220993,33.27061016220993,100.0
1310,2,35.055554425118686,35.055554425118686,100.0
1320,0,53.09260020031134,53.09260020031134,100.0
1320,1,26.905013287700026,26.905013287700026,100.0
1320,2,20.002386511988647,20.002386511988647,100.0
1330,0,30.217171352545158,30.217171352545158,100.0
1330,1,25.743665560787242,25.743665560787242,100.0
1330,2,44.0391630866676,44.0391630866676,100.0
1340,0,28.190124320024907,28.190124320024907,100.0
1340,1,41.509661958269966,41.509661958269966,100.0
1340,2,30.300213721705127,30.300213721705127,100.0
1350,0,23.964242555947855,23.964242555947855,100.0
1350,1,52.01670814617542,52.01670814617542,100.0
1350,2,24.019049297876723,24.019049297876723,100.0
1360,0,27.245539997648606,27.245539997648606,100.0
1360,1,50.21667714832989,50.21667714832989,100.0
1360,2,22.537782854021508,22.537782854021508,100.0
1370,0,51.6906128054037,51.6906128054037,100.0
1370,1,28.78931124772072,28.78931124772072,100.0
1370,2,19.520075946875576,19.520075946875576,100.0
1380,0,21.975618791655577,21.975618791655577,100.0
1380,1,44.881431667288815,44.881431667288815,100.0
1380,2,33.14294954105561,33.14294954105561,100.0
1390,0,29.09731061419189,29.09731061419189,100.0
1390,1,34.73469502523811,34.73469502523811,100.0
1390,2,36.16799436056999,36.16799436056999,100.0
1400,0,36.1064059725899,36.1064059725899,100.0
1400,1,39.52326701675629,39.52326701675629,100.0
1400,2,24.370327010653817,24.370327010653817,100.0
1410,0,45.54610826501201,45.54610826501201,100.0
1410,1,30.76386384736438,30.76386384736438,100.0
1410,2,23.690027887623614,23.690027887623614,100.0
1420,0,37.925095544638936,37.925095544638936,100.0
1420,1,37.84301539878526,37.84301539878526,100.0
1420,2,24.231889056575806,24.231889056575806,100.0
1430,0,36.21000743347842,36.21000743347842,100.0
1430,1,38.84856369340832,38.84856369340832,100.0
1430,2,24.94142887311326,24.94142887311326,100.0
1440,0,36.94276916722272,36.94276916722272,100.0
1440,1,38.87051298506247,38.87051298506247,100.0
1440,2,24.186717847714807,24.186717847714807,100.0
1450,0,29.98289993646547,29.98289993646547,100.0
1450,1,35.752069183836014,35.752069183836014,100.0
1450,2,34.265030879698514,34.265030879698514,100.0
1460,0,40.205788871017845,40.205788871017845,100.0
1460,1,31.318659648014613,31.318659648014613,100.0
1460,2,28.475551480967535,28.475551480967535,100.0
1470,0,34.65795312299075,34.65795312299075,100.0
1470,1,30.14541851064248,30.14541851064248,100.0
1470,2,35.19662836636677,35.19662836636677,100.0
1480,0,53.266823225282344,53.266823225282344,100.0
1480,1,26.400708172683697,26.400708172683697,100.0
1480,2,20.332468602033966,20.332468602033966,100.0
1490,0,29.93797398843818,29.93797398843818,100.0
1490,1,40.99161446673283,40.99161446673283,100.0
1490,2,29.07041154482899,29.07041154482899,100.0
1500,0,26.411121795798625,26.411121795798625,100.0
1500,1,26.134259010419207,26.134259010419207,100.0
1500,2,47.454619193782165,47.454619193782165,100.0
