timestamp,sliceId,dedicatedPRB,minPRB,maxPRB
510,0,23.29583405432031,23.29583405432031,100.0
510,1,29.29790588715795,29.29790588715795,100.0
510,2,47.406260058521745,47.406260058521745,100.0
520,0,49.672009774082326,49.672009774082326,100.0
520,1,28.207477764524153,28.207477764524153,100.0
520,2,22.120512461393524,22.120512461393524,100.0
530,0,36.76408522765464,36.76408522765464,100.0
530,1,26.516489761069433,26.516489761069433,100.0
530,2,36.719425011275916,36.719425011275916,100.0
540,0,46.747572274495724,46.747572274495724,100.0
540,1,34.95679900167115,34.95679900167115,100.0
540,2,18.295628723833126,18.295628723833126,100.0
550,0,30.034136841550165,30.034136841550165,100.0
550,1,40.053168310242995,40.053168310242995,100.0
550,2,29.91269484820685,29.91269484820685,100.0
