timestamp,sliceId,dedicatedPRB,minPRB,maxPRB
510,0,41.45901965528671,41.45901965528671,100.0
510,1,27.04914224464411,27.04914224464411,100.0
510,2,31.491838100069174,31.491838100069174,100.0
520,0,53.52199869930192,53.52199869930192,100.0
520,1,27.19486319844392,27.19486319844392,100.0
520,2,19.28313810225416,19.28313810225416,100.0
530,0,54.66904209649475,54.66904209649475,100.0
530,1,26.160534039309198,26.160534039309198,100.0
530,2,19.170423864196046,19.170423864196046,100.0
540,0,26.117775619105515,26.117775619105515,100.0
540,1,33.85280204555576,33.85280204555576,100.0
540,2,40.02942233533873,40.02942233533873,100.0
550,0,33.68193075724041,33.68193075724041,100.0
550,1,42.119740259622674,42.119740259622674,100.0
550,2,24.198328983136914,24.198328983136914,100.0
560,0,41.04381503062539,41.04381503062539,100.0
560,1,26.503185026845138,26.503185026845138,100.0
560,2,32.45299994252948,32.45299994252948,100.0
570,0,25.525965832750273,25.525965832750273,100.0
570,1,55.39131514862626,55.39131514862626,100.0
570,2,19.08271901862348,19.08271901862348,100.0
580,0,39.62118147657338,39.62118147657338,100.0
580,1,36.06010535842273,36.06010535842273,100.0
580,2,24.31871316500388,24.31871316500388,100.0
590,0,33.952130904183925,33.952130904183925,100.0
590,1,31.463330915703597,31.463330915703597,100.0
590,2,34.58453818011248,34.58453818011248,100.0
600,0,41.93327538777666,41.93327538777666,100.0
600,1,35.55721594183612,35.55721594183612,100.0
600,2,22.509508670387227,22.509508670387227,100.0
610,0,37.0143896801938,37.0143896801938,100.0
610,1,27.477177752941472,27.477177752941472,100.0
610,2,35.50843256686472,35.50843256686472,100.0
620,0,30.094549259232934,30.094549259232934,100.0
620,1,31.308097456942342,31.308097456942342,100.0
620,2,38.59735328382474,38.59735328382474,100.0
630,0,32.51693040451432,32.51693040451432,100.0
630,1,33.2552120125191,33.2552120125191,100.0
630,2,34.22785758296658,34.22785758296658,100.0
640,0,43.37174202878955,43.37174202878955,100.0
640,1,26.922680839300256,26.922680839300256,100.0
640,2,29.7055771319102,29.7055771319102,100.0
650,0,37.17944778475366,37.17944778475366,100.0
650,1,33.74375133915326,33.74375133915326,100.0
650,2,29.076800876093078,29.076800876093078,100.0
660,0,44.07855434139155,44.07855434139155,100.0
660,1,34.74939476878931,34.74939476878931,100.0
660,2,21.172050889819133,21.172050889819133,100.0
670,0,48.4335273220141,48.4335273220141,100.0
670,1,31.73617398843479,31.73617398843479,100.0
670,2,19.830298689551114,19.830298689551114,100.0
680,0,31.750252441386028,31.750252441386028,100.0
680,1,36.74868878565057,36.74868878565057,100.0
680,2,31.501058772963397,31.501058772963397,100.0
690,0,39.58977473893185,39.58977473893185,100.0
690,1,38.218430800628724,38.218430800628724,100.0
690,2,22.191794460439432,22.191794460439432,100.0
700,0,38.58707191189106,38.58707191189106,100.0
700,1,34.134324968849974,34.134324968849974,100.0
700,2,27.278603119258964,27.278603119258964,100.0
710,0,29.855940032873203,29.855940032873203,100.0
710,1,30.99190884407717,30.99190884407717,100.0
710,2,39.15215112304963,39.15215112304963,100.0
720,0,32.68401148051312,32.68401148051312,100.0
720,1,42.51465470536077,42.51465470536077,100.0
720,2,24.80133381412611,24.80133381412611,100.0
730,0,39.428488278700115,39.428488278700115,100.0
730,1,41.48731135742686,41.48731135742686,100.0
730,2,19.084200363873023,19.084200363873023,100.0
740,0,44.655654562929094,44.655654562929094,100.0
740,1,30.636490707862123,30.636490707862123,100.0
740,2,24.707854729208787,24.707854729208787,100.0
750,0,25.22306820248563,25.22306820248563,100.0
750,1,52.063086931052815,52.063086931052815,100.0
750,2,22.713844866461553,22.713844866461553,100.0
760,0,46.09406803623537,46.09406803623537,100.0
760,1,27.62052629829729,27.62052629829729,100.0
760,2,26.285405665467344,26.285405665467344,100.0
770,0,25.70392379504186,25.70392379504186,100.0
770,1,50.92089390499051,50.92089390499051,100.0
770,2,23.375182299967637,23.375182299967637,100.0
780,0,35.70952776886208,35.70952776886208,100.0
780,1,30.449566777219616,30.449566777219616,100.0
780,2,33.8409054539183,33.8409054539183,100.0
790,0,35.91076915229774,35.91076915229774,100.0
790,1,44.17473274843172,44.17473274843172,100.0
790,2,19.91449809927054,19.91449809927054,100.0
800,0,40.87991156051087,40.87991156051087,100.0
800,1,26.401298898279958,26.401298898279958,100.0
800,2,32.71878954120917,32.71878954120917,100.0
810,0,25.253190799048696,25.253190799048696,100.0
810,1,53.01200743987297,53.01200743987297,100.0
810,2,21.734801761078355,21.734801761078355,100.0
820,0,25.44337250248435,25.44337250248435,100.0
820,1,54.34596434233937,54.34596434233937,100.0
820,2,20.210663155176274,20.210663155176274,100.0
830,0,26.91325039158362,26.91325039158362,100.0
830,1,38.201222031411895,38.201222031411895,100.0
830,2,34.885527577004495,34.885527577004495,100.0
840,0,24.9772208485897,24.9772208485897,100.0
840,1,54.116924505486395,54.116924505486395,100.0
840,2,20.905854645923906,20.905854645923906,100.0
850,0,27.44227563847817,27.44227563847817,100.0
850,1,31.452004538202104,31.452004538202104,100.0
850,2,41.10571982331972,41.10571982331972,100.0
860,0,22.871577595747254,22.871577595747254,100.0
860,1,29.691150812123514,29.691150812123514,100.0
860,2,47.437271592129235,47.437271592129235,100.0
870,0,27.153725176172138,27.153725176172138,100.0
870,1,46.90761538425,46.90761538425,100.0
870,2,25.93865943957786,25.93865943957786,100.0
880,0,30.38041518748117,30.38041518748117,100.0
880,1,27.740255773794924,27.740255773794924,100.0
880,2,41.87932903872391,41.87932903872391,100.0
890,0,32.246892748941384,32.246892748941384,100.0
890,1,31.9615058022791,31.9615058022791,100.0
890,2,35.79160144877951,35.79160144877951,100.0
900,0,34.387814236626326,34.387814236626326,100.0
900,1,40.750184452441076,40.750184452441076,100.0
900,2,24.862001310932598,24.862001310932598,100.0
910,0,31.71124925525325,31.71124925525325,100.0
910,1,48.20561838826477,48.20561838826477,100.0
910,2,20.083132356481975,20.083132356481975,100.0
920,0,28.73067954695617,28.73067954695617,100.0
920,1,50.84486543544262,50.84486543544262,100.0
920,2,20.424455017601208,20.424455017601208,100.0
930,0,26.421129941461373,26.421129941461373,100.0
930,1,41.59257766301921,41.59257766301921,100.0
930,2,31.98629239551941,31.98629239551941,100.0
940,0,21.789889982989273,21.789889982989273,100.0
940,1,31.434207094343204,31.434207094343204,100.0
940,2,46.77590292266752,46.77590292266752,100.0
950,0,36.64244410854608,36.64244410854608,100.0
950,1,37.7950418315518,37.7950418315518,100.0
950,2,25.562514059902114,25.562514059902114,100.0
960,0,30.527601215865293,30.527601215865293,100.0
960,1,35.30324460902544,35.30324460902544,100.0
960,2,34.16915417510928,34.16915417510928,100.0
970,0,28.036746817409796,28.036746817409796,100.0
970,1,27.960239770550576,27.960239770550576,100.0
970,2,44.00301341203963,44.00301341203963,100.0
980,0,23.34996258631636,23.34996258631636,100.0
980,1,34.476797346399344,34.476797346399344,100.0
980,2,42.173240067284304,42.173240067284304,100.0
990,0,37.40582875900522,37.40582875900522,100.0
990,1,36.71562034762172,36.71562034762172,100.0
990,2,25.87855089337307,25.87855089337307,100.0
1000,0,22.96740667801384,22.96740667801384,100.0
1000,1,50.80737968406688,50.80737968406688,100.0
1000,2,26.225213637919286,26.225213637919286,100.0
1010,0,40.89278749467115,40.89278749467115,100.0
1010,1,25.344812156584094,25.344812156584094,100.0
1010,2,33.76240034874476,33.76240034874476,100.0
1020,0,29.735642914118475,29.735642914118475,100.0
1020,1,27.53818736963974,27.53818736963974,100.0
1020,2,42.72616971624179,42.72616971624179,100.0
1030,0,22.814632801884308,22.814632801884308,100.0
1030,1,55.82451035888536,55.82451035888536,100.0
1030,2,21.36085683923034,21.36085683923034,100.0
1040,0,26.75431007769263,26.75431007769263,100.0
1040,1,54.53133637515116,54.53133637515116,100.0
1040,2,18.714353547156218,18.714353547156218,100.0
1050,0,26.995470931295596,26.995470931295596,100.0
1050,1,45.532052085855426,45.532052085855426,100.0
1050,2,27.47247698284898,27.47247698284898,100.0
1060,0,27.331053325806515,27.331053325806515,100.0
1060,1,42.89240761107612,42.89240761107612,100.0
1060,2,29.77653906311736,29.77653906311736,100.0
1070,0,29.81711090874005,29.81711090874005,100.0
1070,1,45.478692215126564,45.478692215126564,100.0
1070,2,24.704196876133388,24.704196876133388,100.0
1080,0,42.470495761737354,42.470495761737354,100.0
1080,1,35.51299009693851,35.51299009693851,100.0
1080,2,22.01651414132414,22.01651414132414,100.0
1090,0,50.020469590337456,50.020469590337456,100.0
1090,1,28.690727342189366,28.690727342189366,100.0
1090,2,21.288803067473182,21.288803067473182,100.0
1100,0,52.28687009273908,52.28687009273908,100.0
1100,1,27.279445332785883,27.279445332785883,100.0
1100,2,20.43368457447504,20.43368457447504,100.0
1110,0,47.727518081273935,47.727518081273935,100.0
1110,1,29.6232787237108,29.6232787237108,100.0
1110,2,22.649203195015268,22.649203195015268,100.0
1120,0,30.79329646038156,30.79329646038156,100.0
1120,1,29.680458858193376,29.680458858193376,100.0
1120,2,39.52624468142507,39.52624468142507,100.0
1130,0,49.977234361319965,49.977234361319965,100.0
1130,1,30.746914983911296,30.746914983911296,100.0
1130,2,19.27585065476874,19.27585065476874,100.0
1140,0,23.152696140995914,23.152696140995914,100.0
1140,1,56.85472905735064,56.85472905735064,100.0
1140,2,19.992574801653447,19.992574801653447,100.0
1150,0,29.907214763710023,29.907214763710023,100.0
1150,1,48.53141926928726,48.53141926928726,100.0
1150,2,21.561365967002715,21.561365967002715,100.0
1160,0,31.678495644653417,31.678495644653417,100.0
1160,1,34.43861219016107,34.43861219016107,100.0
1160,2,33.88289216518551,33.88289216518551,100.0
1170,0,46.06749081650797,46.06749081650797,100.0
1170,1,29.417133286135705,29.417133286135705,100.0
1170,2,24.51537589735633,24.51537589735633,100.0
1180,0,24.931190245370217,24.931190245370217,100.0
1180,1,52.227562518988236,52.227562518988236,100.0
1180,2,22.84124723564156,22.84124723564156,100.0
1190,0,34.82329901309323,34.82329901309323,100.0
1190,1,36.90885799494228,36.90885799494228,100.0
1190,2,28.267842991964493,28.267842991964493,100.0
1200,0,28.44128486006492,28.44128486006492,100.0
1200,1,42.86057966009948,42.86057966009948,100.0
1200,2,28.698135479835603,28.698135479835603,100.0
1210,0,37.214488988920834,37.214488988920834,100.0
1210,1,40.01071449486987,40.01071449486987,100.0
1210,2,22.774796516209296,22.774796516209296,100.0
1220,0,22.039651896322887,22.039651896322887,100.0
1220,1,43.67362343168589,43.67362343168589,100.0
1220,2,34.28672467199122,34.28672467199122,100.0
1230,0,23.92324200914868,23.92324200914868,100.0
1230,1,26.248032415740298,26.248032415740298,100.0
1230,2,49.82872557511102,49.82872557511102,100.0
1240,0,37.103824145159905,37.103824145159905,100.0
1240,1,24.779587336425266,24.779587336425266,100.0
1240,2,38.11658851841483,38.11658851841483,100.0
1250,0,33.290261366486085,33.290261366486085,100.0
1250,1,36.55293407103968,36.55293407103968,100.0
1250,2,30.15680456247424,30.15680456247424,100.0
1260,0,36.43162034811118,36.43162034811118,100.0
1260,1,39.610165183725584,39.610165183725584,100.0
1260,2,23.958214468163234,23.958214468163234,100.0
1270,0,37.74921059352264,37.74921059352264,100.0
1270,1,32.631834541110926,32.631834541110926,100.0
1270,2,29.618954865366444,29.618954865366444,100.0
1280,0,42.37532441229015,42.37532441229015,100.0
1280,1,25.631540749935976,25.631540749935976,100.0
1280,2,31.993134837773873,31.993134837773873,100.0
1290,0,25.186743534359028,25.186743534359028,100.0
1290,1,38.662098840418444,38.662098840418444,100.0
1290,2,36.15115762522254,36.15115762522254,100.0
1300,0,35.55188548633456,35.55188548633456,100.0
1300,1,35.46700742844793,35.46700742844793,100.0
1300,2,28.981107085217506,28.981107085217506,100.0
1310,0,40.46406736793834,40.46406736793834,100.0
1310,1,29.894048932617178,29.894048932617178,100.0
1310,2,29.641883699444477,29.641883699444477,100.0
1320,0,23.70292089934491,23.70292089934491,100.0
1320,1,31.06643987230639,31.06643987230639,100.0
1320,2,45.2306392283487,45.2306392283487,100.0
1330,0,30.825612706566847,30.825612706566847,100.0
1330,1,34.874430621222764,34.874430621222764,100.0
1330,2,34.2999566722104,34.2999566722104,100.0
1340,0,30.176518867875853,30.176518867875853,100.0
1340,1,29.397995871922696,29.397995871922696,100.0
1340,2,40.425485260201455,40.425485260201455,100.0
1350,0,20.846349980598966,20.846349980598966,100.0
1350,1,44.545692622068515,44.545692622068515,100.0
1350,2,34.60795739733251,34.60795739733251,100.0
1360,0,28.92148058487065,28.92148058487065,100.0
1360,1,49.616599419922984,49.616599419922984,100.0
1360,2,21.46191999520637,21.46191999520637,100.0
1370,0,32.11930378847691,32.11930378847691,100.0
1370,1,41.279067550681255,41.279067550681255,100.0
1370,2,26.601628660841836,26.601628660841836,100.0
1380,0,24.964641064732202,24.964641064732202,100.0
1380,1,50.90817269169958,50.90817269169958,100.0
1380,2,24.12718624356823,24.12718624356823,100.0
1390,0,35.16440035839225,35.16440035839225,100.0
1390,1,28.866452113216457,28.866452113216457,100.0
1390,2,35.9691475283913,35.9691475283913,100.0
1400,0,47.85419288274236,47.85419288274236,100.0
1400,1,28.65001310349046,28.65001310349046,100.0
1400,2,23.49579401376718,23.49579401376718,100.0
1410,0,26.98277532792879,26.98277532792879,100.0
1410,1,44.541957933530895,44.541957933530895,100.0
1410,2,28.475266738540316,28.475266738540316,100.0
1420,0,34.53200074484819,34.53200074484819,100.0
1420,1,37.57700160317883,37.57700160317883,100.0
1420,2,27.890997651972977,27.890997651972977,100.0
1430,0,25.140980299862925,25.140980299862925,100.0
1430,1,53.418645290893274,53.418645290893274,100.0
1430,2,21.440374409243802,21.440374409243802,100.0
1440,0,32.29046113164513,32.29046113164513,100.0
1440,1,40.600366972356234,40.600366972356234,100.0
1440,2,27.109171895998642,27.109171895998642,100.0
1450,0,25.27672917053686,25.27672917053686,100.0
1450,1,41.30759014541376,41.30759014541376,100.0
1450,2,33.41568068404938,33.41568068404938,100.0
1460,0,29.56085877361383,29.56085877361383,100.0
1460,1,38.40565149389905,38.40565149389905,100.0
1460,2,32.03348973248713,32.03348973248713,100.0
1470,0,36.20245275458953,36.20245275458953,100.0
1470,1,36.840109060070006,36.840109060070006,100.0
1470,2,26.957438185340465,26.957438185340465,100.0
1480,0,30.566217566157476,30.566217566157476,100.0
1480,1,32.038748991175616,32.038748991175616,100.0
1480,2,37.395033442666914,37.395033442666914,100.0
1490,0,24.620061229761518,24.620061229761518,100.0
1490,1,36.50579238854551,36.50579238854551,100.0
1490,2,38.874146381692974,38.874146381692974,100.0
1500,0,33.55769869266659,33.55769869266659,100.0
1500,1,40.52116815156824,40.52116815156824,100.0
1500,2,25.92113315576517,25.92113315576517,100.0
