timestamp,ueImsi,sliceId,dTxBytes,dRxBytes,plr,resourceSharePct,dLostPackets,throughputMbps,bufferBytes,dlBufferBytes,ulBufferBytes,macBufferBytes,congestionPct,lastDrlActionStatus
9900,1,0,193616,0,100.00,45.69,172,0.0000,1200005,177577,1200005,1377582,13.14,applied
9900,2,0,193616,0,100.00,45.69,172,0.0000,1200005,177575,1200005,1377580,13.14,applied
9900,3,0,193616,3684,98.26,45.69,169,0.2947,1200005,177579,1200005,1377584,13.14,applied
9900,4,0,193616,0,100.00,45.69,172,0.0000,1200005,181013,1200005,1381018,13.17,applied
9900,5,0,193616,3684,98.26,45.69,169,0.2947,1199881,177581,1199881,1377462,13.14,applied
9900,6,1,0,0,0.00,28.34,0,0.0000,34,0,34,34,0.00,applied
9900,7,1,0,0,0.00,28.34,0,0.0000,34,0,34,34,0.00,applied
9900,8,1,0,0,0.00,28.34,0,0.0000,34,0,34,34,0.00,applied
9900,9,1,0,0,0.00,28.34,0,0.0000,34,0,34,34,0.00,applied
9900,10,1,0,0,0.00,28.34,0,0.0000,17,0,17,17,0.00,applied
9900,11,1,0,0,0.00,28.34,0,0.0000,34,0,34,34,0.00,applied
9900,12,1,0,0,0.00,28.34,0,0.0000,34,0,34,34,0.00,applied
9900,13,1,0,0,0.00,28.34,0,0.0000,34,0,34,34,0.00,applied
9900,14,2,65200,0,100.00,25.97,50,0.0000,5859688,5859688,51,5859739,55.88,applied
9900,15,2,65200,0,100.00,25.97,50,0.0000,5859845,5859845,34,5859879,55.88,applied
9900,16,2,65200,0,100.00,25.97,50,0.0000,5859692,5859692,51,5859743,55.88,applied
9900,17,2,65200,0,100.00,25.97,50,0.0000,5862477,5862477,51,5862528,55.91,applied
9900,18,2,65200,0,100.00,25.97,50,0.0000,5859695,5859695,51,5859746,55.88,applied
9900,19,2,65200,564,94.00,25.97,47,0.0451,5859691,5859691,51,5859742,55.88,applied
9900,20,2,65200,752,92.00,25.97,46,0.0602,5859691,5859691,51,5859742,55.88,applied
9900,21,2,65200,0,100.00,25.97,50,0.0000,5860312,5860312,51,5860363,55.89,applied
9900,22,2,65200,0,100.00,25.97,50,0.0000,5861158,5861158,51,5861209,55.90,applied
9900,23,2,65200,0,100.00,25.97,50,0.0000,5859688,5859688,51,5859739,55.88,applied
9900,24,2,65200,752,92.00,25.97,46,0.0602,5859696,5859696,51,5859747,55.88,applied
9900,25,2,65200,752,92.00,25.97,46,0.0602,5859688,5859688,51,5859739,55.88,applied
9900,26,2,65200,0,100.00,25.97,50,0.0000,5859688,5859688,51,5859739,55.88,applied
9900,27,2,65200,0,100.00,25.97,50,0.0000,5859807,5859807,51,5859858,55.88,applied
9900,28,2,65200,0,100.00,25.97,50,0.0000,5859903,5859903,51,5859954,55.88,applied
9900,29,2,65200,0,100.00,25.97,50,0.0000,5862215,5862215,51,5862266,55.91,applied
9900,30,2,65200,0,100.00,25.97,50,0.0000,5859689,5859689,51,5859740,55.88,applied
9900,31,2,65200,752,92.00,25.97,46,0.0602,5859696,5859696,51,5859747,55.88,applied
9900,32,2,65200,0,100.00,25.97,50,0.0000,5859694,5859694,51,5859745,55.88,applied
9900,33,2,65200,0,100.00,25.97,50,0.0000,5861798,5861798,51,5861849,55.90,applied
