timestamp,ueImsi,sliceId,dTxBytes,dRxBytes,plr,resourceSharePct,dLostPackets,throughputMbps,bufferBytes
620,1,0,24448,1528,93.75,21.66,15,1.2224,268331
620,2,0,24448,1528,93.75,21.66,15,1.2224,268331
620,3,0,24448,3056,87.50,21.66,14,2.4448,267069
620,4,0,24448,3056,87.50,21.66,14,2.4448,264260
620,5,0,24448,3056,87.50,21.66,14,2.4448,263781
620,6,1,390,546,0.00,65.00,0,0.4368,87
620,7,1,390,546,0.00,65.00,0,0.4368,87
620,8,1,390,546,0.00,65.00,0,0.4368,87
620,9,1,390,546,0.00,65.00,0,0.4368,87
620,10,1,390,546,0.00,65.00,0,0.4368,87
620,11,2,16000,512,96.80,13.33,121,0.4096,183143
620,12,2,16000,512,96.80,13.33,121,0.4096,183143
620,13,2,16000,512,96.80,13.33,121,0.4096,182468
620,14,2,16000,768,95.20,13.33,119,0.6144,181849
620,15,2,16000,768,95.20,13.33,119,0.6144,181523
620,16,2,16000,1024,93.60,13.33,117,0.8192,179570
620,17,2,16000,1024,93.60,13.33,117,0.8192,179570
620,18,2,16000,1024,93.60,13.33,117,0.8192,179570
620,19,2,16000,1024,93.60,13.33,117,0.8192,178405
620,20,2,16000,1024,93.60,13.33,117,0.8192,178113
