timestamp,sliceId,dedicatedPRB,minPRB,maxPRB
510,0,26.5096037077379,26.5096037077379,100.0
510,1,31.859771074419896,31.859771074419896,100.0
510,2,41.63062521784221,41.63062521784221,100.0
520,0,33.55637598188241,33.55637598188241,100.0
520,1,32.27343300252209,32.27343300252209,100.0
520,2,34.1701910155955,34.1701910155955,100.0
530,0,35.423999356413475,35.423999356413475,100.0
530,1,27.893920882944457,27.893920882944457,100.0
530,2,36.682079760642075,36.682079760642075,100.0
540,0,35.62843349135015,35.62843349135015,100.0
540,1,35.336099132039855,35.336099132039855,100.0
540,2,29.035467376609997,29.035467376609997,100.0
550,0,45.00870549938739,45.00870549938739,100.0
550,1,25.688500576451943,25.688500576451943,100.0
550,2,29.30279392416068,29.30279392416068,100.0
560,0,21.760534167163424,21.760534167163424,100.0
560,1,45.230274142717256,45.230274142717256,100.0
560,2,33.00919169011932,33.00919169011932,100.0
570,0,24.980651185815937,24.980651185815937,100.0
570,1,53.79037812277141,53.79037812277141,100.0
570,2,21.228970691412645,21.228970691412645,100.0
580,0,31.25342915481196,31.25342915481196,100.0
580,1,43.08464497764785,43.08464497764785,100.0
580,2,25.66192586754019,25.66192586754019,100.0
590,0,25.617428872822757,25.617428872822757,100.0
590,1,31.73085609806332,31.73085609806332,100.0
590,2,42.65171502911392,42.65171502911392,100.0
600,0,29.407164541758764,29.407164541758764,100.0
600,1,36.043584063064635,36.043584063064635,100.0
600,2,34.549251395176604,34.549251395176604,100.0
610,0,32.614252637924075,32.614252637924075,100.0
610,1,36.35982418046792,36.35982418046792,100.0
610,2,31.025923181608007,31.025923181608007,100.0
620,0,44.98312411039554,44.98312411039554,100.0
620,1,28.075979334070183,28.075979334070183,100.0
620,2,26.940896555534266,26.940896555534266,100.0
630,0,39.128941911411296,39.128941911411296,100.0
630,1,37.2405679746727,37.2405679746727,100.0
630,2,23.630490113916004,23.630490113916004,100.0
640,0,24.12887578228446,24.12887578228446,100.0
640,1,41.16661177585657,41.16661177585657,100.0
640,2,34.70451244185897,34.70451244185897,100.0
650,0,23.456650750174504,23.456650750174504,100.0
650,1,26.762850777278224,26.762850777278224,100.0
650,2,49.78049847254728,49.78049847254728,100.0
660,0,49.26385635527358,49.26385635527358,100.0
660,1,29.187420995469736,29.187420995469736,100.0
660,2,21.54872264925668,21.54872264925668,100.0
670,0,33.744968135002296,33.744968135002296,100.0
670,1,26.455648164679747,26.455648164679747,100.0
670,2,39.79938370031796,39.79938370031796,100.0
680,0,34.451356281788044,34.451356281788044,100.0
680,1,46.01693601678994,46.01693601678994,100.0
680,2,19.53170770142202,19.53170770142202,100.0
690,0,27.48570581018087,27.48570581018087,100.0
690,1,28.81429622245789,28.81429622245789,100.0
690,2,43.699997967361234,43.699997967361234,100.0
700,0,29.440973947329134,29.440973947329134,100.0
700,1,34.05846623406056,34.05846623406056,100.0
700,2,36.50055981861031,36.50055981861031,100.0
710,0,36.6197460658202,36.6197460658202,100.0
710,1,36.82189059012109,36.82189059012109,100.0
710,2,26.558363344058698,26.558363344058698,100.0
720,0,30.764907464563514,30.764907464563514,100.0
720,1,46.95738580397346,46.95738580397346,100.0
720,2,22.277706731463027,22.277706731463027,100.0
730,0,33.78066625268195,33.78066625268195,100.0
730,1,38.63142213207197,38.63142213207197,100.0
730,2,27.587911615246085,27.587911615246085,100.0
740,0,33.838185170384065,33.838185170384065,100.0
740,1,36.67238951876208,36.67238951876208,100.0
740,2,29.489425310853857,29.489425310853857,100.0
750,0,21.368649016053727,21.368649016053727,100.0
750,1,40.26155338009666,40.26155338009666,100.0
750,2,38.36979760384961,38.36979760384961,100.0
760,0,31.54308719347934,31.54308719347934,100.0
760,1,39.89128699980205,39.89128699980205,100.0
760,2,28.565625806718614,28.565625806718614,100.0
770,0,28.62569393659528,28.62569393659528,100.0
770,1,51.61410524809613,51.61410524809613,100.0
770,2,19.76020081530859,19.76020081530859,100.0
780,0,42.448334225678316,42.448334225678316,100.0
780,1,37.0098818527612,37.0098818527612,100.0
780,2,20.54178392156049,20.54178392156049,100.0
790,0,29.87511268631008,29.87511268631008,100.0
790,1,40.278505296573286,40.278505296573286,100.0
790,2,29.846382017116646,29.846382017116646,100.0
800,0,22.895566154829623,22.895566154829623,100.0
800,1,34.64674644180801,34.64674644180801,100.0
800,2,42.45768740336237,42.45768740336237,100.0
810,0,42.75772473224579,42.75772473224579,100.0
810,1,28.592592201604518,28.592592201604518,100.0
810,2,28.649683066149684,28.649683066149684,100.0
820,0,46.62516376050263,46.62516376050263,100.0
820,1,30.391775753064117,30.391775753064117,100.0
820,2,22.983060486433253,22.983060486433253,100.0
830,0,27.21871750420839,27.21871750420839,100.0
830,1,46.8966859090213,46.8966859090213,100.0
830,2,25.884596586770314,25.884596586770314,100.0
840,0,37.52986719199911,37.52986719199911,100.0
840,1,27.477976315165996,27.477976315165996,100.0
840,2,34.9921564928349,34.9921564928349,100.0
850,0,40.34823794651181,40.34823794651181,100.0
850,1,38.18743556408775,38.18743556408775,100.0
850,2,21.46432648940044,21.46432648940044,100.0
860,0,24.243491702078458,24.243491702078458,100.0
860,1,54.74705198906188,54.74705198906188,100.0
860,2,21.00945630885967,21.00945630885967,100.0
870,0,46.180546925504665,46.180546925504665,100.0
870,1,26.684058590635583,26.684058590635583,100.0
870,2,27.13539448385975,27.13539448385975,100.0
880,0,30.206349017121543,30.206349017121543,100.0
880,1,51.16948840393126,51.16948840393126,100.0
880,2,18.624162578947193,18.624162578947193,100.0
890,0,25.64830094097096,25.64830094097096,100.0
890,1,37.5968156163443,37.5968156163443,100.0
890,2,36.754883442684736,36.754883442684736,100.0
900,0,23.2948669859601,23.2948669859601,100.0
900,1,49.65278286637788,49.65278286637788,100.0
900,2,27.05235014766202,27.05235014766202,100.0
910,0,27.935202548739536,27.935202548739536,100.0
910,1,26.645256693240487,26.645256693240487,100.0
910,2,45.419540758019984,45.419540758019984,100.0
920,0,25.42757267091997,25.42757267091997,100.0
920,1,48.65501144324159,48.65501144324159,100.0
920,2,25.917415885838434,25.917415885838434,100.0
930,0,36.331726475867235,36.331726475867235,100.0
930,1,35.192101005381225,35.192101005381225,100.0
930,2,28.47617251875154,28.47617251875154,100.0
940,0,31.896254912339028,31.896254912339028,100.0
940,1,42.01132033016234,42.01132033016234,100.0
940,2,26.092424757498634,26.092424757498634,100.0
950,0,40.9543711068667,40.9543711068667,100.0
950,1,26.481918425932495,26.481918425932495,100.0
950,2,32.56371046720081,32.56371046720081,100.0
960,0,25.69634433544477,25.69634433544477,100.0
960,1,43.342547250161445,43.342547250161445,100.0
960,2,30.961108414393784,30.961108414393784,100.0
970,0,35.504289372246724,35.504289372246724,100.0
970,1,32.40560127777154,32.40560127777154,100.0
970,2,32.09010934998175,32.09010934998175,100.0
980,0,39.51997718813849,39.51997718813849,100.0
980,1,28.59890131241942,28.59890131241942,100.0
980,2,31.881121499442088,31.881121499442088,100.0
990,0,24.910876726406787,24.910876726406787,100.0
990,1,49.156305029148186,49.156305029148186,100.0
990,2,25.932818244445027,25.932818244445027,100.0
1000,0,33.075824539419074,33.075824539419074,100.0
1000,1,38.359823560998294,38.359823560998294,100.0
1000,2,28.56435189958263,28.56435189958263,100.0
1010,0,40.863626877843366,40.863626877843366,100.0
1010,1,25.08674500837512,25.08674500837512,100.0
1010,2,34.049628113781516,34.049628113781516,100.0
1020,0,30.42081233413339,30.42081233413339,100.0
1020,1,34.92962602523764,34.92962602523764,100.0
1020,2,34.649561640628974,34.649561640628974,100.0
1030,0,32.78594247836546,32.78594247836546,100.0
1030,1,26.317370119063217,26.317370119063217,100.0
1030,2,40.89668740257132,40.89668740257132,100.0
1040,0,34.283218837653315,34.283218837653315,100.0
1040,1,34.18146689649616,34.18146689649616,100.0
1040,2,31.535314265850523,31.535314265850523,100.0
1050,0,35.053254929256184,35.053254929256184,100.0
1050,1,24.56105282875141,24.56105282875141,100.0
1050,2,40.3856922419924,40.3856922419924,100.0
1060,0,50.110241033879646,50.110241033879646,100.0
1060,1,28.101817312835607,28.101817312835607,100.0
1060,2,21.787941653284747,21.787941653284747,100.0
1070,0,31.854309051344554,31.854309051344554,100.0
1070,1,26.77505646502867,26.77505646502867,100.0
1070,2,41.37063448362678,41.37063448362678,100.0
1080,0,42.21192814614113,42.21192814614113,100.0
1080,1,34.2581260998581,34.2581260998581,100.0
1080,2,23.529945754000764,23.529945754000764,100.0
1090,0,27.591676571898006,27.591676571898006,100.0
1090,1,32.834936227679734,32.834936227679734,100.0
1090,2,39.57338720042226,39.57338720042226,100.0
1100,0,29.394081639382364,29.394081639382364,100.0
1100,1,32.21757684970501,32.21757684970501,100.0
1100,2,38.388341510912625,38.388341510912625,100.0
1110,0,22.0464818489115,22.0464818489115,100.0
1110,1,30.698686284003852,30.698686284003852,100.0
1110,2,47.25483186708465,47.25483186708465,100.0
1120,0,43.00618919544714,43.00618919544714,100.0
1120,1,24.168392751498796,24.168392751498796,100.0
1120,2,32.82541805305406,32.82541805305406,100.0
1130,0,38.894454381304485,38.894454381304485,100.0
1130,1,25.551817001747633,25.551817001747633,100.0
1130,2,35.55372861694789,35.55372861694789,100.0
1140,0,50.47336251157819,50.47336251157819,100.0
1140,1,25.981869619466025,25.981869619466025,100.0
1140,2,23.54476786895579,23.54476786895579,100.0
1150,0,45.2668796363136,45.2668796363136,100.0
1150,1,32.910564368236216,32.910564368236216,100.0
1150,2,21.82255599545019,21.82255599545019,100.0
1160,0,31.38150470244192,31.38150470244192,100.0
1160,1,36.62501547025242,36.62501547025242,100.0
1160,2,31.99347982730566,31.99347982730566,100.0
1170,0,46.98082259576552,46.98082259576552,100.0
1170,1,25.835798298052293,25.835798298052293,100.0
1170,2,27.183379106182198,27.183379106182198,100.0
1180,0,34.317613728915276,34.317613728915276,100.0
1180,1,28.163587676513973,28.163587676513973,100.0
1180,2,37.51879859457076,37.51879859457076,100.0
1190,0,38.36377833454004,38.36377833454004,100.0
1190,1,35.50490569792184,35.50490569792184,100.0
1190,2,26.13131596753812,26.13131596753812,100.0
1200,0,24.105334265900282,24.105334265900282,100.0
1200,1,50.64162672091903,50.64162672091903,100.0
1200,2,25.253039013180693,25.253039013180693,100.0
1210,0,35.39479715389127,35.39479715389127,100.0
1210,1,30.72992993557289,30.72992993557289,100.0
1210,2,33.87527291053585,33.87527291053585,100.0
1220,0,23.83202712659272,23.83202712659272,100.0
1220,1,26.78089465202419,26.78089465202419,100.0
1220,2,49.387078221383085,49.387078221383085,100.0
1230,0,40.20346261195009,40.20346261195009,100.0
1230,1,29.53519695339633,29.53519695339633,100.0
1230,2,30.261340434653583,30.261340434653583,100.0
1240,0,31.83804065232382,31.83804065232382,100.0
1240,1,32.08359631969911,32.08359631969911,100.0
1240,2,36.07836302797706,36.07836302797706,100.0
1250,0,42.7528728387395,42.7528728387395,100.0
1250,1,34.02183474593979,34.02183474593979,100.0
1250,2,23.22529241532071,23.22529241532071,100.0
1260,0,47.217869332394905,47.217869332394905,100.0
1260,1,27.700778536919557,27.700778536919557,100.0
1260,2,25.08135213068554,25.08135213068554,100.0
1270,0,48.53122390341347,48.53122390341347,100.0
1270,1,26.846151847698557,26.846151847698557,100.0
1270,2,24.622624248887977,24.622624248887977,100.0
1280,0,46.57718343041066,46.57718343041066,100.0
1280,1,29.21982700394898,29.21982700394898,100.0
1280,2,24.202989565640355,24.202989565640355,100.0
1290,0,37.06343115547263,37.06343115547263,100.0
1290,1,39.05617134024637,39.05617134024637,100.0
1290,2,23.880397504281003,23.880397504281003,100.0
1300,0,39.80040118167106,39.80040118167106,100.0
1300,1,27.138717383447307,27.138717383447307,100.0
1300,2,33.06088143488163,33.06088143488163,100.0
1310,0,36.96010265594882,36.96010265594882,100.0
1310,1,39.519730367216376,39.519730367216376,100.0
1310,2,23.5201669768348,23.5201669768348,100.0
1320,0,28.307077264288004,28.307077264288004,100.0
1320,1,38.21440500192116,38.21440500192116,100.0
1320,2,33.47851773379084,33.47851773379084,100.0
1330,0,48.459018759471775,48.459018759471775,100.0
1330,1,31.423218513834932,31.423218513834932,100.0
1330,2,20.1177627266933,20.1177627266933,100.0
1340,0,36.095517347569505,36.095517347569505,100.0
1340,1,30.943348059220742,30.943348059220742,100.0
1340,2,32.96113459320975,32.96113459320975,100.0
1350,0,37.7577732660133,37.7577732660133,100.0
1350,1,30.55863660081823,30.55863660081823,100.0
1350,2,31.683590133168472,31.683590133168472,100.0
1360,0,36.88724891484516,36.88724891484516,100.0
1360,1,24.465417388621404,24.465417388621404,100.0
1360,2,38.64733369653344,38.64733369653344,100.0
1370,0,32.66935585779459,32.66935585779459,100.0
1370,1,25.039696973041803,25.039696973041803,100.0
1370,2,42.29094716916361,42.29094716916361,100.0
1380,0,36.32775316796757,36.32775316796757,100.0
1380,1,26.952917603403154,26.952917603403154,100.0
1380,2,36.71932922862926,36.71932922862926,100.0
1390,0,34.582669317939185,34.582669317939185,100.0
1390,1,32.326764104559025,32.326764104559025,100.0
1390,2,33.09056657750179,33.09056657750179,100.0
1400,0,32.35588268940901,32.35588268940901,100.0
1400,1,29.212309187763765,29.212309187763765,100.0
1400,2,38.431808122827235,38.431808122827235,100.0
1410,0,36.904028820544845,36.904028820544845,100.0
1410,1,25.03238754280954,25.03238754280954,100.0
1410,2,38.06358363664562,38.06358363664562,100.0
1420,0,50.20186020122034,50.20186020122034,100.0
1420,1,25.566232581551773,25.566232581551773,100.0
1420,2,24.23190721722789,24.23190721722789,100.0
1430,0,25.39036080640663,25.39036080640663,100.0
1430,1,42.35895053354204,42.35895053354204,100.0
1430,2,32.250688660051324,32.250688660051324,100.0
1440,0,37.617784558786916,37.617784558786916,100.0
1440,1,38.88837066887643,38.88837066887643,100.0
1440,2,23.493844772336665,23.493844772336665,100.0
1450,0,43.65505753051371,43.65505753051371,100.0
1450,1,27.94149624930021,27.94149624930021,100.0
1450,2,28.40344622018608,28.40344622018608,100.0
1460,0,24.992590138404097,24.992590138404097,100.0
1460,1,28.111010460230506,28.111010460230506,100.0
1460,2,46.89639940136539,46.89639940136539,100.0
1470,0,26.79007874399822,26.79007874399822,100.0
1470,1,32.61642412429534,32.61642412429534,100.0
1470,2,40.593497131706435,40.593497131706435,100.0
1480,0,45.598413048466526,45.598413048466526,100.0
1480,1,26.73383677943624,26.73383677943624,100.0
1480,2,27.667750172097243,27.667750172097243,100.0
1490,0,31.95506205728782,31.95506205728782,100.0
1490,1,27.370525301454318,27.370525301454318,100.0
1490,2,40.67441264125786,40.67441264125786,100.0
1500,0,33.64238028247459,33.64238028247459,100.0
1500,1,36.68687475304599,36.68687475304599,100.0
1500,2,29.67074496447943,29.67074496447943,100.0
