timestamp,ueImsi,sliceId,dTxBytes,dRxBytes,plr,resourceSharePct,dLostPackets,throughputMbps,bufferBytes
1510,1,0,35144,30560,13.04,33.64,3,24.4480,642327
1510,2,0,35144,35144,0.00,33.64,0,28.1152,74117
1510,3,1,1014,702,30.77,36.69,4,0.5616,333
1510,4,1,1014,702,30.77,36.69,4,0.5616,333
1510,5,2,256,256,0.00,29.67,0,0.2048,32
1510,6,2,256,256,0.00,29.67,0,0.2048,24
1510,7,2,256,256,0.00,29.67,0,0.2048,24
1510,8,2,256,0,100.00,29.67,2,0.0000,137
1510,9,2,256,256,0.00,29.67,0,0.2048,24
1510,10,2,256,256,0.00,29.67,0,0.2048,33
