timestamp,ueImsi,sliceId,dTxBytes,dRxBytes,plr,resourceSharePct,dLostPackets,throughputMbps,bufferBytes
1510,1,0,35144,47368,0.00,61.67,0,37.8944,22216
1510,2,0,35144,27504,21.74,61.67,5,22.0032,1238111
1510,3,1,1014,468,53.85,20.00,7,0.3744,87
1510,4,1,1014,858,15.38,20.00,2,0.6864,65
1510,5,2,256,0,100.00,18.34,2,0.0000,137
1510,6,2,256,0,100.00,18.34,2,0.0000,137
1510,7,2,256,256,0.00,18.34,0,0.2048,137
1510,8,2,256,0,100.00,18.34,2,0.0000,137
1510,9,2,256,0,100.00,18.34,2,0.0000,577
1510,10,2,256,256,0.00,18.34,0,0.2048,137
