timestamp,ueImsi,sliceId,dTxBytes,dRxBytes,plr,resourceSharePct,dLostPackets,throughputMbps,bufferBytes,dlBufferBytes,ulBufferBytes,macBufferBytes,congestionPct,lastDrlActionStatus
10600,1,0,128736,0,100.00,51.66,112,0.0000,1189148,82867,1189148,1272015,12.13,applied
10600,2,0,128736,34384,75.00,51.66,84,2.7507,1200005,81753,1200005,1281758,12.22,applied
10600,3,0,128736,28244,79.46,51.66,89,2.2595,1200005,81821,1200005,1281826,12.22,applied
10600,4,0,128736,0,100.00,51.66,112,0.0000,34,83338,34,83372,0.80,applied
10600,5,0,128736,0,100.00,51.66,112,0.0000,3914,81821,3914,85735,0.82,applied
10600,6,1,0,0,0.00,35.00,0,0.0000,34,0,34,34,0.00,applied
10600,7,1,0,0,0.00,35.00,0,0.0000,34,0,34,34,0.00,applied
10600,8,1,0,0,0.00,35.00,0,0.0000,34,0,34,34,0.00,applied
10600,9,1,0,0,0.00,35.00,0,0.0000,34,0,34,34,0.00,applied
10600,10,1,0,0,0.00,35.00,0,0.0000,34,0,34,34,0.00,applied
10600,11,1,0,0,0.00,35.00,0,0.0000,34,0,34,34,0.00,applied
10600,12,1,0,0,0.00,35.00,0,0.0000,34,0,34,34,0.00,applied
10600,13,1,0,0,0.00,35.00,0,0.0000,34,0,34,34,0.00,applied
10600,14,2,63772,940,89.80,13.33,44,0.0752,5240918,5240918,51,5240969,49.98,applied
10600,15,2,63772,0,100.00,13.33,49,0.0000,5240986,5240986,51,5241037,49.98,applied
10600,16,2,63772,1692,81.63,13.33,40,0.1354,5240945,5240945,51,5240996,49.98,applied
10600,17,2,63772,0,100.00,13.33,49,0.0000,5242913,5242913,51,5242964,50.00,applied
10600,18,2,63772,0,100.00,13.33,49,0.0000,5240986,5240986,51,5241037,49.98,applied
