timestamp,ueImsi,sliceId,dTxBytes,dRxBytes,plr,resourceSharePct,dLostPackets,throughputMbps,bufferBytes
560,1,0,24448,0,100.00,24.29,16,0.0000,137739
560,2,0,24448,0,100.00,24.29,16,0.0000,137733
560,3,0,24448,0,100.00,24.29,16,0.0000,137811
560,4,0,24448,0,100.00,24.29,16,0.0000,137812
560,5,0,24448,0,100.00,24.29,16,0.0000,137713
560,6,1,780,624,20.00,53.96,2,0.4992,87
560,7,1,780,624,20.00,53.96,2,0.4992,87
560,8,1,780,624,20.00,53.96,2,0.4992,87
560,9,1,780,624,20.00,53.96,2,0.4992,87
560,10,1,780,624,20.00,53.96,2,0.4992,87
560,11,2,16000,512,96.80,21.74,121,0.4096,90479
560,12,2,16000,512,96.80,21.74,121,0.4096,90480
560,13,2,16000,512,96.80,21.74,121,0.4096,90471
560,14,2,16000,512,96.80,21.74,121,0.4096,90477
560,15,2,16000,512,96.80,21.74,121,0.4096,90543
560,16,2,16000,512,96.80,21.74,121,0.4096,90444
560,17,2,16000,640,96.00,21.74,120,0.5120,90451
560,18,2,16000,640,96.00,21.74,120,0.5120,90452
560,19,2,16000,640,96.00,21.74,120,0.5120,90442
560,20,2,16000,512,96.80,21.74,121,0.4096,90432
