timestamp,ueImsi,sliceId,dTxBytes,dRxBytes,plr,resourceSharePct,dLostPackets,throughputMbps,bufferBytes
1510,1,0,35144,41256,0.00,56.66,0,33.0048,67158
1510,2,0,35144,25976,26.09,56.66,6,20.7808,1452649
1510,3,1,1014,390,61.54,25.00,8,0.3120,87
1510,4,1,1014,780,23.08,25.00,3,0.6240,358
1510,5,2,256,0,100.00,18.34,2,0.0000,137
1510,6,2,256,256,0.00,18.34,0,0.2048,137
1510,7,2,256,256,0.00,18.34,0,0.2048,137
1510,8,2,256,0,100.00,18.34,2,0.0000,137
1510,9,2,256,0,100.00,18.34,2,0.0000,269
1510,10,2,256,256,0.00,18.34,0,0.2048,137
