timestamp,ueImsi,sliceId,dTxBytes,dRxBytes,plr,resourceSharePct,dLostPackets,throughputMbps,bufferBytes,dlBufferBytes,ulBufferBytes,macBufferBytes,congestionPct,lastDrlActionStatus
9900,1,0,128736,0,100.00,24.32,112,0.0000,1200005,90143,1200005,1290148,12.30,applied
9900,2,0,128736,56488,58.93,24.32,66,4.5190,1200005,90143,1200005,1290148,12.30,applied
9900,3,0,128736,141220,0.00,24.32,0,11.2976,1200005,90143,1200005,1290148,12.30,applied
9900,4,0,128736,0,100.00,24.32,112,0.0000,34,90148,34,90182,0.86,applied
9900,5,0,128736,154728,0.00,24.32,0,12.3782,2811,90159,2811,92970,0.89,applied
9900,6,1,0,0,0.00,55.24,0,0.0000,34,0,34,34,0.00,applied
9900,7,1,0,0,0.00,55.24,0,0.0000,34,0,34,34,0.00,applied
9900,8,1,0,0,0.00,55.24,0,0.0000,34,0,34,34,0.00,applied
9900,9,1,0,0,0.00,55.24,0,0.0000,34,0,34,34,0.00,applied
9900,10,1,0,0,0.00,55.24,0,0.0000,34,0,34,34,0.00,applied
9900,11,1,0,0,0.00,55.24,0,0.0000,34,0,34,34,0.00,applied
9900,12,1,0,0,0.00,55.24,0,0.0000,34,0,34,34,0.00,applied
9900,13,1,0,0,0.00,55.24,0,0.0000,34,0,34,34,0.00,applied
9900,14,2,65200,940,90.00,20.44,45,0.0752,5552787,5552787,51,5552838,52.96,applied
9900,15,2,65200,0,100.00,20.44,50,0.0000,5552821,5552821,51,5552872,52.96,applied
9900,16,2,65200,1128,88.00,20.44,44,0.0902,5552796,5552796,51,5552847,52.96,applied
9900,17,2,65200,0,100.00,20.44,50,0.0000,5554621,5554621,51,5554672,52.97,applied
9900,18,2,65200,0,100.00,20.44,50,0.0000,5552830,5552830,51,5552881,52.96,applied
