timestamp,sliceId,dedicatedPRB,minPRB,maxPRB
510,0,22.42400586839884,22.42400586839884,100.0
510,1,41.13730230449711,41.13730230449711,100.0
510,2,36.43869182710406,36.43869182710406,100.0
520,0,33.27985134885429,33.27985134885429,100.0
520,1,32.42586721816186,32.42586721816186,100.0
520,2,34.294281432983865,34.294281432983865,100.0
530,0,21.921662415498886,21.921662415498886,100.0
530,1,32.07142167513137,32.07142167513137,100.0
530,2,46.006915909369745,46.006915909369745,100.0
540,0,48.863913078836,48.863913078836,100.0
540,1,29.173562163205524,29.173562163205524,100.0
540,2,21.962524757958484,21.962524757958484,100.0
550,0,28.56895647576918,28.56895647576918,100.0
550,1,41.69697704290736,41.69697704290736,100.0
550,2,29.734066481323463,29.734066481323463,100.0
