timestamp,ueImsi,sliceId,dTxBytes,dRxBytes,plr,resourceSharePct,dLostPackets,throughputMbps,bufferBytes
560,1,0,24448,3056,87.50,41.66,14,2.4448,130204
560,2,0,24448,3056,87.50,41.66,14,2.4448,130204
560,3,0,24448,3056,87.50,41.66,14,2.4448,130213
560,4,0,24448,3056,87.50,41.66,14,2.4448,130204
560,5,0,24448,3056,87.50,41.66,14,2.4448,130208
560,6,1,390,312,20.00,45.00,1,0.2496,169
560,7,1,390,312,20.00,45.00,1,0.2496,169
560,8,1,390,312,20.00,45.00,1,0.2496,169
560,9,1,390,312,20.00,45.00,1,0.2496,169
560,10,1,390,312,20.00,45.00,1,0.2496,169
560,11,2,16000,512,96.80,13.33,121,0.4096,92046
560,12,2,16000,512,96.80,13.33,121,0.4096,92046
560,13,2,16000,512,96.80,13.33,121,0.4096,92047
560,14,2,16000,384,97.60,13.33,122,0.3072,92023
560,15,2,16000,384,97.60,13.33,122,0.3072,92005
560,16,2,16000,256,98.40,13.33,123,0.2048,92070
560,17,2,16000,384,97.60,13.33,122,0.3072,92087
560,18,2,16000,256,98.40,13.33,123,0.2048,92070
560,19,2,16000,384,97.60,13.33,122,0.3072,92095
560,20,2,16000,384,97.60,13.33,122,0.3072,92095
