timestamp,ueImsi,sliceId,dTxBytes,dRxBytes,plr,resourceSharePct,dLostPackets,throughputMbps,bufferBytes
1510,1,0,35144,0,100.00,16.66,23,0.0000,3232436
1510,2,0,35144,18336,47.83,16.66,11,14.6688,1997098
1510,3,1,1014,936,7.69,50.00,1,0.7488,87
1510,4,1,1014,0,100.00,50.00,13,0.0000,87
1510,5,2,256,0,100.00,33.34,2,0.0000,401
1510,6,2,256,256,0.00,33.34,0,0.2048,137
1510,7,2,256,0,100.00,33.34,2,0.0000,269
1510,8,2,256,256,0.00,33.34,0,0.2048,137
1510,9,2,256,256,0.00,33.34,0,0.2048,137
1510,10,2,256,0,100.00,33.34,2,0.0000,137
