timestamp,ueImsi,sliceId,dTxBytes,dRxBytes,plr,resourceSharePct,dLostPackets,throughputMbps,bufferBytes
560,1,0,24448,0,100.00,21.82,16,0.0000,136570
560,2,0,24448,0,100.00,21.82,16,0.0000,136579
560,3,0,24448,1528,93.75,21.82,15,1.2224,136496
560,4,0,24448,0,100.00,21.82,16,0.0000,136374
560,5,0,24448,0,100.00,21.82,16,0.0000,136493
560,6,1,390,312,20.00,38.64,1,0.2496,169
560,7,1,390,312,20.00,38.64,1,0.2496,169
560,8,1,390,312,20.00,38.64,1,0.2496,169
560,9,1,390,312,20.00,38.64,1,0.2496,169
560,10,1,390,312,20.00,38.64,1,0.2496,169
560,11,2,16000,768,95.20,39.53,119,0.6144,89714
560,12,2,16000,768,95.20,39.53,119,0.6144,89714
560,13,2,16000,768,95.20,39.53,119,0.6144,89715
560,14,2,16000,896,94.40,39.53,118,0.7168,89631
560,15,2,16000,896,94.40,39.53,118,0.7168,89673
560,16,2,16000,768,95.20,39.53,119,0.6144,89765
560,17,2,16000,896,94.40,39.53,118,0.7168,89524
560,18,2,16000,768,95.20,39.53,119,0.6144,89674
560,19,2,16000,768,95.20,39.53,119,0.6144,89787
560,20,2,16000,768,95.20,39.53,119,0.6144,89788
