timestamp,ueImsi,sliceId,dTxBytes,dRxBytes,plr,resourceSharePct,dLostPackets,throughputMbps,bufferBytes
560,1,0,24448,1528,93.75,38.48,15,1.2224,136863
560,2,0,24448,1528,93.75,38.48,15,1.2224,136872
560,3,0,24448,1528,93.75,38.48,15,1.2224,136927
560,4,0,24448,1528,93.75,38.48,15,1.2224,136934
560,5,0,24448,1528,93.75,38.48,15,1.2224,136836
560,6,1,780,624,20.00,34.32,2,0.4992,87
560,7,1,780,624,20.00,34.32,2,0.4992,126
560,8,1,780,624,20.00,34.32,2,0.4992,126
560,9,1,780,624,20.00,34.32,2,0.4992,87
560,10,1,780,624,20.00,34.32,2,0.4992,87
560,11,2,16000,640,96.00,27.19,120,0.5120,91353
560,12,2,16000,640,96.00,27.19,120,0.5120,91344
560,13,2,16000,640,96.00,27.19,120,0.5120,91335
560,14,2,16000,768,95.20,27.19,119,0.6144,91374
560,15,2,16000,640,96.00,27.19,120,0.5120,91432
560,16,2,16000,640,96.00,27.19,120,0.5120,91431
560,17,2,16000,640,96.00,27.19,120,0.5120,91432
560,18,2,16000,640,96.00,27.19,120,0.5120,91432
560,19,2,16000,640,96.00,27.19,120,0.5120,91292
560,20,2,16000,512,96.80,27.19,121,0.4096,91303
