seed,scenario,episode,step,algo_mode,reward_mode,slice_id,slice,throughput_mbps,dTxBytes,dRxBytes,bufferBytes_mean,bufferBytes_max,plr_pct,pdr_pct,dLostPackets,resourceSharePct,action_embb,action_urllc,action_mtc,scheduler_id,scheduler_name,raw_action,reward,resource_efficiency,need_allocation_match,over_allocation,under_allocation,action_smoothness_penalty,resource_efficient_shaping,outage_flag,soft_flag,terminated,truncated,sim_id
3,normal,200,1,discrete,resource_efficient,0,eMBB,0.0,91680.0,0.0,1537.0,1537.0,100.0,0.0,60.0,36.67,36.665000000000006,40.0,23.335,0,RR(cost=1.0),[126],1.4170415802865046,0.0,0.6791774768189792,0.26082252318102084,0.29082252318102075,0.10000000000000003,0.02050648609138753,False,False,False,False,910752c6-1f4e-46d0-9ba9-764a62adae15
3,normal,200,1,discrete,resource_efficient,1,URLLC,0.0,1950.0,0.0,87.0,87.0,100.0,0.0,25.0,40.0,36.665000000000006,40.0,23.335,0,RR(cost=1.0),[126],1.4170415802865046,0.0,0.6791774768189792,0.26082252318102084,0.29082252318102075,0.10000000000000003,0.02050648609138753,False,False,False,False,910752c6-1f4e-46d0-9ba9-764a62adae15
3,normal,200,1,discrete,resource_efficient,2,MTC,0.0,2560.0,0.0,0.0,0.0,100.0,0.0,20.0,23.34,36.665000000000006,40.0,23.335,0,RR(cost=1.0),[126],1.4170415802865046,0.0,0.6791774768189792,0.26082252318102084,0.29082252318102075,0.10000000000000003,0.02050648609138753,False,False,False,False,910752c6-1f4e-46d0-9ba9-764a62adae15
3,normal,200,2,discrete,resource_efficient,0,eMBB,4.8896,84040.0,6112.0,1537.0,1537.0,92.728,7.272000000000006,51.0,36.67,36.665000000000006,40.0,23.335,0,RR(cost=1.0),[126],1.4819840250938947,0.03341298728461867,0.7699534044727437,0.18693983293621777,0.2000465955272562,0.0,0.08327599265877769,False,False,False,False,910752c6-1f4e-46d0-9ba9-764a62adae15
3,normal,200,2,discrete,resource_efficient,1,URLLC,0.0,1950.0,0.0,87.0,87.0,100.0,0.0,25.0,40.0,36.665000000000006,40.0,23.335,0,RR(cost=1.0),[126],1.4819840250938947,0.03341298728461867,0.7699534044727437,0.18693983293621777,0.2000465955272562,0.0,0.08327599265877769,False,False,False,False,910752c6-1f4e-46d0-9ba9-764a62adae15
3,normal,200,2,discrete,resource_efficient,2,MTC,0.0,3840.0,0.0,0.0,0.0,100.0,0.0,30.0,23.34,36.665000000000006,40.0,23.335,0,RR(cost=1.0),[126],1.4819840250938947,0.03341298728461867,0.7699534044727437,0.18693983293621777,0.2000465955272562,0.0,0.08327599265877769,False,False,False,False,910752c6-1f4e-46d0-9ba9-764a62adae15
3,normal,200,3,discrete,resource_efficient,0,eMBB,2.4448,91680.0,3056.0,54298.6,54548.0,96.666,3.334000000000003,58.0,31.660000000000004,31.665,35.0,33.335,0,RR(cost=1.0),[99],1.3236293656991671,0.132302806658994,0.5535824216674898,0.3864175783325101,0.41641757833251014,0.10000000000000009,-0.028389985667707313,False,False,False,False,910752c6-1f4e-46d0-9ba9-764a62adae15
3,normal,200,3,discrete,resource_efficient,1,URLLC,3.9936,1950.0,4992.0,1179.8,1317.0,20.0,80.0,5.0,35.0,31.665,35.0,33.335,0,RR(cost=1.0),[99],1.3236293656991671,0.132302806658994,0.5535824216674898,0.3864175783325101,0.41641757833251014,0.10000000000000009,-0.028389985667707313,False,False,False,False,910752c6-1f4e-46d0-9ba9-764a62adae15
3,normal,200,3,discrete,resource_efficient,2,MTC,1.6384,2560.0,2048.0,725.9,761.0,60.0,40.0,12.0,33.34000000000001,31.665,35.0,33.335,0,RR(cost=1.0),[99],1.3236293656991671,0.132302806658994,0.5535824216674898,0.3864175783325101,0.41641757833251014,0.10000000000000009,-0.028389985667707313,False,False,False,False,910752c6-1f4e-46d0-9ba9-764a62adae15
3,normal,200,4,discrete,resource_efficient,0,eMBB,0.0,91680.0,0.0,54298.6,54548.0,100.0,0.0,60.0,66.67,66.665,20.000000000000004,13.335000000000003,0,RR(cost=1.0),[195],1.5272657494535953,0.036051744181562956,0.9552196578836314,0.014780342116368611,0.006598455115220864,0.35,0.17647852096672098,False,False,False,False,910752c6-1f4e-46d0-9ba9-764a62adae15
3,normal,200,4,discrete,resource_efficient,1,URLLC,0.0,1950.0,0.0,1179.8,1317.0,100.0,0.0,25.0,20.0,66.665,20.000000000000004,13.335000000000003,0,RR(cost=1.0),[195],1.5272657494535953,0.036051744181562956,0.9552196578836314,0.014780342116368611,0.006598455115220864,0.35,0.17647852096672098,False,False,False,False,910752c6-1f4e-46d0-9ba9-764a62adae15
3,normal,200,4,discrete,resource_efficient,2,MTC,0.8192,3840.0,1024.0,725.9,761.0,76.666,23.334000000000003,23.0,13.34,66.665,20.000000000000004,13.335000000000003,0,RR(cost=1.0),[195],1.5272657494535953,0.036051744181562956,0.9552196578836314,0.014780342116368611,0.006598455115220864,0.35,0.17647852096672098,False,False,False,False,910752c6-1f4e-46d0-9ba9-764a62adae15
3,normal,200,5,discrete,resource_efficient,0,eMBB,0.0,84040.0,0.0,54298.6,54548.0,100.0,0.0,55.0,26.660000000000004,26.665,25.0,48.334999999999994,0,RR(cost=1.0),[66],-0.3333,0.019348244625094588,0.5455642352211435,0.39443576477885656,0.4244357647788566,0.39999999999999997,0.0,True,False,False,False,910752c6-1f4e-46d0-9ba9-764a62adae15
3,normal,200,5,discrete,resource_efficient,1,URLLC,0.0,1950.0,0.0,1179.8,1317.0,100.0,0.0,25.0,25.0,26.665,25.0,48.334999999999994,0,RR(cost=1.0),[66],-0.3333,0.019348244625094588,0.5455642352211435,0.39443576477885656,0.4244357647788566,0.39999999999999997,0.0,False,False,False,False,910752c6-1f4e-46d0-9ba9-764a62adae15
3,normal,200,5,discrete,resource_efficient,2,MTC,0.6144000000000001,2560.0,768.0,725.9,761.0,70.0,30.0,14.0,48.32999999999999,26.665,25.0,48.334999999999994,0,RR(cost=1.0),[66],-0.3333,0.019348244625094588,0.5455642352211435,0.39443576477885656,0.4244357647788566,0.39999999999999997,0.0,False,False,False,False,910752c6-1f4e-46d0-9ba9-764a62adae15
3,normal,200,6,discrete,resource_efficient,0,eMBB,1.2224,91680.0,1528.0,112033.2,113530.0,98.334,1.6659999999999968,59.0,31.660000000000004,31.665,20.0,48.334999999999994,1,PF(cost=2.0),[91],-0.3333,0.08770273469573008,0.5615066461755998,0.3784933538244002,0.40849335382440033,0.04999999999999999,0.0,True,False,False,False,910752c6-1f4e-46d0-9ba9-764a62adae15
3,normal,200,6,discrete,resource_efficient,1,URLLC,0.9984,1950.0,1248.0,1081.4,1315.0,36.0,64.0,9.0,20.0,31.665,20.0,48.334999999999994,1,PF(cost=2.0),[91],-0.3333,0.08770273469573008,0.5615066461755998,0.3784933538244002,0.40849335382440033,0.04999999999999999,0.0,False,False,False,False,910752c6-1f4e-46d0-9ba9-764a62adae15
3,normal,200,6,discrete,resource_efficient,2,MTC,1.6384,3840.0,2048.0,1355.1,1670.0,60.0,40.0,18.0,48.32999999999999,31.665,20.0,48.334999999999994,1,PF(cost=2.0),[91],-0.3333,0.08770273469573008,0.5615066461755998,0.3784933538244002,0.40849335382440033,0.04999999999999999,0.0,False,False,False,False,910752c6-1f4e-46d0-9ba9-764a62adae15
3,normal,200,7,discrete,resource_efficient,0,eMBB,13.446399999999999,91680.0,16808.0,123667.0,127348.0,81.666,18.334000000000003,49.0,26.670000000000005,26.665000000000006,35.0,38.335,0,RR(cost=1.0),[72],1.3055860303648694,0.18863863681587092,0.502152296829744,0.4378477031702559,0.4678477031702558,0.1499999999999999,-0.050480894538979346,False,False,False,False,910752c6-1f4e-46d0-9ba9-764a62adae15
3,normal,200,7,discrete,resource_efficient,1,URLLC,4.2432,1950.0,5304.0,342.6,1365.0,20.0,80.0,5.0,35.0,26.665000000000006,35.0,38.335,0,RR(cost=1.0),[72],1.3055860303648694,0.18863863681587092,0.502152296829744,0.4378477031702559,0.4678477031702558,0.1499999999999999,-0.050480894538979346,False,False,False,False,910752c6-1f4e-46d0-9ba9-764a62adae15
3,normal,200,7,discrete,resource_efficient,2,MTC,6.348800000000001,2560.0,7936.0,905.0,1635.0,35.0,65.0,7.0,38.34000000000001,26.665000000000006,35.0,38.335,0,RR(cost=1.0),[72],1.3055860303648694,0.18863863681587092,0.502152296829744,0.4378477031702559,0.4678477031702558,0.1499999999999999,-0.050480894538979346,False,False,False,False,910752c6-1f4e-46d0-9ba9-764a62adae15
3,normal,200,8,discrete,resource_efficient,0,eMBB,2.4448,84040.0,3056.0,140732.4,145872.0,96.36399999999999,3.63600000000001,53.0,26.670000000000005,26.665000000000006,35.0,38.335,0,RR(cost=1.0),[72],1.3197135062725571,0.08088773394518498,0.5126330274163677,0.4273669725836323,0.45736697258363224,0.0,-0.058242636761142386,False,False,False,False,910752c6-1f4e-46d0-9ba9-764a62adae15
3,normal,200,8,discrete,resource_efficient,1,URLLC,1.248,1950.0,1560.0,189.6,600.0,20.0,80.0,5.0,35.0,26.665000000000006,35.0,38.335,0,RR(cost=1.0),[72],1.3197135062725571,0.08088773394518498,0.5126330274163677,0.4273669725836323,0.45736697258363224,0.0,-0.058242636761142386,False,False,False,False,910752c6-1f4e-46d0-9ba9-764a62adae15
3,normal,200,8,discrete,resource_efficient,2,MTC,0.9216,3840.0,1152.0,664.6,1512.0,69.999,30.001000000000005,21.0,38.34000000000001,26.665000000000006,35.0,38.335,0,RR(cost=1.0),[72],1.3197135062725571,0.08088773394518498,0.5126330274163677,0.4273669725836323,0.45736697258363224,0.0,-0.058242636761142386,False,False,False,False,910752c6-1f4e-46d0-9ba9-764a62adae15
3,normal,200,9,discrete,resource_efficient,0,eMBB,31.7824,91680.0,39728.0,146646.0,160961.0,66.666,33.334,40.0,21.66,21.665,50.0,28.335,0,RR(cost=1.0),[51],0.0,0.2372967233335832,0.4686588312775921,0.47134116872240783,0.5013411687224079,0.15000000000000008,0.0,False,True,False,False,910752c6-1f4e-46d0-9ba9-764a62adae15
3,normal,200,9,discrete,resource_efficient,1,URLLC,1.248,1950.0,1560.0,255.2,600.0,20.0,80.0,5.0,50.0,21.665,50.0,28.335,0,RR(cost=1.0),[51],0.0,0.2372967233335832,0.4686588312775921,0.47134116872240783,0.5013411687224079,0.15000000000000008,0.0,False,False,False,False,910752c6-1f4e-46d0-9ba9-764a62adae15
3,normal,200,9,discrete,resource_efficient,2,MTC,1.3312,2560.0,1664.0,608.6,1512.0,55.0,45.0,11.0,28.339999999999996,21.665,50.0,28.335,0,RR(cost=1.0),[51],0.0,0.2372967233335832,0.4686588312775921,0.47134116872240783,0.5013411687224079,0.15000000000000008,0.0,False,False,False,False,910752c6-1f4e-46d0-9ba9-764a62adae15
3,normal,200,10,discrete,resource_efficient,0,eMBB,58.6752,91680.0,73344.0,150307.2,181918.0,60.0,40.0,36.0,16.66,16.665,65.0,18.335,2,BCQI(cost=2.0),[29],0.0,0.3291703406858864,0.45525479027697124,0.4962957647085283,0.5147452097230287,0.15,0.0,False,True,False,False,910752c6-1f4e-46d0-9ba9-764a62adae15
3,normal,200,10,discrete,resource_efficient,1,URLLC,1.248,1950.0,1560.0,361.0,1457.0,20.0,80.0,5.0,65.0,16.665,65.0,18.335,2,BCQI(cost=2.0),[29],0.0,0.3291703406858864,0.45525479027697124,0.4962957647085283,0.5147452097230287,0.15,0.0,False,False,False,False,910752c6-1f4e-46d0-9ba9-764a62adae15
3,normal,200,10,discrete,resource_efficient,2,MTC,1.024,3840.0,1280.0,568.4,1523.0,66.666,33.334,20.0,18.34,16.665,65.0,18.335,2,BCQI(cost=2.0),[29],0.0,0.3291703406858864,0.45525479027697124,0.4962957647085283,0.5147452097230287,0.15,0.0,False,False,False,False,910752c6-1f4e-46d0-9ba9-764a62adae15
3,normal,200,11,discrete,resource_efficient,0,eMBB,48.896,84040.0,61120.0,148924.6,194424.0,60.0,40.0,33.0,16.66,16.665,65.0,18.335,2,BCQI(cost=2.0),[29],0.0,0.292862683156794,0.42175979576747213,0.5182402042325279,0.5482402042325278,0.0,0.0,False,True,False,False,910752c6-1f4e-46d0-9ba9-764a62adae15
3,normal,200,11,discrete,resource_efficient,1,URLLC,0.9984,1950.0,1248.0,361.0,1457.0,36.0,64.0,9.0,65.0,16.665,65.0,18.335,2,BCQI(cost=2.0),[29],0.0,0.292862683156794,0.42175979576747213,0.5182402042325279,0.5482402042325278,0.0,0.0,False,False,False,False,910752c6-1f4e-46d0-9ba9-764a62adae15
3,normal,200,11,discrete,resource_efficient,2,MTC,1.1264,2560.0,1408.0,582.7,1587.0,45.0,55.0,9.0,18.34,16.665,65.0,18.335,2,BCQI(cost=2.0),[29],0.0,0.292862683156794,0.42175979576747213,0.5182402042325279,0.5482402042325278,0.0,0.0,False,False,False,False,910752c6-1f4e-46d0-9ba9-764a62adae15
3,normal,200,12,discrete,resource_efficient,0,eMBB,66.0096,91680.0,82512.0,158507.0,220185.0,60.0,40.0,36.0,46.66,46.665,25.0,28.335,0,RR(cost=1.0),[156],0.0,0.6183971198334228,0.7217620348677636,0.21823796513223642,0.24823796513223642,0.4,0.0,False,True,False,False,910752c6-1f4e-46d0-9ba9-764a62adae15
3,normal,200,12,discrete,resource_efficient,1,URLLC,1.248,1950.0,1560.0,361.0,1457.0,20.0,80.0,5.0,25.0,46.665,25.0,28.335,0,RR(cost=1.0),[156],0.0,0.6183971198334228,0.7217620348677636,0.21823796513223642,0.24823796513223642,0.4,0.0,False,False,False,False,910752c6-1f4e-46d0-9ba9-764a62adae15
3,normal,200,12,discrete,resource_efficient,2,MTC,2.048,3840.0,2560.0,849.7,2808.0,43.333,56.667,13.0,28.339999999999996,46.665,25.0,28.335,0,RR(cost=1.0),[156],0.0,0.6183971198334228,0.7217620348677636,0.21823796513223642,0.24823796513223642,0.4,0.0,False,False,False,False,910752c6-1f4e-46d0-9ba9-764a62adae15
3,normal,200,13,discrete,resource_efficient,0,eMBB,48.896,91680.0,61120.0,166118.4,237820.0,60.0,40.0,36.0,41.66,41.665,45.00000000000001,13.335000000000003,0,RR(cost=1.0),[150],0.0,0.4606595276765324,0.6638130559480723,0.2984150047555201,0.3061869440519278,0.20000000000000007,0.0,False,True,False,False,910752c6-1f4e-46d0-9ba9-764a62adae15
3,normal,200,13,discrete,resource_efficient,1,URLLC,1.4976,1950.0,1872.0,361.0,1457.0,20.0,80.0,5.0,45.0,41.665,45.00000000000001,13.335000000000003,0,RR(cost=1.0),[150],0.0,0.4606595276765324,0.6638130559480723,0.2984150047555201,0.3061869440519278,0.20000000000000007,0.0,False,False,False,False,910752c6-1f4e-46d0-9ba9-764a62adae15
3,normal,200,13,discrete,resource_efficient,2,MTC,1.2288,2560.0,1536.0,877.5,2894.0,60.0,40.0,12.0,13.34,41.665,45.00000000000001,13.335000000000003,0,RR(cost=1.0),[150],0.0,0.4606595276765324,0.6638130559480723,0.2984150047555201,0.3061869440519278,0.20000000000000007,0.0,False,False,False,False,910752c6-1f4e-46d0-9ba9-764a62adae15
3,normal,200,14,discrete,resource_efficient,0,eMBB,25.6704,84040.0,32088.0,172133.8,249707.0,63.636,36.364,35.0,21.66,21.665,50.0,28.335,0,RR(cost=1.0),[51],0.0,0.21024336134055258,0.49961485168401254,0.4403851483159874,0.47038514831598743,0.19999999999999996,0.0,False,True,False,False,910752c6-1f4e-46d0-9ba9-764a62adae15
3,normal,200,14,discrete,resource_efficient,1,URLLC,1.248,1950.0,1560.0,605.0,2677.0,20.0,80.0,5.0,50.0,21.665,50.0,28.335,0,RR(cost=1.0),[51],0.0,0.21024336134055258,0.49961485168401254,0.4403851483159874,0.47038514831598743,0.19999999999999996,0.0,False,False,False,False,910752c6-1f4e-46d0-9ba9-764a62adae15
3,normal,200,14,discrete,resource_efficient,2,MTC,0.9216,3840.0,1152.0,910.8,3228.0,69.999,30.001000000000005,21.0,28.339999999999996,21.665,50.0,28.335,0,RR(cost=1.0),[51],0.0,0.21024336134055258,0.49961485168401254,0.4403851483159874,0.47038514831598743,0.19999999999999996,0.0,False,False,False,False,910752c6-1f4e-46d0-9ba9-764a62adae15
3,normal,200,15,discrete,resource_efficient,0,eMBB,18.336,91680.0,22920.0,177245.6,253021.0,75.0,25.0,45.0,16.66,16.665,65.0,18.335,2,BCQI(cost=2.0),[29],0.0,0.14910313924434448,0.4129894579725517,0.5270105420274482,0.5570105420274483,0.15,0.0,False,True,False,False,910752c6-1f4e-46d0-9ba9-764a62adae15
3,normal,200,15,discrete,resource_efficient,1,URLLC,1.248,1950.0,1560.0,605.0,2677.0,20.0,80.0,5.0,65.0,16.665,65.0,18.335,2,BCQI(cost=2.0),[29],0.0,0.14910313924434448,0.4129894579725517,0.5270105420274482,0.5570105420274483,0.15,0.0,False,False,False,False,910752c6-1f4e-46d0-9ba9-764a62adae15
3,normal,200,15,discrete,resource_efficient,2,MTC,1.2288,2560.0,1536.0,911.7,3202.0,60.0,40.0,12.0,18.34,16.665,65.0,18.335,2,BCQI(cost=2.0),[29],0.0,0.14910313924434448,0.4129894579725517,0.5270105420274482,0.5570105420274483,0.15,0.0,False,False,False,False,910752c6-1f4e-46d0-9ba9-764a62adae15
3,normal,200,16,discrete,resource_efficient,0,eMBB,25.6704,91680.0,32088.0,194265.0,281120.0,66.666,33.334,40.0,16.66,16.665,65.0,18.335,2,BCQI(cost=2.0),[29],0.0,0.17382402463700297,0.4427735712487042,0.49722642875129575,0.5272264287512959,0.0,0.0,False,True,False,False,910752c6-1f4e-46d0-9ba9-764a62adae15
3,normal,200,16,discrete,resource_efficient,1,URLLC,1.248,1950.0,1560.0,677.4,3039.0,20.0,80.0,5.0,65.0,16.665,65.0,18.335,2,BCQI(cost=2.0),[29],0.0,0.17382402463700297,0.4427735712487042,0.49722642875129575,0.5272264287512959,0.0,0.0,False,False,False,False,910752c6-1f4e-46d0-9ba9-764a62adae15
3,normal,200,16,discrete,resource_efficient,2,MTC,0.8192,3840.0,1024.0,890.4,3202.0,73.33200000000001,26.667999999999992,22.0,18.34,16.665,65.0,18.335,2,BCQI(cost=2.0),[29],0.0,0.17382402463700297,0.4427735712487042,0.49722642875129575,0.5272264287512959,0.0,0.0,False,False,False,False,910752c6-1f4e-46d0-9ba9-764a62adae15
3,normal,200,17,discrete,resource_efficient,0,eMBB,26.8928,84040.0,33616.0,208850.8,306726.0,63.636,36.364,35.0,16.66,16.665,65.0,18.335,2,BCQI(cost=2.0),[29],0.0,0.19412018255898222,0.41011172143674235,0.5298882785632576,0.5598882785632576,0.0,0.0,False,True,False,False,910752c6-1f4e-46d0-9ba9-764a62adae15
3,normal,200,17,discrete,resource_efficient,1,URLLC,1.248,1950.0,1560.0,653.0,2917.0,20.0,80.0,5.0,65.0,16.665,65.0,18.335,2,BCQI(cost=2.0),[29],0.0,0.19412018255898222,0.41011172143674235,0.5298882785632576,0.5598882785632576,0.0,0.0,False,False,False,False,910752c6-1f4e-46d0-9ba9-764a62adae15
3,normal,200,17,discrete,resource_efficient,2,MTC,1.2288,2560.0,1536.0,1042.2,3961.0,60.0,40.0,12.0,18.34,16.665,65.0,18.335,2,BCQI(cost=2.0),[29],0.0,0.19412018255898222,0.41011172143674235,0.5298882785632576,0.5598882785632576,0.0,0.0,False,False,False,False,910752c6-1f4e-46d0-9ba9-764a62adae15
3,normal,200,18,discrete,resource_efficient,0,eMBB,18.336,91680.0,22920.0,218895.4,317733.0,75.0,25.0,45.0,16.66,16.665,65.0,18.335,2,BCQI(cost=2.0),[29],0.0,0.1323124798035153,0.43908627286180624,0.5009137271381938,0.5309137271381937,0.0,0.0,False,True,False,False,910752c6-1f4e-46d0-9ba9-764a62adae15
3,normal,200,18,discrete,resource_efficient,1,URLLC,0.9984,1950.0,1248.0,400.8,1656.0,36.0,64.0,9.0,65.0,16.665,65.0,18.335,2,BCQI(cost=2.0),[29],0.0,0.1323124798035153,0.43908627286180624,0.5009137271381938,0.5309137271381937,0.0,0.0,False,False,False,False,910752c6-1f4e-46d0-9ba9-764a62adae15
3,normal,200,18,discrete,resource_efficient,2,MTC,0.8192,3840.0,1024.0,1089.0,3961.0,73.33200000000001,26.667999999999992,22.0,18.34,16.665,65.0,18.335,2,BCQI(cost=2.0),[29],0.0,0.1323124798035153,0.43908627286180624,0.5009137271381938,0.5309137271381937,0.0,0.0,False,False,False,False,910752c6-1f4e-46d0-9ba9-764a62adae15
3,normal,200,19,discrete,resource_efficient,0,eMBB,36.672,91680.0,45840.0,229395.4,340555.0,60.0,40.0,36.0,16.66,16.665,65.0,18.335,2,BCQI(cost=2.0),[29],0.0,0.21638422834352947,0.39230670141687407,0.5476932985831259,0.5776932985831259,0.0,0.0,False,True,False,False,910752c6-1f4e-46d0-9ba9-764a62adae15
3,normal,200,19,discrete,resource_efficient,1,URLLC,1.248,1950.0,1560.0,400.8,1656.0,20.0,80.0,5.0,65.0,16.665,65.0,18.335,2,BCQI(cost=2.0),[29],0.0,0.21638422834352947,0.39230670141687407,0.5476932985831259,0.5776932985831259,0.0,0.0,False,False,False,False,910752c6-1f4e-46d0-9ba9-764a62adae15
3,normal,200,19,discrete,resource_efficient,2,MTC,1.3312000000000002,2560.0,1664.0,760.4,2490.0,50.0,50.0,10.0,18.34,16.665,65.0,18.335,2,BCQI(cost=2.0),[29],0.0,0.21638422834352947,0.39230670141687407,0.5476932985831259,0.5776932985831259,0.0,0.0,False,False,False,False,910752c6-1f4e-46d0-9ba9-764a62adae15
3,normal,200,20,discrete,resource_efficient,0,eMBB,36.672,84040.0,45840.0,236641.4,357679.0,60.0,40.0,33.0,51.65999999999999,51.66499999999999,20.0,28.335,2,BCQI(cost=2.0),[170],0.0,0.4696440770871972,0.7560821155911951,0.18391788440880485,0.2139178844088049,0.44999999999999996,0.0,False,True,False,False,910752c6-1f4e-46d0-9ba9-764a62adae15
3,normal,200,20,discrete,resource_efficient,1,URLLC,1.4976,1950.0,1872.0,400.8,1656.0,20.0,80.0,5.0,20.0,51.66499999999999,20.0,28.335,2,BCQI(cost=2.0),[170],0.0,0.4696440770871972,0.7560821155911951,0.18391788440880485,0.2139178844088049,0.44999999999999996,0.0,False,False,False,False,910752c6-1f4e-46d0-9ba9-764a62adae15
3,normal,200,20,discrete,resource_efficient,2,MTC,2.3552,3840.0,2944.0,774.9,2606.0,50.0,50.0,15.0,28.339999999999996,51.66499999999999,20.0,28.335,2,BCQI(cost=2.0),[170],0.0,0.4696440770871972,0.7560821155911951,0.18391788440880485,0.2139178844088049,0.44999999999999996,0.0,False,False,False,False,910752c6-1f4e-46d0-9ba9-764a62adae15
3,normal,200,21,discrete,resource_efficient,0,eMBB,33.0048,91680.0,41256.0,236914.2,361952.0,60.0,40.0,36.0,31.660000000000004,31.665,45.0,23.335,0,RR(cost=1.0),[105],0.0,0.27714374352390025,0.5457496562088462,0.3942503437911538,0.4242503437911538,0.24999999999999997,0.0,False,True,False,False,910752c6-1f4e-46d0-9ba9-764a62adae15
3,normal,200,21,discrete,resource_efficient,1,URLLC,1.248,1950.0,1560.0,400.8,1656.0,20.0,80.0,5.0,45.0,31.665,45.0,23.335,0,RR(cost=1.0),[105],0.0,0.27714374352390025,0.5457496562088462,0.3942503437911538,0.4242503437911538,0.24999999999999997,0.0,False,False,False,False,910752c6-1f4e-46d0-9ba9-764a62adae15
3,normal,200,21,discrete,resource_efficient,2,MTC,1.2288,2560.0,1536.0,718.1,2606.0,60.0,40.0,12.0,23.34,31.665,45.0,23.335,0,RR(cost=1.0),[105],0.0,0.27714374352390025,0.5457496562088462,0.3942503437911538,0.4242503437911538,0.24999999999999997,0.0,False,False,False,False,910752c6-1f4e-46d0-9ba9-764a62adae15
3,normal,200,22,discrete,resource_efficient,0,eMBB,33.0048,91680.0,41256.0,254269.0,389821.0,61.666,38.334,37.0,56.65999999999999,56.665,30.000000000000004,13.334999999999999,0,RR(cost=1.0),[186],0.0,0.3897247509010636,0.8123129001438811,0.15405318347942784,0.15768709985611876,0.25,0.0,False,True,False,False,910752c6-1f4e-46d0-9ba9-764a62adae15
3,normal,200,22,discrete,resource_efficient,1,URLLC,1.248,1950.0,1560.0,400.8,1656.0,20.0,80.0,5.0,30.0,56.665,30.000000000000004,13.334999999999999,0,RR(cost=1.0),[186],0.0,0.3897247509010636,0.8123129001438811,0.15405318347942784,0.15768709985611876,0.25,0.0,False,False,False,False,910752c6-1f4e-46d0-9ba9-764a62adae15
3,normal,200,22,discrete,resource_efficient,2,MTC,1.1264,3840.0,1408.0,605.9,2606.0,63.33200000000001,36.66799999999999,19.0,13.330000000000002,56.665,30.000000000000004,13.334999999999999,0,RR(cost=1.0),[186],0.0,0.3897247509010636,0.8123129001438811,0.15405318347942784,0.15768709985611876,0.25,0.0,False,False,False,False,910752c6-1f4e-46d0-9ba9-764a62adae15
3,normal,200,23,discrete,resource_efficient,0,eMBB,26.8928,84040.0,33616.0,263951.0,407471.0,61.818000000000005,38.181999999999995,34.0,26.660000000000004,26.665,50.0,23.335,0,RR(cost=1.0),[81],0.0,0.23044320056397108,0.4920505150888608,0.4479494849111393,0.4779494849111392,0.3,0.0,False,True,False,False,910752c6-1f4e-46d0-9ba9-764a62adae15
3,normal,200,23,discrete,resource_efficient,1,URLLC,1.248,1950.0,1560.0,400.8,1656.0,20.0,80.0,5.0,50.0,26.665,50.0,23.335,0,RR(cost=1.0),[81],0.0,0.23044320056397108,0.4920505150888608,0.4479494849111393,0.4779494849111392,0.3,0.0,False,False,False,False,910752c6-1f4e-46d0-9ba9-764a62adae15
3,normal,200,23,discrete,resource_efficient,2,MTC,1.2288,2560.0,1536.0,678.9,2606.0,60.0,40.0,12.0,23.34,26.665,50.0,23.335,0,RR(cost=1.0),[81],0.0,0.23044320056397108,0.4920505150888608,0.4479494849111393,0.4779494849111392,0.3,0.0,False,False,False,False,910752c6-1f4e-46d0-9ba9-764a62adae15
3,normal,200,24,discrete,resource_efficient,0,eMBB,37.8944,91680.0,47368.0,266290.6,418131.0,60.0,40.0,36.0,56.65999999999999,56.665,30.000000000000004,13.334999999999999,0,RR(cost=1.0),[186],0.0,0.42025462777327216,0.8150939964533359,0.15490600354666414,0.15351101585580332,0.3,0.0,False,True,False,False,910752c6-1f4e-46d0-9ba9-764a62adae15
3,normal,200,24,discrete,resource_efficient,1,URLLC,1.248,1950.0,1560.0,400.8,1656.0,20.0,80.0,5.0,30.0,56.665,30.000000000000004,13.334999999999999,0,RR(cost=1.0),[186],0.0,0.42025462777327216,0.8150939964533359,0.15490600354666414,0.15351101585580332,0.3,0.0,False,False,False,False,910752c6-1f4e-46d0-9ba9-764a62adae15
3,normal,200,24,discrete,resource_efficient,2,MTC,0.8192,3840.0,1024.0,645.2,2606.0,73.33200000000001,26.667999999999992,22.0,13.330000000000002,56.665,30.000000000000004,13.334999999999999,0,RR(cost=1.0),[186],0.0,0.42025462777327216,0.8150939964533359,0.15490600354666414,0.15351101585580332,0.3,0.0,False,False,False,False,910752c6-1f4e-46d0-9ba9-764a62adae15
3,normal,200,25,discrete,resource_efficient,0,eMBB,31.7824,91680.0,39728.0,280623.6,439349.0,61.666,38.334,37.0,26.660000000000004,26.665,50.0,23.335,0,RR(cost=1.0),[81],0.0,0.22523183553755902,0.4950088338178167,0.44499116618218326,0.4749911661821833,0.3,0.0,False,True,False,False,910752c6-1f4e-46d0-9ba9-764a62adae15
3,normal,200,25,discrete,resource_efficient,1,URLLC,0.9984,1950.0,1248.0,400.8,1656.0,36.0,64.0,9.0,50.0,26.665,50.0,23.335,0,RR(cost=1.0),[81],0.0,0.22523183553755902,0.4950088338178167,0.44499116618218326,0.4749911661821833,0.3,0.0,False,False,False,False,910752c6-1f4e-46d0-9ba9-764a62adae15
3,normal,200,25,discrete,resource_efficient,2,MTC,0.8192,2560.0,1024.0,695.2,2606.0,60.0,40.0,12.0,23.34,26.665,50.0,23.335,0,RR(cost=1.0),[81],0.0,0.22523183553755902,0.4950088338178167,0.44499116618218326,0.4749911661821833,0.3,0.0,False,False,False,False,910752c6-1f4e-46d0-9ba9-764a62adae15
3,normal,200,26,discrete,resource_efficient,0,eMBB,35.4496,84040.0,44312.0,287757.4,458269.0,60.0,40.0,33.0,56.65999999999999,56.665,30.000000000000004,13.334999999999999,0,RR(cost=1.0),[186],0.0,0.43619776508096686,0.8032776615143309,0.15533519406809615,0.1667223384856691,0.3,0.0,False,True,False,False,910752c6-1f4e-46d0-9ba9-764a62adae15
3,normal,200,26,discrete,resource_efficient,1,URLLC,1.248,1950.0,1560.0,400.8,1656.0,20.0,80.0,5.0,30.0,56.665,30.000000000000004,13.334999999999999,0,RR(cost=1.0),[186],0.0,0.43619776508096686,0.8032776615143309,0.15533519406809615,0.1667223384856691,0.3,0.0,False,False,False,False,910752c6-1f4e-46d0-9ba9-764a62adae15
3,normal,200,26,discrete,resource_efficient,2,MTC,1.2288,3840.0,1536.0,627.7,2606.0,60.0,40.0,18.0,13.330000000000002,56.665,30.000000000000004,13.334999999999999,0,RR(cost=1.0),[186],0.0,0.43619776508096686,0.8032776615143309,0.15533519406809615,0.1667223384856691,0.3,0.0,False,False,False,False,910752c6-1f4e-46d0-9ba9-764a62adae15
3,normal,200,27,discrete,resource_efficient,0,eMBB,35.4496,91680.0,44312.0,286362.6,458269.0,60.0,40.0,36.0,26.660000000000004,26.665,50.0,23.335,0,RR(cost=1.0),[81],0.0,0.2677129008082906,0.48650009262546834,0.4534999073745316,0.48349990737453163,0.3,0.0,False,True,False,False,910752c6-1f4e-46d0-9ba9-764a62adae15
3,normal,200,27,discrete,resource_efficient,1,URLLC,1.4976,1950.0,1872.0,400.8,1656.0,20.0,80.0,5.0,50.0,26.665,50.0,23.335,0,RR(cost=1.0),[81],0.0,0.2677129008082906,0.48650009262546834,0.4534999073745316,0.48349990737453163,0.3,0.0,False,False,False,False,910752c6-1f4e-46d0-9ba9-764a62adae15
3,normal,200,27,discrete,resource_efficient,2,MTC,1.2288,2560.0,1536.0,609.6,2606.0,60.0,40.0,12.0,23.34,26.665,50.0,23.335,0,RR(cost=1.0),[81],0.0,0.2677129008082906,0.48650009262546834,0.4534999073745316,0.48349990737453163,0.3,0.0,False,False,False,False,910752c6-1f4e-46d0-9ba9-764a62adae15
3,normal,200,28,discrete,resource_efficient,0,eMBB,37.8944,91680.0,47368.0,305498.2,487652.0,60.0,40.0,36.0,56.65999999999999,56.665,30.000000000000004,13.334999999999999,0,RR(cost=1.0),[186],0.0,0.4177548903227094,0.8082723059749821,0.1563973042872502,0.16172769402501788,0.3,0.0,False,True,False,False,910752c6-1f4e-46d0-9ba9-764a62adae15
3,normal,200,28,discrete,resource_efficient,1,URLLC,1.248,1950.0,1560.0,400.8,1656.0,20.0,80.0,5.0,30.0,56.665,30.000000000000004,13.334999999999999,0,RR(cost=1.0),[186],0.0,0.4177548903227094,0.8082723059749821,0.1563973042872502,0.16172769402501788,0.3,0.0,False,False,False,False,910752c6-1f4e-46d0-9ba9-764a62adae15
3,normal,200,28,discrete,resource_efficient,2,MTC,0.8192,3840.0,1024.0,614.6,2606.0,73.33200000000001,26.667999999999992,22.0,13.330000000000002,56.665,30.000000000000004,13.334999999999999,0,RR(cost=1.0),[186],0.0,0.4177548903227094,0.8082723059749821,0.1563973042872502,0.16172769402501788,0.3,0.0,False,False,False,False,910752c6-1f4e-46d0-9ba9-764a62adae15
3,normal,200,29,discrete,resource_efficient,0,eMBB,30.56,84040.0,38200.0,311015.4,504107.0,60.0,40.0,33.0,31.660000000000004,31.665,40.0,28.335,2,BCQI(cost=2.0),[104],0.0,0.28429868581553897,0.5287940612095686,0.4112059387904314,0.44120593879043135,0.25,0.0,False,True,False,False,910752c6-1f4e-46d0-9ba9-764a62adae15
3,normal,200,29,discrete,resource_efficient,1,URLLC,1.248,1950.0,1560.0,400.8,1656.0,20.0,80.0,5.0,40.0,31.665,40.0,28.335,2,BCQI(cost=2.0),[104],0.0,0.28429868581553897,0.5287940612095686,0.4112059387904314,0.44120593879043135,0.25,0.0,False,False,False,False,910752c6-1f4e-46d0-9ba9-764a62adae15
3,normal,200,29,discrete,resource_efficient,2,MTC,1.8431999999999997,2560.0,2304.0,719.9,2606.0,50.0,50.0,10.0,28.339999999999996,31.665,40.0,28.335,2,BCQI(cost=2.0),[104],0.0,0.28429868581553897,0.5287940612095686,0.4112059387904314,0.44120593879043135,0.25,0.0,False,False,False,False,910752c6-1f4e-46d0-9ba9-764a62adae15
3,normal,200,30,discrete,resource_efficient,0,eMBB,33.004799999999996,91680.0,41256.0,319470.0,528253.0,60.0,40.0,36.0,56.65999999999999,56.665,30.000000000000004,13.334999999999999,0,RR(cost=1.0),[186],0.0,0.4360810702855437,0.7914263165760138,0.15689779102988444,0.1785736834239862,0.25,0.0,False,True,False,False,910752c6-1f4e-46d0-9ba9-764a62adae15
3,normal,200,30,discrete,resource_efficient,1,URLLC,1.248,1950.0,1560.0,400.8,1656.0,20.0,80.0,5.0,30.0,56.665,30.000000000000004,13.334999999999999,0,RR(cost=1.0),[186],0.0,0.4360810702855437,0.7914263165760138,0.15689779102988444,0.1785736834239862,0.25,0.0,False,False,False,False,910752c6-1f4e-46d0-9ba9-764a62adae15
3,normal,200,30,discrete,resource_efficient,2,MTC,4.9152,3840.0,6144.0,760.9,2606.0,63.33200000000001,36.66799999999999,19.0,13.330000000000002,56.665,30.000000000000004,13.334999999999999,0,RR(cost=1.0),[186],0.0,0.4360810702855437,0.7914263165760138,0.15689779102988444,0.1785736834239862,0.25,0.0,False,False,False,False,910752c6-1f4e-46d0-9ba9-764a62adae15
3,normal,200,31,discrete,resource_efficient,0,eMBB,30.56,91680.0,38200.0,329525.0,528253.0,63.334,36.666,38.0,31.660000000000004,31.665,40.0,28.335,2,BCQI(cost=2.0),[104],0.0,0.2555692262198846,0.5289220810158228,0.41107791898417717,0.44107791898417714,0.25,0.0,False,True,False,False,910752c6-1f4e-46d0-9ba9-764a62adae15
3,normal,200,31,discrete,resource_efficient,1,URLLC,1.248,1950.0,1560.0,400.8,1656.0,20.0,80.0,5.0,40.0,31.665,40.0,28.335,2,BCQI(cost=2.0),[104],0.0,0.2555692262198846,0.5289220810158228,0.41107791898417717,0.44107791898417714,0.25,0.0,False,False,False,False,910752c6-1f4e-46d0-9ba9-764a62adae15
3,normal,200,31,discrete,resource_efficient,2,MTC,1.3312,2560.0,1664.0,807.6,2606.0,55.0,45.0,11.0,28.339999999999996,31.665,40.0,28.335,2,BCQI(cost=2.0),[104],0.0,0.2555692262198846,0.5289220810158228,0.41107791898417717,0.44107791898417714,0.25,0.0,False,False,False,False,910752c6-1f4e-46d0-9ba9-764a62adae15
3,normal,200,32,discrete,resource_efficient,0,eMBB,35.449600000000004,84040.0,44312.0,333044.6,543642.0,60.0,40.0,33.0,56.65999999999999,56.665,30.000000000000004,13.334999999999999,0,RR(cost=1.0),[186],0.0,0.46637149131151967,0.7903274306124839,0.15079981393946007,0.179672569387516,0.25,0.0,False,True,False,False,910752c6-1f4e-46d0-9ba9-764a62adae15
3,normal,200,32,discrete,resource_efficient,1,URLLC,0.9984,1950.0,1248.0,400.8,1656.0,36.0,64.0,9.0,30.0,56.665,30.000000000000004,13.334999999999999,0,RR(cost=1.0),[186],0.0,0.46637149131151967,0.7903274306124839,0.15079981393946007,0.179672569387516,0.25,0.0,False,False,False,False,910752c6-1f4e-46d0-9ba9-764a62adae15
3,normal,200,32,discrete,resource_efficient,2,MTC,5.734399999999999,3840.0,7168.0,794.4,2606.0,53.331999999999994,46.668000000000006,16.0,13.330000000000002,56.665,30.000000000000004,13.334999999999999,0,RR(cost=1.0),[186],0.0,0.46637149131151967,0.7903274306124839,0.15079981393946007,0.179672569387516,0.25,0.0,False,False,False,False,910752c6-1f4e-46d0-9ba9-764a62adae15
3,normal,200,33,discrete,resource_efficient,0,eMBB,35.4496,91680.0,44312.0,347349.2,582744.0,60.0,40.0,36.0,31.660000000000004,31.665,40.0,28.335,2,BCQI(cost=2.0),[104],0.0,0.2776839896930445,0.5199228065909299,0.42007719340907,0.45007719340907004,0.25,0.0,False,True,False,False,910752c6-1f4e-46d0-9ba9-764a62adae15
3,normal,200,33,discrete,resource_efficient,1,URLLC,1.248,1950.0,1560.0,400.8,1656.0,20.0,80.0,5.0,40.0,31.665,40.0,28.335,2,BCQI(cost=2.0),[104],0.0,0.2776839896930445,0.5199228065909299,0.42007719340907,0.45007719340907004,0.25,0.0,False,False,False,False,910752c6-1f4e-46d0-9ba9-764a62adae15
3,normal,200,33,discrete,resource_efficient,2,MTC,1.3312000000000002,2560.0,1664.0,703.2,2606.0,40.0,60.0,8.0,28.339999999999996,31.665,40.0,28.335,2,BCQI(cost=2.0),[104],0.0,0.2776839896930445,0.5199228065909299,0.42007719340907,0.45007719340907004,0.25,0.0,False,False,False,False,910752c6-1f4e-46d0-9ba9-764a62adae15
3,normal,200,34,discrete,resource_efficient,0,eMBB,35.4496,91680.0,44312.0,356907.8,583111.0,60.0,40.0,36.0,56.65999999999999,56.665,30.000000000000004,13.334999999999999,0,RR(cost=1.0),[186],0.0,0.423902992319659,0.792535295836859,0.15790344803307124,0.177464704163141,0.25,0.0,False,True,False,False,910752c6-1f4e-46d0-9ba9-764a62adae15
3,normal,200,34,discrete,resource_efficient,1,URLLC,1.4976,1950.0,1872.0,400.8,1656.0,20.0,80.0,5.0,30.0,56.665,30.000000000000004,13.334999999999999,0,RR(cost=1.0),[186],0.0,0.423902992319659,0.792535295836859,0.15790344803307124,0.177464704163141,0.25,0.0,False,False,False,False,910752c6-1f4e-46d0-9ba9-764a62adae15
3,normal,200,34,discrete,resource_efficient,2,MTC,1.4335999999999998,3840.0,1792.0,1089.9,6960.0,53.333000000000006,46.666999999999994,16.0,13.330000000000002,56.665,30.000000000000004,13.334999999999999,0,RR(cost=1.0),[186],0.0,0.423902992319659,0.792535295836859,0.15790344803307124,0.177464704163141,0.25,0.0,False,False,False,False,910752c6-1f4e-46d0-9ba9-764a62adae15
3,normal,200,35,discrete,resource_efficient,0,eMBB,29.3376,84040.0,36672.0,367503.2,609726.0,60.0,40.0,33.0,31.660000000000004,31.665,40.0,28.335,2,BCQI(cost=2.0),[104],0.0,0.264737525434119,0.530651164087542,0.40934883591245796,0.439348835912458,0.25,0.0,False,True,False,False,910752c6-1f4e-46d0-9ba9-764a62adae15
3,normal,200,35,discrete,resource_efficient,1,URLLC,1.248,1950.0,1560.0,400.8,1656.0,20.0,80.0,5.0,40.0,31.665,40.0,28.335,2,BCQI(cost=2.0),[104],0.0,0.264737525434119,0.530651164087542,0.40934883591245796,0.439348835912458,0.25,0.0,False,False,False,False,910752c6-1f4e-46d0-9ba9-764a62adae15
3,normal,200,35,discrete,resource_efficient,2,MTC,1.3312,2560.0,1664.0,1067.4,6960.0,55.0,45.0,11.0,28.339999999999996,31.665,40.0,28.335,2,BCQI(cost=2.0),[104],0.0,0.264737525434119,0.530651164087542,0.40934883591245796,0.439348835912458,0.25,0.0,False,False,False,False,910752c6-1f4e-46d0-9ba9-764a62adae15
3,normal,200,36,discrete,resource_efficient,0,eMBB,36.672,91680.0,45840.0,372433.8,625021.0,60.0,40.0,36.0,56.65999999999999,56.665,20.0,23.335,0,RR(cost=1.0),[180],0.0,0.40943498281466395,0.7973013123962376,0.14269868760376242,0.17269868760376242,0.25,0.0,False,True,False,False,910752c6-1f4e-46d0-9ba9-764a62adae15
3,normal,200,36,discrete,resource_efficient,1,URLLC,1.248,1950.0,1560.0,400.8,1656.0,20.0,80.0,5.0,20.0,56.665,20.0,23.335,0,RR(cost=1.0),[180],0.0,0.40943498281466395,0.7973013123962376,0.14269868760376242,0.17269868760376242,0.25,0.0,False,False,False,False,910752c6-1f4e-46d0-9ba9-764a62adae15
3,normal,200,36,discrete,resource_efficient,2,MTC,1.024,3840.0,1280.0,1067.4,6960.0,66.665,33.334999999999994,20.0,23.34,56.665,20.0,23.335,0,RR(cost=1.0),[180],0.0,0.40943498281466395,0.7973013123962376,0.14269868760376242,0.17269868760376242,0.25,0.0,False,False,False,False,910752c6-1f4e-46d0-9ba9-764a62adae15
3,normal,200,37,discrete,resource_efficient,0,eMBB,30.560000000000002,91680.0,38200.0,376407.4,625021.0,61.668000000000006,38.331999999999994,37.0,31.660000000000004,31.665,25.0,43.335,0,RR(cost=1.0),[93],0.0,0.26881534786346134,0.5225527191647652,0.41744728083523486,0.4474472808352348,0.25,0.0,False,True,False,False,910752c6-1f4e-46d0-9ba9-764a62adae15
3,normal,200,37,discrete,resource_efficient,1,URLLC,1.248,1950.0,1560.0,400.8,1656.0,20.0,80.0,5.0,25.0,31.665,25.0,43.335,0,RR(cost=1.0),[93],0.0,0.26881534786346134,0.5225527191647652,0.41744728083523486,0.4474472808352348,0.25,0.0,False,False,False,False,910752c6-1f4e-46d0-9ba9-764a62adae15
3,normal,200,37,discrete,resource_efficient,2,MTC,2.2528,2560.0,2816.0,1047.8,6960.0,40.0,60.0,8.0,43.34000000000001,31.665,25.0,43.335,0,RR(cost=1.0),[93],0.0,0.26881534786346134,0.5225527191647652,0.41744728083523486,0.4474472808352348,0.25,0.0,False,False,False,False,910752c6-1f4e-46d0-9ba9-764a62adae15
3,normal,200,38,discrete,resource_efficient,0,eMBB,35.4496,84040.0,44312.0,395653.4,668353.0,60.0,40.0,33.0,56.65999999999999,56.665,20.0,23.335,0,RR(cost=1.0),[180],0.0,0.4346523608789888,0.7891210556054865,0.15087894439451344,0.1808789443945135,0.25,0.0,False,True,False,False,910752c6-1f4e-46d0-9ba9-764a62adae15
3,normal,200,38,discrete,resource_efficient,1,URLLC,1.248,1950.0,1560.0,400.8,1656.0,20.0,80.0,5.0,20.0,56.665,20.0,23.335,0,RR(cost=1.0),[180],0.0,0.4346523608789888,0.7891210556054865,0.15087894439451344,0.1808789443945135,0.25,0.0,False,False,False,False,910752c6-1f4e-46d0-9ba9-764a62adae15
3,normal,200,38,discrete,resource_efficient,2,MTC,1.4336000000000002,3840.0,1792.0,1037.4,8349.0,53.331999999999994,46.668000000000006,16.0,23.34,56.665,20.0,23.335,0,RR(cost=1.0),[180],0.0,0.4346523608789888,0.7891210556054865,0.15087894439451344,0.1808789443945135,0.25,0.0,False,False,False,False,910752c6-1f4e-46d0-9ba9-764a62adae15
3,normal,200,39,discrete,resource_efficient,0,eMBB,29.337600000000002,91680.0,36672.0,403267.2,684376.0,61.666,38.334,37.0,31.660000000000004,31.665,25.0,43.335,0,RR(cost=1.0),[93],0.0,0.253128481180054,0.5242753258662954,0.4157246741337046,0.44572467413370453,0.25,0.0,False,True,False,False,910752c6-1f4e-46d0-9ba9-764a62adae15
3,normal,200,39,discrete,resource_efficient,1,URLLC,0.9984,1950.0,1248.0,400.8,1656.0,36.0,64.0,9.0,25.0,31.665,25.0,43.335,0,RR(cost=1.0),[93],0.0,0.253128481180054,0.5242753258662954,0.4157246741337046,0.44572467413370453,0.25,0.0,False,False,False,False,910752c6-1f4e-46d0-9ba9-764a62adae15
3,normal,200,39,discrete,resource_efficient,2,MTC,2.6624000000000003,2560.0,3328.0,1050.6,8349.0,35.0,65.0,7.0,43.34000000000001,31.665,25.0,43.335,0,RR(cost=1.0),[93],0.0,0.253128481180054,0.5242753258662954,0.4157246741337046,0.44572467413370453,0.25,0.0,False,False,False,False,910752c6-1f4e-46d0-9ba9-764a62adae15
3,normal,200,40,discrete,resource_efficient,0,eMBB,36.672,91680.0,45840.0,405278.0,702776.0,60.0,40.0,36.0,56.65999999999999,56.665,20.0,23.335,0,RR(cost=1.0),[180],0.0,0.42178273864837584,0.7809555592800507,0.15904444071994933,0.18904444071994933,0.25,0.0,False,True,False,False,910752c6-1f4e-46d0-9ba9-764a62adae15
3,normal,200,40,discrete,resource_efficient,1,URLLC,1.248,1950.0,1560.0,400.8,1656.0,20.0,80.0,5.0,20.0,56.665,20.0,23.335,0,RR(cost=1.0),[180],0.0,0.42178273864837584,0.7809555592800507,0.15904444071994933,0.18904444071994933,0.25,0.0,False,False,False,False,910752c6-1f4e-46d0-9ba9-764a62adae15
3,normal,200,40,discrete,resource_efficient,2,MTC,1.7408,3840.0,2176.0,1037.4,8349.0,43.333,56.667,13.0,23.34,56.665,20.0,23.335,0,RR(cost=1.0),[180],0.0,0.42178273864837584,0.7809555592800507,0.15904444071994933,0.18904444071994933,0.25,0.0,False,False,False,False,910752c6-1f4e-46d0-9ba9-764a62adae15
3,normal,200,41,discrete,resource_efficient,0,eMBB,33.004799999999996,84040.0,41256.0,414431.0,714149.0,60.0,40.0,33.0,31.660000000000004,31.665,25.0,43.335,0,RR(cost=1.0),[93],0.0,0.2942358952917966,0.5267134910193416,0.41328650898065833,0.44328650898065836,0.25,0.0,False,True,False,False,910752c6-1f4e-46d0-9ba9-764a62adae15
3,normal,200,41,discrete,resource_efficient,1,URLLC,1.4976,1950.0,1872.0,400.8,1656.0,20.0,80.0,5.0,25.0,31.665,25.0,43.335,0,RR(cost=1.0),[93],0.0,0.2942358952917966,0.5267134910193416,0.41328650898065833,0.44328650898065836,0.25,0.0,False,False,False,False,910752c6-1f4e-46d0-9ba9-764a62adae15
3,normal,200,41,discrete,resource_efficient,2,MTC,1.3312,2560.0,1664.0,1047.8,8349.0,55.0,45.0,11.0,43.34000000000001,31.665,25.0,43.335,0,RR(cost=1.0),[93],0.0,0.2942358952917966,0.5267134910193416,0.41328650898065833,0.44328650898065836,0.25,0.0,False,False,False,False,910752c6-1f4e-46d0-9ba9-764a62adae15
3,normal,200,42,discrete,resource_efficient,0,eMBB,39.1168,91680.0,48896.0,423605.0,725237.0,60.0,40.0,36.0,56.65999999999999,56.665,20.0,23.335,0,RR(cost=1.0),[180],0.0,0.4384639939299175,0.7897694840496469,0.1502305159503531,0.18023051595035314,0.25,0.0,False,True,False,False,910752c6-1f4e-46d0-9ba9-764a62adae15
3,normal,200,42,discrete,resource_efficient,1,URLLC,1.248,1950.0,1560.0,400.8,1656.0,20.0,80.0,5.0,20.0,56.665,20.0,23.335,0,RR(cost=1.0),[180],0.0,0.4384639939299175,0.7897694840496469,0.1502305159503531,0.18023051595035314,0.25,0.0,False,False,False,False,910752c6-1f4e-46d0-9ba9-764a62adae15
3,normal,200,42,discrete,resource_efficient,2,MTC,1.4336000000000002,3840.0,1792.0,958.2,8349.0,63.33200000000001,36.66799999999999,19.0,23.34,56.665,20.0,23.335,0,RR(cost=1.0),[180],0.0,0.4384639939299175,0.7897694840496469,0.1502305159503531,0.18023051595035314,0.25,0.0,False,False,False,False,910752c6-1f4e-46d0-9ba9-764a62adae15
3,normal,200,43,discrete,resource_efficient,0,eMBB,30.560000000000002,91680.0,38200.0,436200.0,745802.0,61.666,38.334,37.0,31.660000000000004,31.665,25.0,43.335,0,RR(cost=1.0),[93],0.0,0.25114049411755823,0.5263532383200085,0.4136467616799915,0.4436467616799915,0.25,0.0,False,True,False,False,910752c6-1f4e-46d0-9ba9-764a62adae15
3,normal,200,43,discrete,resource_efficient,1,URLLC,1.248,1950.0,1560.0,400.8,1656.0,20.0,80.0,5.0,25.0,31.665,25.0,43.335,0,RR(cost=1.0),[93],0.0,0.25114049411755823,0.5263532383200085,0.4136467616799915,0.4436467616799915,0.25,0.0,False,False,False,False,910752c6-1f4e-46d0-9ba9-764a62adae15
3,normal,200,43,discrete,resource_efficient,2,MTC,1.2288,2560.0,1536.0,1116.6,8349.0,60.0,40.0,12.0,43.34000000000001,31.665,25.0,43.335,0,RR(cost=1.0),[93],0.0,0.25114049411755823,0.5263532383200085,0.4136467616799915,0.4436467616799915,0.25,0.0,False,False,False,False,910752c6-1f4e-46d0-9ba9-764a62adae15
3,normal,200,44,discrete,resource_efficient,0,eMBB,28.1152,84040.0,35144.0,439281.4,746001.0,60.0,40.0,33.0,56.65999999999999,56.665,20.0,23.335,0,RR(cost=1.0),[180],0.0,0.3565145767373306,0.7914459688042973,0.14855403119570265,0.1785540311957027,0.25,0.0,False,True,False,False,910752c6-1f4e-46d0-9ba9-764a62adae15
3,normal,200,44,discrete,resource_efficient,1,URLLC,1.248,1950.0,1560.0,400.8,1656.0,20.0,80.0,5.0,20.0,56.665,20.0,23.335,0,RR(cost=1.0),[180],0.0,0.3565145767373306,0.7914459688042973,0.14855403119570265,0.1785540311957027,0.25,0.0,False,False,False,False,910752c6-1f4e-46d0-9ba9-764a62adae15
3,normal,200,44,discrete,resource_efficient,2,MTC,1.024,3840.0,1280.0,972.3,8349.0,66.665,33.334999999999994,20.0,23.34,56.665,20.0,23.335,0,RR(cost=1.0),[180],0.0,0.3565145767373306,0.7914459688042973,0.14855403119570265,0.1785540311957027,0.25,0.0,False,False,False,False,910752c6-1f4e-46d0-9ba9-764a62adae15
3,normal,200,45,discrete,resource_efficient,0,eMBB,24.448,91680.0,30560.0,449996.6,757143.0,66.66600000000001,33.33399999999999,40.0,31.660000000000004,31.665,25.0,43.335,0,RR(cost=1.0),[93],0.0,0.2251687788184041,0.5237007006522454,0.41629929934775467,0.4462992993477546,0.25,0.0,False,True,False,False,910752c6-1f4e-46d0-9ba9-764a62adae15
3,normal,200,45,discrete,resource_efficient,1,URLLC,1.248,1950.0,1560.0,400.8,1656.0,20.0,80.0,5.0,25.0,31.665,25.0,43.335,0,RR(cost=1.0),[93],0.0,0.2251687788184041,0.5237007006522454,0.41629929934775467,0.4462992993477546,0.25,0.0,False,False,False,False,910752c6-1f4e-46d0-9ba9-764a62adae15
3,normal,200,45,discrete,resource_efficient,2,MTC,1.6383999999999999,2560.0,2048.0,1191.6,9905.0,50.0,50.0,10.0,43.34000000000001,31.665,25.0,43.335,0,RR(cost=1.0),[93],0.0,0.2251687788184041,0.5237007006522454,0.41629929934775467,0.4462992993477546,0.25,0.0,False,False,False,False,910752c6-1f4e-46d0-9ba9-764a62adae15
3,normal,200,46,discrete,resource_efficient,0,eMBB,29.337600000000002,91680.0,36672.0,463195.0,799090.0,61.66600000000001,38.33399999999999,37.0,41.66,41.665,45.00000000000001,13.335000000000003,1,PF(cost=2.0),[151],0.0,0.269999784085661,0.6432279877347837,0.3063172243185137,0.32677201226521635,0.3,0.0,False,True,False,False,910752c6-1f4e-46d0-9ba9-764a62adae15
3,normal,200,46,discrete,resource_efficient,1,URLLC,0.9984,1950.0,1248.0,400.8,1656.0,36.0,64.0,9.0,45.0,41.665,45.00000000000001,13.335000000000003,1,PF(cost=2.0),[151],0.0,0.269999784085661,0.6432279877347837,0.3063172243185137,0.32677201226521635,0.3,0.0,False,False,False,False,910752c6-1f4e-46d0-9ba9-764a62adae15
3,normal,200,46,discrete,resource_efficient,2,MTC,1.024,3840.0,1280.0,1203.4,9905.0,66.665,33.334999999999994,20.0,13.34,41.665,45.00000000000001,13.335000000000003,1,PF(cost=2.0),[151],0.0,0.269999784085661,0.6432279877347837,0.3063172243185137,0.32677201226521635,0.3,0.0,False,False,False,False,910752c6-1f4e-46d0-9ba9-764a62adae15
3,normal,200,47,discrete,resource_efficient,0,eMBB,31.782400000000003,84040.0,39728.0,478577.2,815900.0,60.0,40.0,33.0,36.67,36.665000000000006,45.0,18.335,2,BCQI(cost=2.0),[131],0.0,0.2907952320614779,0.5743042775084574,0.3656957224915427,0.3956957224915426,0.04999999999999992,0.0,False,True,False,False,910752c6-1f4e-46d0-9ba9-764a62adae15
3,normal,200,47,discrete,resource_efficient,1,URLLC,1.248,1950.0,1560.0,400.8,1656.0,20.0,80.0,5.0,45.0,36.665000000000006,45.0,18.335,2,BCQI(cost=2.0),[131],0.0,0.2907952320614779,0.5743042775084574,0.3656957224915427,0.3956957224915426,0.04999999999999992,0.0,False,False,False,False,910752c6-1f4e-46d0-9ba9-764a62adae15
3,normal,200,47,discrete,resource_efficient,2,MTC,0.9216,2560.0,1152.0,1229.8,9905.0,55.0,45.0,11.0,18.34,36.665000000000006,45.0,18.335,2,BCQI(cost=2.0),[131],0.0,0.2907952320614779,0.5743042775084574,0.3656957224915427,0.3956957224915426,0.04999999999999992,0.0,False,False,False,False,910752c6-1f4e-46d0-9ba9-764a62adae15
3,normal,200,48,discrete,resource_efficient,0,eMBB,28.1152,91680.0,35144.0,486067.4,833303.0,61.66600000000001,38.33399999999999,37.0,36.67,36.665000000000006,45.0,18.335,2,BCQI(cost=2.0),[131],0.0,0.2656383719752026,0.5795138197570159,0.3604861802429842,0.3904861802429841,0.0,0.0,False,True,False,False,910752c6-1f4e-46d0-9ba9-764a62adae15
3,normal,200,48,discrete,resource_efficient,1,URLLC,1.4976,1950.0,1872.0,400.8,1656.0,20.0,80.0,5.0,45.0,36.665000000000006,45.0,18.335,2,BCQI(cost=2.0),[131],0.0,0.2656383719752026,0.5795138197570159,0.3604861802429842,0.3904861802429841,0.0,0.0,False,False,False,False,910752c6-1f4e-46d0-9ba9-764a62adae15
3,normal,200,48,discrete,resource_efficient,2,MTC,1.5359999999999998,3840.0,1920.0,1320.8,9905.0,50.0,50.0,15.0,18.34,36.665000000000006,45.0,18.335,2,BCQI(cost=2.0),[131],0.0,0.2656383719752026,0.5795138197570159,0.3604861802429842,0.3904861802429841,0.0,0.0,False,False,False,False,910752c6-1f4e-46d0-9ba9-764a62adae15
3,normal,200,49,discrete,resource_efficient,0,eMBB,30.56,91680.0,38200.0,492531.2,833303.0,60.0,40.0,36.0,36.67,36.665000000000006,45.0,18.335,2,BCQI(cost=2.0),[131],0.0,0.29037066047705473,0.5673007161038306,0.3726992838961695,0.4026992838961694,0.0,0.0,False,True,False,False,910752c6-1f4e-46d0-9ba9-764a62adae15
3,normal,200,49,discrete,resource_efficient,1,URLLC,1.248,1950.0,1560.0,400.8,1656.0,20.0,80.0,5.0,45.0,36.665000000000006,45.0,18.335,2,BCQI(cost=2.0),[131],0.0,0.29037066047705473,0.5673007161038306,0.3726992838961695,0.4026992838961694,0.0,0.0,False,False,False,False,910752c6-1f4e-46d0-9ba9-764a62adae15
3,normal,200,49,discrete,resource_efficient,2,MTC,2.4576,2560.0,3072.0,1255.8,9905.0,40.0,60.0,8.0,18.34,36.665000000000006,45.0,18.335,2,BCQI(cost=2.0),[131],0.0,0.29037066047705473,0.5673007161038306,0.3726992838961695,0.4026992838961694,0.0,0.0,False,False,False,False,910752c6-1f4e-46d0-9ba9-764a62adae15
3,normal,200,50,discrete,resource_efficient,0,eMBB,26.8928,84040.0,33616.0,506605.4,866159.0,61.818000000000005,38.181999999999995,34.0,36.67,36.665000000000006,45.0,18.335,2,BCQI(cost=2.0),[131],0.0,0.27361011649226363,0.5836548343682627,0.35634516563173735,0.38634516563173726,0.0,0.0,False,True,False,False,910752c6-1f4e-46d0-9ba9-764a62adae15
3,normal,200,50,discrete,resource_efficient,1,URLLC,1.248,1950.0,1560.0,400.8,1656.0,20.0,80.0,5.0,45.0,36.665000000000006,45.0,18.335,2,BCQI(cost=2.0),[131],0.0,0.27361011649226363,0.5836548343682627,0.35634516563173735,0.38634516563173726,0.0,0.0,False,False,False,False,910752c6-1f4e-46d0-9ba9-764a62adae15
3,normal,200,50,discrete,resource_efficient,2,MTC,1.9456000000000002,3840.0,2432.0,1193.2,9905.0,63.33200000000001,36.66799999999999,19.0,18.34,36.665000000000006,45.0,18.335,2,BCQI(cost=2.0),[131],0.0,0.27361011649226363,0.5836548343682627,0.35634516563173735,0.38634516563173726,0.0,0.0,False,False,False,False,910752c6-1f4e-46d0-9ba9-764a62adae15
3,normal,200,51,discrete,resource_efficient,0,eMBB,28.1152,91680.0,35144.0,514699.0,880748.0,61.66600000000001,38.33399999999999,37.0,36.67,36.665000000000006,45.0,18.335,2,BCQI(cost=2.0),[131],0.0,0.26626420359345215,0.5692464764085878,0.37075352359141217,0.40075352359141214,0.0,0.0,False,True,False,False,910752c6-1f4e-46d0-9ba9-764a62adae15
3,normal,200,51,discrete,resource_efficient,1,URLLC,1.248,1950.0,1560.0,400.8,1656.0,20.0,80.0,5.0,45.0,36.665000000000006,45.0,18.335,2,BCQI(cost=2.0),[131],0.0,0.26626420359345215,0.5692464764085878,0.37075352359141217,0.40075352359141214,0.0,0.0,False,False,False,False,910752c6-1f4e-46d0-9ba9-764a62adae15
3,normal,200,51,discrete,resource_efficient,2,MTC,1.6383999999999999,2560.0,2048.0,1193.2,9905.0,50.0,50.0,10.0,18.34,36.665000000000006,45.0,18.335,2,BCQI(cost=2.0),[131],0.0,0.26626420359345215,0.5692464764085878,0.37075352359141217,0.40075352359141214,0.0,0.0,False,False,False,False,910752c6-1f4e-46d0-9ba9-764a62adae15
3,normal,200,52,discrete,resource_efficient,0,eMBB,24.448,91680.0,30560.0,524275.2,891590.0,66.66600000000001,33.33399999999999,40.0,36.67,36.665000000000006,45.0,18.335,2,BCQI(cost=2.0),[131],0.0,0.2216340314985396,0.5888506582597148,0.3511493417402853,0.38114934174028525,0.0,0.0,False,True,False,False,910752c6-1f4e-46d0-9ba9-764a62adae15
3,normal,200,52,discrete,resource_efficient,1,URLLC,1.248,1950.0,1560.0,400.8,1656.0,20.0,80.0,5.0,45.0,36.665000000000006,45.0,18.335,2,BCQI(cost=2.0),[131],0.0,0.2216340314985396,0.5888506582597148,0.3511493417402853,0.38114934174028525,0.0,0.0,False,False,False,False,910752c6-1f4e-46d0-9ba9-764a62adae15
3,normal,200,52,discrete,resource_efficient,2,MTC,0.8192,3840.0,1024.0,1575.7,11583.0,73.33200000000001,26.667999999999992,22.0,18.34,36.665000000000006,45.0,18.335,2,BCQI(cost=2.0),[131],0.0,0.2216340314985396,0.5888506582597148,0.3511493417402853,0.38114934174028525,0.0,0.0,False,False,False,False,910752c6-1f4e-46d0-9ba9-764a62adae15
3,normal,200,53,discrete,resource_efficient,0,eMBB,30.56,84040.0,38200.0,528537.4,903284.0,60.0,40.0,33.0,66.67,66.665,20.000000000000004,13.335000000000003,2,BCQI(cost=2.0),[197],0.0,0.44364724453286897,0.8921069981835135,0.04789300181648655,0.07789300181648653,0.29999999999999993,0.0,False,True,False,False,910752c6-1f4e-46d0-9ba9-764a62adae15
3,normal,200,53,discrete,resource_efficient,1,URLLC,0.9984,1950.0,1248.0,3164.4,15474.0,36.0,64.0,9.0,20.0,66.665,20.000000000000004,13.335000000000003,2,BCQI(cost=2.0),[197],0.0,0.44364724453286897,0.8921069981835135,0.04789300181648655,0.07789300181648653,0.29999999999999993,0.0,False,False,False,False,910752c6-1f4e-46d0-9ba9-764a62adae15
3,normal,200,53,discrete,resource_efficient,2,MTC,1.3312000000000002,2560.0,1664.0,1450.9,11583.0,50.0,50.0,10.0,13.34,66.665,20.000000000000004,13.335000000000003,2,BCQI(cost=2.0),[197],0.0,0.44364724453286897,0.8921069981835135,0.04789300181648655,0.07789300181648653,0.29999999999999993,0.0,False,False,False,False,910752c6-1f4e-46d0-9ba9-764a62adae15
3,normal,200,54,discrete,resource_efficient,0,eMBB,29.3376,91680.0,36672.0,538412.4,904116.0,60.0,40.0,36.0,21.66,21.665,55.00000000000001,23.335,2,BCQI(cost=2.0),[56],0.0,0.20458924410172738,0.4470346992916737,0.49296530070832634,0.5229653007083263,0.45,0.0,False,True,False,False,910752c6-1f4e-46d0-9ba9-764a62adae15
3,normal,200,54,discrete,resource_efficient,1,URLLC,1.248,1950.0,1560.0,3239.2,15848.0,20.0,80.0,5.0,55.0,21.665,55.00000000000001,23.335,2,BCQI(cost=2.0),[56],0.0,0.20458924410172738,0.4470346992916737,0.49296530070832634,0.5229653007083263,0.45,0.0,False,False,False,False,910752c6-1f4e-46d0-9ba9-764a62adae15
3,normal,200,54,discrete,resource_efficient,2,MTC,1.4335999999999998,3840.0,1792.0,1624.9,11583.0,53.33299999999999,46.66700000000001,16.0,23.34,21.665,55.00000000000001,23.335,2,BCQI(cost=2.0),[56],0.0,0.20458924410172738,0.4470346992916737,0.49296530070832634,0.5229653007083263,0.45,0.0,False,False,False,False,910752c6-1f4e-46d0-9ba9-764a62adae15
3,normal,200,55,discrete,resource_efficient,0,eMBB,30.56,91680.0,38200.0,550072.0,934550.0,60.0,40.0,36.0,31.660000000000004,31.665,40.0,28.335,2,BCQI(cost=2.0),[104],0.0,0.2724476153281043,0.5372150986167111,0.4027849013832888,0.43278490138328884,0.15000000000000002,0.0,False,True,False,False,910752c6-1f4e-46d0-9ba9-764a62adae15
3,normal,200,55,discrete,resource_efficient,1,URLLC,1.4976,1950.0,1872.0,3137.4,15339.0,20.0,80.0,5.0,40.0,31.665,40.0,28.335,2,BCQI(cost=2.0),[104],0.0,0.2724476153281043,0.5372150986167111,0.4027849013832888,0.43278490138328884,0.15000000000000002,0.0,False,False,False,False,910752c6-1f4e-46d0-9ba9-764a62adae15
3,normal,200,55,discrete,resource_efficient,2,MTC,1.3312,2560.0,1664.0,1605.6,11286.0,55.0,45.0,11.0,28.339999999999996,31.665,40.0,28.335,2,BCQI(cost=2.0),[104],0.0,0.2724476153281043,0.5372150986167111,0.4027849013832888,0.43278490138328884,0.15000000000000002,0.0,False,False,False,False,910752c6-1f4e-46d0-9ba9-764a62adae15
3,normal,200,56,discrete,resource_efficient,0,eMBB,29.3376,84040.0,36672.0,555325.2,950887.0,60.0,40.0,33.0,21.66,21.665,55.00000000000001,23.335,2,BCQI(cost=2.0),[56],-0.4,0.21071328070188633,0.4512070503036778,0.48879294969632225,0.5187929496963222,0.15000000000000002,0.0,False,True,False,False,910752c6-1f4e-46d0-9ba9-764a62adae15
3,normal,200,56,discrete,resource_efficient,1,URLLC,1.248,1950.0,1560.0,3137.4,15339.0,20.0,80.0,5.0,55.0,21.665,55.00000000000001,23.335,2,BCQI(cost=2.0),[56],-0.4,0.21071328070188633,0.4512070503036778,0.48879294969632225,0.5187929496963222,0.15000000000000002,0.0,True,False,False,False,910752c6-1f4e-46d0-9ba9-764a62adae15
3,normal,200,56,discrete,resource_efficient,2,MTC,0.9216,3840.0,1152.0,1497.9,11286.0,69.999,30.001000000000005,21.0,23.34,21.665,55.00000000000001,23.335,2,BCQI(cost=2.0),[56],-0.4,0.21071328070188633,0.4512070503036778,0.48879294969632225,0.5187929496963222,0.15000000000000002,0.0,False,False,False,False,910752c6-1f4e-46d0-9ba9-764a62adae15
3,normal,200,57,discrete,resource_efficient,0,eMBB,26.8928,91680.0,33616.0,572325.2,970086.0,63.334,36.666,38.0,21.66,21.665,55.00000000000001,23.335,2,BCQI(cost=2.0),[56],-0.4,0.20027622274329007,0.43441072396241176,0.5055892760375883,0.5355892760375882,0.0,0.0,False,True,False,False,910752c6-1f4e-46d0-9ba9-764a62adae15
3,normal,200,57,discrete,resource_efficient,1,URLLC,1.248,1950.0,1560.0,3211.4,15709.0,20.0,80.0,5.0,55.0,21.665,55.00000000000001,23.335,2,BCQI(cost=2.0),[56],-0.4,0.20027622274329007,0.43441072396241176,0.5055892760375883,0.5355892760375882,0.0,0.0,True,False,False,False,910752c6-1f4e-46d0-9ba9-764a62adae15
3,normal,200,57,discrete,resource_efficient,2,MTC,1.6383999999999999,2560.0,2048.0,1460.5,11286.0,50.0,50.0,10.0,23.34,21.665,55.00000000000001,23.335,2,BCQI(cost=2.0),[56],-0.4,0.20027622274329007,0.43441072396241176,0.5055892760375883,0.5355892760375882,0.0,0.0,False,False,False,False,910752c6-1f4e-46d0-9ba9-764a62adae15
3,normal,200,58,discrete,resource_efficient,0,eMBB,29.337600000000002,91680.0,36672.0,574710.6,986583.0,61.666,38.334,37.0,21.66,21.665,55.00000000000001,23.335,2,BCQI(cost=2.0),[56],-0.4,0.19454020148597614,0.447927684647894,0.492072315352106,0.522072315352106,0.0,0.0,False,True,False,False,910752c6-1f4e-46d0-9ba9-764a62adae15
3,normal,200,58,discrete,resource_efficient,1,URLLC,1.248,1950.0,1560.0,2789.2,13598.0,20.0,80.0,5.0,55.0,21.665,55.00000000000001,23.335,2,BCQI(cost=2.0),[56],-0.4,0.19454020148597614,0.447927684647894,0.492072315352106,0.522072315352106,0.0,0.0,True,False,False,False,910752c6-1f4e-46d0-9ba9-764a62adae15
3,normal,200,58,discrete,resource_efficient,2,MTC,0.8192,3840.0,1024.0,1487.6,11286.0,73.33200000000001,26.667999999999992,22.0,23.34,21.665,55.00000000000001,23.335,2,BCQI(cost=2.0),[56],-0.4,0.19454020148597614,0.447927684647894,0.492072315352106,0.522072315352106,0.0,0.0,False,False,False,False,910752c6-1f4e-46d0-9ba9-764a62adae15
3,normal,200,59,discrete,resource_efficient,0,eMBB,23.2256,84040.0,29032.0,592887.4,1010658.0,65.454,34.54600000000001,36.0,31.660000000000004,31.665,40.0,28.335,2,BCQI(cost=2.0),[104],-0.4,0.24158414722993718,0.5268578884387292,0.4131421115612709,0.4431421115612708,0.15000000000000002,0.0,False,True,False,False,910752c6-1f4e-46d0-9ba9-764a62adae15
3,normal,200,59,discrete,resource_efficient,1,URLLC,1.248,1950.0,1560.0,2789.2,13598.0,20.0,80.0,5.0,40.0,31.665,40.0,28.335,2,BCQI(cost=2.0),[104],-0.4,0.24158414722993718,0.5268578884387292,0.4131421115612709,0.4431421115612708,0.15000000000000002,0.0,True,False,False,False,910752c6-1f4e-46d0-9ba9-764a62adae15
3,normal,200,59,discrete,resource_efficient,2,MTC,3.5839999999999996,2560.0,4480.0,1533.2,11286.0,40.0,60.0,8.0,28.339999999999996,31.665,40.0,28.335,2,BCQI(cost=2.0),[104],-0.4,0.24158414722993718,0.5268578884387292,0.4131421115612709,0.4431421115612708,0.15000000000000002,0.0,False,False,False,False,910752c6-1f4e-46d0-9ba9-764a62adae15
3,normal,200,60,discrete,resource_efficient,0,eMBB,29.3376,91680.0,36672.0,602810.2,1017952.0,60.0,40.0,36.0,21.66,21.665,55.00000000000001,23.335,2,BCQI(cost=2.0),[56],-0.4,0.21755090590675255,0.44334018158244515,0.4966598184175548,0.5266598184175547,0.15000000000000002,0.0,False,True,False,False,910752c6-1f4e-46d0-9ba9-764a62adae15
3,normal,200,60,discrete,resource_efficient,1,URLLC,0.9984,1950.0,1248.0,2883.8,14071.0,36.0,64.0,9.0,55.0,21.665,55.00000000000001,23.335,2,BCQI(cost=2.0),[56],-0.4,0.21755090590675255,0.44334018158244515,0.4966598184175548,0.5266598184175547,0.15000000000000002,0.0,True,False,False,False,910752c6-1f4e-46d0-9ba9-764a62adae15
3,normal,200,60,discrete,resource_efficient,2,MTC,3.5840000000000005,3840.0,4480.0,1475.7,11286.0,63.33200000000001,36.66799999999999,19.0,23.34,21.665,55.00000000000001,23.335,2,BCQI(cost=2.0),[56],-0.4,0.21755090590675255,0.44334018158244515,0.4966598184175548,0.5266598184175547,0.15000000000000002,0.0,False,False,False,False,910752c6-1f4e-46d0-9ba9-764a62adae15
3,normal,200,61,discrete,resource_efficient,0,eMBB,30.56,91680.0,38200.0,603738.2,1017952.0,60.0,40.0,36.0,21.66,21.665,55.00000000000001,23.335,2,BCQI(cost=2.0),[56],-0.4,0.20519506157023198,0.43113963208921746,0.5088603679107826,0.5388603679107825,0.0,0.0,False,True,False,False,910752c6-1f4e-46d0-9ba9-764a62adae15
3,normal,200,61,discrete,resource_efficient,1,URLLC,1.248,1950.0,1560.0,2883.8,14071.0,20.0,80.0,5.0,55.0,21.665,55.00000000000001,23.335,2,BCQI(cost=2.0),[56],-0.4,0.20519506157023198,0.43113963208921746,0.5088603679107826,0.5388603679107825,0.0,0.0,True,False,False,False,910752c6-1f4e-46d0-9ba9-764a62adae15
3,normal,200,61,discrete,resource_efficient,2,MTC,1.1264,2560.0,1408.0,1475.7,11286.0,50.0,50.0,10.0,23.34,21.665,55.00000000000001,23.335,2,BCQI(cost=2.0),[56],-0.4,0.20519506157023198,0.43113963208921746,0.5088603679107826,0.5388603679107825,0.0,0.0,False,False,False,False,910752c6-1f4e-46d0-9ba9-764a62adae15
3,normal,200,62,discrete,resource_efficient,0,eMBB,29.3376,84040.0,36672.0,612780.6,1036223.0,60.0,40.0,33.0,21.66,21.665,55.00000000000001,23.335,2,BCQI(cost=2.0),[56],-0.4,0.22009425108536876,0.4401129043448533,0.49988709565514666,0.5298870956551467,0.0,0.0,False,True,False,False,910752c6-1f4e-46d0-9ba9-764a62adae15
3,normal,200,62,discrete,resource_efficient,1,URLLC,1.4976,1950.0,1872.0,2883.8,14071.0,20.0,80.0,5.0,55.0,21.665,55.00000000000001,23.335,2,BCQI(cost=2.0),[56],-0.4,0.22009425108536876,0.4401129043448533,0.49988709565514666,0.5298870956551467,0.0,0.0,True,False,False,False,910752c6-1f4e-46d0-9ba9-764a62adae15
3,normal,200,62,discrete,resource_efficient,2,MTC,1.3312,3840.0,1664.0,1469.9,11286.0,56.66700000000001,43.33299999999999,17.0,23.34,21.665,55.00000000000001,23.335,2,BCQI(cost=2.0),[56],-0.4,0.22009425108536876,0.4401129043448533,0.49988709565514666,0.5298870956551467,0.0,0.0,False,False,False,False,910752c6-1f4e-46d0-9ba9-764a62adae15
3,normal,200,63,discrete,resource_efficient,0,eMBB,28.1152,91680.0,35144.0,630058.8,1071624.0,63.334,36.666,38.0,21.66,21.665,55.00000000000001,23.335,2,BCQI(cost=2.0),[56],-0.4,0.207902281479793,0.4259767691170788,0.5140232308829212,0.5440232308829211,0.0,0.0,False,True,False,False,910752c6-1f4e-46d0-9ba9-764a62adae15
3,normal,200,63,discrete,resource_efficient,1,URLLC,1.248,1950.0,1560.0,2883.8,14071.0,20.0,80.0,5.0,55.0,21.665,55.00000000000001,23.335,2,BCQI(cost=2.0),[56],-0.4,0.207902281479793,0.4259767691170788,0.5140232308829212,0.5440232308829211,0.0,0.0,True,False,False,False,910752c6-1f4e-46d0-9ba9-764a62adae15
3,normal,200,63,discrete,resource_efficient,2,MTC,2.1504,2560.0,2688.0,1489.6,11286.0,40.0,60.0,8.0,23.34,21.665,55.00000000000001,23.335,2,BCQI(cost=2.0),[56],-0.4,0.207902281479793,0.4259767691170788,0.5140232308829212,0.5440232308829211,0.0,0.0,False,False,False,False,910752c6-1f4e-46d0-9ba9-764a62adae15
3,normal,200,64,discrete,resource_efficient,0,eMBB,28.1152,91680.0,35144.0,637622.8,1071624.0,61.666,38.334,37.0,21.66,21.665,55.00000000000001,23.335,2,BCQI(cost=2.0),[56],-0.4,0.19387266482788426,0.43794556764620507,0.502054432353795,0.5320544323537949,0.0,0.0,False,True,False,False,910752c6-1f4e-46d0-9ba9-764a62adae15
3,normal,200,64,discrete,resource_efficient,1,URLLC,1.248,1950.0,1560.0,3109.6,15200.0,20.0,80.0,5.0,55.0,21.665,55.00000000000001,23.335,2,BCQI(cost=2.0),[56],-0.4,0.19387266482788426,0.43794556764620507,0.502054432353795,0.5320544323537949,0.0,0.0,True,False,False,False,910752c6-1f4e-46d0-9ba9-764a62adae15
3,normal,200,64,discrete,resource_efficient,2,MTC,1.4336000000000002,3840.0,1792.0,1461.4,11286.0,53.331999999999994,46.668000000000006,16.0,23.34,21.665,55.00000000000001,23.335,2,BCQI(cost=2.0),[56],-0.4,0.19387266482788426,0.43794556764620507,0.502054432353795,0.5320544323537949,0.0,0.0,False,False,False,False,910752c6-1f4e-46d0-9ba9-764a62adae15
3,normal,200,65,discrete,resource_efficient,0,eMBB,28.1152,84040.0,35144.0,641704.2,1090300.0,60.0,40.0,33.0,21.66,21.665,55.00000000000001,23.335,2,BCQI(cost=2.0),[56],-0.4,0.21468099260930723,0.42975083201704556,0.5102491679829545,0.5402491679829544,0.0,0.0,False,True,False,False,910752c6-1f4e-46d0-9ba9-764a62adae15
3,normal,200,65,discrete,resource_efficient,1,URLLC,1.248,1950.0,1560.0,3109.6,15200.0,20.0,80.0,5.0,55.0,21.665,55.00000000000001,23.335,2,BCQI(cost=2.0),[56],-0.4,0.21468099260930723,0.42975083201704556,0.5102491679829545,0.5402491679829544,0.0,0.0,True,False,False,False,910752c6-1f4e-46d0-9ba9-764a62adae15
3,normal,200,65,discrete,resource_efficient,2,MTC,1.6383999999999999,2560.0,2048.0,1441.8,11286.0,50.0,50.0,10.0,23.34,21.665,55.00000000000001,23.335,2,BCQI(cost=2.0),[56],-0.4,0.21468099260930723,0.42975083201704556,0.5102491679829545,0.5402491679829544,0.0,0.0,False,False,False,False,910752c6-1f4e-46d0-9ba9-764a62adae15
3,normal,200,66,discrete,resource_efficient,0,eMBB,25.6704,91680.0,32088.0,645530.4,1090300.0,65.0,35.0,39.0,21.66,21.665,55.00000000000001,23.335,2,BCQI(cost=2.0),[56],-0.4,0.17730910926845184,0.44356867751929263,0.4964313224807073,0.5264313224807073,0.0,0.0,False,True,False,False,910752c6-1f4e-46d0-9ba9-764a62adae15
3,normal,200,66,discrete,resource_efficient,1,URLLC,1.248,1950.0,1560.0,3109.6,15200.0,20.0,80.0,5.0,55.0,21.665,55.00000000000001,23.335,2,BCQI(cost=2.0),[56],-0.4,0.17730910926845184,0.44356867751929263,0.4964313224807073,0.5264313224807073,0.0,0.0,True,False,False,False,910752c6-1f4e-46d0-9ba9-764a62adae15
3,normal,200,66,discrete,resource_efficient,2,MTC,0.9216,3840.0,1152.0,1486.7,11770.0,69.999,30.001000000000005,21.0,23.34,21.665,55.00000000000001,23.335,2,BCQI(cost=2.0),[56],-0.4,0.17730910926845184,0.44356867751929263,0.4964313224807073,0.5264313224807073,0.0,0.0,False,False,False,False,910752c6-1f4e-46d0-9ba9-764a62adae15
3,normal,200,67,discrete,resource_efficient,0,eMBB,30.560000000000002,91680.0,38200.0,651065.4,1114907.0,60.0,40.0,36.0,21.66,21.665,55.00000000000001,23.335,2,BCQI(cost=2.0),[56],-0.4,0.1954073856038754,0.43213174698151124,0.5078682530184888,0.5378682530184887,0.0,0.0,False,True,False,False,910752c6-1f4e-46d0-9ba9-764a62adae15
3,normal,200,67,discrete,resource_efficient,1,URLLC,0.9984,1950.0,1248.0,3109.6,15200.0,36.0,64.0,9.0,55.0,21.665,55.00000000000001,23.335,2,BCQI(cost=2.0),[56],-0.4,0.1954073856038754,0.43213174698151124,0.5078682530184888,0.5378682530184887,0.0,0.0,True,False,False,False,910752c6-1f4e-46d0-9ba9-764a62adae15
3,normal,200,67,discrete,resource_efficient,2,MTC,1.024,2560.0,1280.0,1647.3,11356.0,50.0,50.0,10.0,23.34,21.665,55.00000000000001,23.335,2,BCQI(cost=2.0),[56],-0.4,0.1954073856038754,0.43213174698151124,0.5078682530184888,0.5378682530184887,0.0,0.0,False,False,False,False,910752c6-1f4e-46d0-9ba9-764a62adae15
3,normal,200,68,discrete,resource_efficient,0,eMBB,29.3376,84040.0,36672.0,686831.6,1172406.0,60.0,40.0,33.0,21.66,21.665,55.00000000000001,23.335,2,BCQI(cost=2.0),[56],-0.4,0.20977250052252513,0.4339561790993407,0.5060438209006594,0.5360438209006593,0.0,0.0,False,True,False,False,910752c6-1f4e-46d0-9ba9-764a62adae15
3,normal,200,68,discrete,resource_efficient,1,URLLC,1.248,1950.0,1560.0,3109.6,15200.0,20.0,80.0,5.0,55.0,21.665,55.00000000000001,23.335,2,BCQI(cost=2.0),[56],-0.4,0.20977250052252513,0.4339561790993407,0.5060438209006594,0.5360438209006593,0.0,0.0,True,False,False,False,910752c6-1f4e-46d0-9ba9-764a62adae15
3,normal,200,68,discrete,resource_efficient,2,MTC,1.4336,3840.0,1792.0,1553.2,10453.0,53.334,46.666,16.0,23.34,21.665,55.00000000000001,23.335,2,BCQI(cost=2.0),[56],-0.4,0.20977250052252513,0.4339561790993407,0.5060438209006594,0.5360438209006593,0.0,0.0,False,False,False,False,910752c6-1f4e-46d0-9ba9-764a62adae15
3,normal,200,69,discrete,resource_efficient,0,eMBB,26.8928,91680.0,33616.0,691033.4,1188277.0,63.331999999999994,36.668000000000006,38.0,21.66,21.665,55.00000000000001,23.335,2,BCQI(cost=2.0),[56],-0.4,0.19683060470027733,0.42780718774636517,0.5121928122536348,0.5421928122536347,0.0,0.0,False,True,False,False,910752c6-1f4e-46d0-9ba9-764a62adae15
3,normal,200,69,discrete,resource_efficient,1,URLLC,1.4976,1950.0,1872.0,3417.4,16739.0,20.0,80.0,5.0,55.0,21.665,55.00000000000001,23.335,2,BCQI(cost=2.0),[56],-0.4,0.19683060470027733,0.42780718774636517,0.5121928122536348,0.5421928122536347,0.0,0.0,True,False,False,False,910752c6-1f4e-46d0-9ba9-764a62adae15
3,normal,200,69,discrete,resource_efficient,2,MTC,1.2288,2560.0,1536.0,1347.0,8195.0,60.0,40.0,12.0,23.34,21.665,55.00000000000001,23.335,2,BCQI(cost=2.0),[56],-0.4,0.19683060470027733,0.42780718774636517,0.5121928122536348,0.5421928122536347,0.0,0.0,False,False,False,False,910752c6-1f4e-46d0-9ba9-764a62adae15
3,normal,200,70,discrete,resource_efficient,0,eMBB,34.227199999999996,91680.0,42784.0,695636.6,1188277.0,60.0,40.0,36.0,21.66,21.665,55.00000000000001,23.335,2,BCQI(cost=2.0),[56],-0.4,0.22747872417437118,0.4323479523720537,0.5076520476279462,0.5376520476279463,0.0,0.0,False,True,False,False,910752c6-1f4e-46d0-9ba9-764a62adae15
3,normal,200,70,discrete,resource_efficient,1,URLLC,1.248,1950.0,1560.0,3417.4,16739.0,20.0,80.0,5.0,55.0,21.665,55.00000000000001,23.335,2,BCQI(cost=2.0),[56],-0.4,0.22747872417437118,0.4323479523720537,0.5076520476279462,0.5376520476279463,0.0,0.0,True,False,False,False,910752c6-1f4e-46d0-9ba9-764a62adae15
3,normal,200,70,discrete,resource_efficient,2,MTC,2.048,3840.0,2560.0,1424.2,8195.0,53.331999999999994,46.668000000000006,16.0,23.34,21.665,55.00000000000001,23.335,2,BCQI(cost=2.0),[56],-0.4,0.22747872417437118,0.4323479523720537,0.5076520476279462,0.5376520476279463,0.0,0.0,False,False,False,False,910752c6-1f4e-46d0-9ba9-764a62adae15
3,normal,200,71,discrete,resource_efficient,0,eMBB,25.6704,84040.0,32088.0,698281.6,1188277.0,61.818000000000005,38.181999999999995,34.0,21.66,21.665,55.00000000000001,23.335,2,BCQI(cost=2.0),[56],-0.4,0.2052585910193128,0.4232553132256338,0.5167446867743662,0.5467446867743662,0.0,0.0,False,True,False,False,910752c6-1f4e-46d0-9ba9-764a62adae15
3,normal,200,71,discrete,resource_efficient,1,URLLC,1.248,1950.0,1560.0,3397.6,16640.0,20.0,80.0,5.0,55.0,21.665,55.00000000000001,23.335,2,BCQI(cost=2.0),[56],-0.4,0.2052585910193128,0.4232553132256338,0.5167446867743662,0.5467446867743662,0.0,0.0,True,False,False,False,910752c6-1f4e-46d0-9ba9-764a62adae15
3,normal,200,71,discrete,resource_efficient,2,MTC,2.1504,2560.0,2688.0,1077.9,8195.0,40.0,60.0,8.0,23.34,21.665,55.00000000000001,23.335,2,BCQI(cost=2.0),[56],-0.4,0.2052585910193128,0.4232553132256338,0.5167446867743662,0.5467446867743662,0.0,0.0,False,False,False,False,910752c6-1f4e-46d0-9ba9-764a62adae15
3,normal,200,72,discrete,resource_efficient,0,eMBB,26.8928,91680.0,33616.0,725860.0,1238237.0,63.331999999999994,36.668000000000006,38.0,21.66,21.665,55.00000000000001,23.335,2,BCQI(cost=2.0),[56],-0.4,0.18042257152912664,0.43705682068252716,0.502943179317473,0.5329431793174728,0.0,0.0,False,True,False,False,910752c6-1f4e-46d0-9ba9-764a62adae15
3,normal,200,72,discrete,resource_efficient,1,URLLC,1.248,1950.0,1560.0,3443.0,16867.0,20.0,80.0,5.0,55.0,21.665,55.00000000000001,23.335,2,BCQI(cost=2.0),[56],-0.4,0.18042257152912664,0.43705682068252716,0.502943179317473,0.5329431793174728,0.0,0.0,True,False,False,False,910752c6-1f4e-46d0-9ba9-764a62adae15
3,normal,200,72,discrete,resource_efficient,2,MTC,0.9216,3840.0,1152.0,1142.1,8573.0,69.999,30.001000000000005,21.0,23.34,21.665,55.00000000000001,23.335,2,BCQI(cost=2.0),[56],-0.4,0.18042257152912664,0.43705682068252716,0.502943179317473,0.5329431793174728,0.0,0.0,False,False,False,False,910752c6-1f4e-46d0-9ba9-764a62adae15
3,normal,200,73,discrete,resource_efficient,0,eMBB,25.6704,91680.0,32088.0,731572.8,1249506.0,65.0,35.0,39.0,21.66,21.665,55.00000000000001,23.335,2,BCQI(cost=2.0),[56],-0.4,0.1838259314099609,0.4203046643315156,0.5196953356684845,0.5496953356684844,0.0,0.0,False,True,False,False,910752c6-1f4e-46d0-9ba9-764a62adae15
3,normal,200,73,discrete,resource_efficient,1,URLLC,1.248,1950.0,1560.0,2664.6,12975.0,20.0,80.0,5.0,55.0,21.665,55.00000000000001,23.335,2,BCQI(cost=2.0),[56],-0.4,0.1838259314099609,0.4203046643315156,0.5196953356684845,0.5496953356684844,0.0,0.0,True,False,False,False,910752c6-1f4e-46d0-9ba9-764a62adae15
3,normal,200,73,discrete,resource_efficient,2,MTC,1.5359999999999998,2560.0,1920.0,1190.5,8573.0,50.0,50.0,10.0,23.34,21.665,55.00000000000001,23.335,2,BCQI(cost=2.0),[56],-0.4,0.1838259314099609,0.4203046643315156,0.5196953356684845,0.5496953356684844,0.0,0.0,False,False,False,False,910752c6-1f4e-46d0-9ba9-764a62adae15
3,normal,200,74,discrete,resource_efficient,0,eMBB,31.782400000000003,84040.0,39728.0,736599.0,1265288.0,60.0,40.0,33.0,21.66,21.665,55.00000000000001,23.335,2,BCQI(cost=2.0),[56],-0.4,0.21298262417146357,0.4299049590902687,0.5100950409097313,0.5400950409097313,0.0,0.0,False,True,False,False,910752c6-1f4e-46d0-9ba9-764a62adae15
3,normal,200,74,discrete,resource_efficient,1,URLLC,0.9984,1950.0,1248.0,2607.8,12691.0,36.0,64.0,9.0,55.0,21.665,55.00000000000001,23.335,2,BCQI(cost=2.0),[56],-0.4,0.21298262417146357,0.4299049590902687,0.5100950409097313,0.5400950409097313,0.0,0.0,True,False,False,False,910752c6-1f4e-46d0-9ba9-764a62adae15
3,normal,200,74,discrete,resource_efficient,2,MTC,1.5360000000000003,3840.0,1920.0,1214.0,8555.0,53.331999999999994,46.668000000000006,16.0,23.34,21.665,55.00000000000001,23.335,2,BCQI(cost=2.0),[56],-0.4,0.21298262417146357,0.4299049590902687,0.5100950409097313,0.5400950409097313,0.0,0.0,False,False,False,False,910752c6-1f4e-46d0-9ba9-764a62adae15
3,normal,200,75,discrete,resource_efficient,0,eMBB,30.56,91680.0,38200.0,744109.0,1278309.0,60.0,40.0,36.0,21.66,21.665,55.00000000000001,23.335,2,BCQI(cost=2.0),[56],-0.4,0.19763744162259403,0.4179802220669755,0.5220197779330245,0.5520197779330244,0.0,0.0,False,True,False,False,910752c6-1f4e-46d0-9ba9-764a62adae15
3,normal,200,75,discrete,resource_efficient,1,URLLC,1.248,1950.0,1560.0,2571.2,12508.0,20.0,80.0,5.0,55.0,21.665,55.00000000000001,23.335,2,BCQI(cost=2.0),[56],-0.4,0.19763744162259403,0.4179802220669755,0.5220197779330245,0.5520197779330244,0.0,0.0,True,False,False,False,910752c6-1f4e-46d0-9ba9-764a62adae15
3,normal,200,75,discrete,resource_efficient,2,MTC,1.1264,2560.0,1408.0,1044.7,7851.0,45.0,55.0,9.0,23.34,21.665,55.00000000000001,23.335,2,BCQI(cost=2.0),[56],-0.4,0.19763744162259403,0.4179802220669755,0.5220197779330245,0.5520197779330244,0.0,0.0,False,False,False,False,910752c6-1f4e-46d0-9ba9-764a62adae15
3,normal,200,76,discrete,resource_efficient,0,eMBB,28.1152,91680.0,35144.0,748924.6,1298581.0,63.334,36.666,38.0,21.66,21.665,55.00000000000001,23.335,2,BCQI(cost=2.0),[56],-0.4,0.2058390175649537,0.4202766377799305,0.5197233622200695,0.5497233622200695,0.0,0.0,False,True,False,False,910752c6-1f4e-46d0-9ba9-764a62adae15
3,normal,200,76,discrete,resource_efficient,1,URLLC,1.4976,1950.0,1872.0,2551.0,12407.0,20.0,80.0,5.0,55.0,21.665,55.00000000000001,23.335,2,BCQI(cost=2.0),[56],-0.4,0.2058390175649537,0.4202766377799305,0.5197233622200695,0.5497233622200695,0.0,0.0,True,False,False,False,910752c6-1f4e-46d0-9ba9-764a62adae15
3,normal,200,76,discrete,resource_efficient,2,MTC,2.5599999999999996,3840.0,3200.0,1196.8,7851.0,40.0,60.0,12.0,23.34,21.665,55.00000000000001,23.335,2,BCQI(cost=2.0),[56],-0.4,0.2058390175649537,0.4202766377799305,0.5197233622200695,0.5497233622200695,0.0,0.0,False,False,False,False,910752c6-1f4e-46d0-9ba9-764a62adae15
3,normal,200,77,discrete,resource_efficient,0,eMBB,29.3376,84040.0,36672.0,757817.2,1310221.0,60.0,40.0,33.0,21.66,21.665,55.00000000000001,23.335,2,BCQI(cost=2.0),[56],-0.4,0.21552930413802435,0.41178897099768996,0.5282110290023101,0.55821102900231,0.0,0.0,False,True,False,False,910752c6-1f4e-46d0-9ba9-764a62adae15
3,normal,200,77,discrete,resource_efficient,1,URLLC,1.248,1950.0,1560.0,2079.6,10050.0,20.0,80.0,5.0,55.0,21.665,55.00000000000001,23.335,2,BCQI(cost=2.0),[56],-0.4,0.21552930413802435,0.41178897099768996,0.5282110290023101,0.55821102900231,0.0,0.0,True,False,False,False,910752c6-1f4e-46d0-9ba9-764a62adae15
3,normal,200,77,discrete,resource_efficient,2,MTC,3.7887999999999993,2560.0,4736.0,1153.0,7851.0,35.0,65.0,7.0,23.34,21.665,55.00000000000001,23.335,2,BCQI(cost=2.0),[56],-0.4,0.21552930413802435,0.41178897099768996,0.5282110290023101,0.55821102900231,0.0,0.0,False,False,False,False,910752c6-1f4e-46d0-9ba9-764a62adae15
3,normal,200,78,discrete,resource_efficient,0,eMBB,30.56,91680.0,38200.0,781685.2,1333299.0,60.0,40.0,36.0,41.66,41.665,25.0,33.335,0,RR(cost=1.0),[138],-0.4,0.291106830122116,0.6219693463555732,0.31803065364442684,0.34803065364442676,0.30000000000000004,0.0,False,True,False,False,910752c6-1f4e-46d0-9ba9-764a62adae15
3,normal,200,78,discrete,resource_efficient,1,URLLC,1.248,1950.0,1560.0,2079.6,10050.0,20.0,80.0,5.0,25.0,41.665,25.0,33.335,0,RR(cost=1.0),[138],-0.4,0.291106830122116,0.6219693463555732,0.31803065364442684,0.34803065364442676,0.30000000000000004,0.0,True,False,False,False,910752c6-1f4e-46d0-9ba9-764a62adae15
3,normal,200,78,discrete,resource_efficient,2,MTC,1.5360000000000003,3840.0,1920.0,1147.4,7851.0,53.331999999999994,46.668000000000006,16.0,33.34000000000001,41.665,25.0,33.335,0,RR(cost=1.0),[138],-0.4,0.291106830122116,0.6219693463555732,0.31803065364442684,0.34803065364442676,0.30000000000000004,0.0,False,False,False,False,910752c6-1f4e-46d0-9ba9-764a62adae15
3,normal,200,79,discrete,resource_efficient,0,eMBB,28.1152,91680.0,35144.0,786412.6,1348047.0,61.666,38.334,37.0,51.67,51.665000000000006,35.0,13.335000000000003,2,BCQI(cost=2.0),[179],-0.4,0.3225362310936372,0.7172667219046864,0.22273327809531349,0.25273327809531354,0.2,0.0,False,True,False,False,910752c6-1f4e-46d0-9ba9-764a62adae15
3,normal,200,79,discrete,resource_efficient,1,URLLC,1.248,1950.0,1560.0,2125.0,10277.0,20.0,80.0,5.0,35.0,51.665000000000006,35.0,13.335000000000003,2,BCQI(cost=2.0),[179],-0.4,0.3225362310936372,0.7172667219046864,0.22273327809531349,0.25273327809531354,0.2,0.0,True,False,False,False,910752c6-1f4e-46d0-9ba9-764a62adae15
3,normal,200,79,discrete,resource_efficient,2,MTC,1.2288,2560.0,1536.0,1124.2,7851.0,60.0,40.0,12.0,13.34,51.665000000000006,35.0,13.335000000000003,2,BCQI(cost=2.0),[179],-0.4,0.3225362310936372,0.7172667219046864,0.22273327809531349,0.25273327809531354,0.2,0.0,False,False,False,False,910752c6-1f4e-46d0-9ba9-764a62adae15
3,normal,200,80,discrete,resource_efficient,0,eMBB,29.3376,84040.0,36672.0,801842.2,1355941.0,60.0,40.0,33.0,41.66,41.665,25.0,33.335,0,RR(cost=1.0),[138],-0.4,0.2931774976301392,0.626057630443979,0.31394236955602095,0.343942369556021,0.2,0.0,False,True,False,False,910752c6-1f4e-46d0-9ba9-764a62adae15
3,normal,200,80,discrete,resource_efficient,1,URLLC,1.248,1950.0,1560.0,2209.8,10701.0,20.0,80.0,5.0,25.0,41.665,25.0,33.335,0,RR(cost=1.0),[138],-0.4,0.2931774976301392,0.626057630443979,0.31394236955602095,0.343942369556021,0.2,0.0,True,False,False,False,910752c6-1f4e-46d0-9ba9-764a62adae15
3,normal,200,80,discrete,resource_efficient,2,MTC,1.024,3840.0,1280.0,1079.0,6981.0,66.665,33.334999999999994,20.0,33.34000000000001,41.665,25.0,33.335,0,RR(cost=1.0),[138],-0.4,0.2931774976301392,0.626057630443979,0.31394236955602095,0.343942369556021,0.2,0.0,False,False,False,False,910752c6-1f4e-46d0-9ba9-764a62adae15
3,normal,200,81,discrete,resource_efficient,0,eMBB,25.6704,91680.0,32088.0,808315.4,1378348.0,65.0,35.0,39.0,41.66,41.665,25.0,33.335,0,RR(cost=1.0),[138],-0.4,0.2473155781329842,0.6172434318971676,0.3227565681028324,0.3527565681028324,0.0,0.0,False,True,False,False,910752c6-1f4e-46d0-9ba9-764a62adae15
3,normal,200,81,discrete,resource_efficient,1,URLLC,0.9984,1950.0,1248.0,2221.8,10761.0,36.0,64.0,9.0,25.0,41.665,25.0,33.335,0,RR(cost=1.0),[138],-0.4,0.2473155781329842,0.6172434318971676,0.3227565681028324,0.3527565681028324,0.0,0.0,True,False,False,False,910752c6-1f4e-46d0-9ba9-764a62adae15
3,normal,200,81,discrete,resource_efficient,2,MTC,1.1264,2560.0,1408.0,1103.6,6981.0,50.0,50.0,10.0,33.34000000000001,41.665,25.0,33.335,0,RR(cost=1.0),[138],-0.4,0.2473155781329842,0.6172434318971676,0.3227565681028324,0.3527565681028324,0.0,0.0,False,False,False,False,910752c6-1f4e-46d0-9ba9-764a62adae15
3,normal,200,82,discrete,resource_efficient,0,eMBB,31.7824,91680.0,39728.0,815422.0,1391435.0,56.666,43.334,34.0,41.66,41.665,25.0,33.335,0,RR(cost=1.0),[138],-0.4,0.3000322717246185,0.619711819675011,0.32028818032498896,0.350288180324989,0.0,0.0,False,True,False,False,910752c6-1f4e-46d0-9ba9-764a62adae15
3,normal,200,82,discrete,resource_efficient,1,URLLC,1.248,1950.0,1560.0,2221.8,10761.0,20.0,80.0,5.0,25.0,41.665,25.0,33.335,0,RR(cost=1.0),[138],-0.4,0.3000322717246185,0.619711819675011,0.32028818032498896,0.350288180324989,0.0,0.0,True,False,False,False,910752c6-1f4e-46d0-9ba9-764a62adae15
3,normal,200,82,discrete,resource_efficient,2,MTC,1.6383999999999999,3840.0,2048.0,1120.8,6981.0,50.0,50.0,15.0,33.34000000000001,41.665,25.0,33.335,0,RR(cost=1.0),[138],-0.4,0.3000322717246185,0.619711819675011,0.32028818032498896,0.350288180324989,0.0,0.0,False,False,False,False,910752c6-1f4e-46d0-9ba9-764a62adae15
3,normal,200,83,discrete,resource_efficient,0,eMBB,29.3376,84040.0,36672.0,827158.6,1391435.0,60.0,40.0,33.0,41.66,41.665,25.0,33.335,0,RR(cost=1.0),[138],-0.4,0.31460858772129335,0.6165066565902734,0.3234933434097267,0.3534933434097266,0.0,0.0,False,True,False,False,910752c6-1f4e-46d0-9ba9-764a62adae15
3,normal,200,83,discrete,resource_efficient,1,URLLC,1.4976,1950.0,1872.0,2221.8,10761.0,20.0,80.0,5.0,25.0,41.665,25.0,33.335,0,RR(cost=1.0),[138],-0.4,0.31460858772129335,0.6165066565902734,0.3234933434097267,0.3534933434097266,0.0,0.0,True,False,False,False,910752c6-1f4e-46d0-9ba9-764a62adae15
3,normal,200,83,discrete,resource_efficient,2,MTC,1.2288,2560.0,1536.0,1097.8,6981.0,60.0,40.0,12.0,33.34000000000001,41.665,25.0,33.335,0,RR(cost=1.0),[138],-0.4,0.31460858772129335,0.6165066565902734,0.3234933434097267,0.3534933434097266,0.0,0.0,False,False,False,False,910752c6-1f4e-46d0-9ba9-764a62adae15
3,normal,200,84,discrete,resource_efficient,0,eMBB,31.7824,91680.0,39728.0,830394.8,1391435.0,60.0,40.0,36.0,41.66,41.665,25.0,33.335,0,RR(cost=1.0),[138],-0.4,0.29506922096738997,0.6245418385231392,0.3154581614768609,0.3454581614768608,0.0,0.0,False,True,False,False,910752c6-1f4e-46d0-9ba9-764a62adae15
3,normal,200,84,discrete,resource_efficient,1,URLLC,1.248,1950.0,1560.0,2406.6,11685.0,20.0,80.0,5.0,25.0,41.665,25.0,33.335,0,RR(cost=1.0),[138],-0.4,0.29506922096738997,0.6245418385231392,0.3154581614768609,0.3454581614768608,0.0,0.0,True,False,False,False,910752c6-1f4e-46d0-9ba9-764a62adae15
3,normal,200,84,discrete,resource_efficient,2,MTC,1.2288000000000001,3840.0,1536.0,1121.0,6981.0,63.33200000000001,36.66799999999999,19.0,33.34000000000001,41.665,25.0,33.335,0,RR(cost=1.0),[138],-0.4,0.29506922096738997,0.6245418385231392,0.3154581614768609,0.3454581614768608,0.0,0.0,False,False,False,False,910752c6-1f4e-46d0-9ba9-764a62adae15
3,normal,200,85,discrete,resource_efficient,0,eMBB,26.8928,91680.0,33616.0,840723.6,1414521.0,63.331999999999994,36.668000000000006,38.0,41.66,41.665,25.0,33.335,0,RR(cost=1.0),[138],-0.4,0.2729374185173022,0.6145340803547197,0.3254659196452803,0.3554659196452803,0.0,0.0,False,True,False,False,910752c6-1f4e-46d0-9ba9-764a62adae15
3,normal,200,85,discrete,resource_efficient,1,URLLC,1.248,1950.0,1560.0,2406.6,11685.0,20.0,80.0,5.0,25.0,41.665,25.0,33.335,0,RR(cost=1.0),[138],-0.4,0.2729374185173022,0.6145340803547197,0.3254659196452803,0.3554659196452803,0.0,0.0,True,False,False,False,910752c6-1f4e-46d0-9ba9-764a62adae15
3,normal,200,85,discrete,resource_efficient,2,MTC,1.4335999999999998,2560.0,1792.0,1162.3,6981.0,50.0,50.0,10.0,33.34000000000001,41.665,25.0,33.335,0,RR(cost=1.0),[138],-0.4,0.2729374185173022,0.6145340803547197,0.3254659196452803,0.3554659196452803,0.0,0.0,False,False,False,False,910752c6-1f4e-46d0-9ba9-764a62adae15
3,normal,200,86,discrete,resource_efficient,0,eMBB,26.8928,84040.0,33616.0,853743.2,1447468.0,61.818000000000005,38.181999999999995,34.0,41.66,41.665,25.0,33.335,0,RR(cost=1.0),[138],-0.4,0.30001255003714894,0.6196702115539352,0.32032978844606474,0.35032978844606477,0.0,0.0,False,True,False,False,910752c6-1f4e-46d0-9ba9-764a62adae15
3,normal,200,86,discrete,resource_efficient,1,URLLC,1.248,1950.0,1560.0,2406.6,11685.0,20.0,80.0,5.0,25.0,41.665,25.0,33.335,0,RR(cost=1.0),[138],-0.4,0.30001255003714894,0.6196702115539352,0.32032978844606474,0.35032978844606477,0.0,0.0,True,False,False,False,910752c6-1f4e-46d0-9ba9-764a62adae15
3,normal,200,86,discrete,resource_efficient,2,MTC,2.56,3840.0,3200.0,887.4,6981.0,53.331999999999994,46.668000000000006,16.0,33.34000000000001,41.665,25.0,33.335,0,RR(cost=1.0),[138],-0.4,0.30001255003714894,0.6196702115539352,0.32032978844606474,0.35032978844606477,0.0,0.0,False,False,False,False,910752c6-1f4e-46d0-9ba9-764a62adae15
3,normal,200,87,discrete,resource_efficient,0,eMBB,25.6704,91680.0,32088.0,864356.6,1450424.0,65.0,35.0,39.0,41.66,41.665,25.0,33.335,0,RR(cost=1.0),[138],-0.4,0.27777787948162114,0.6119040327276842,0.3280959672723157,0.35809596727231574,0.0,0.0,False,True,False,False,910752c6-1f4e-46d0-9ba9-764a62adae15
3,normal,200,87,discrete,resource_efficient,1,URLLC,1.248,1950.0,1560.0,2406.6,11685.0,20.0,80.0,5.0,25.0,41.665,25.0,33.335,0,RR(cost=1.0),[138],-0.4,0.27777787948162114,0.6119040327276842,0.3280959672723157,0.35809596727231574,0.0,0.0,True,False,False,False,910752c6-1f4e-46d0-9ba9-764a62adae15
3,normal,200,87,discrete,resource_efficient,2,MTC,4.1983999999999995,2560.0,5248.0,993.9,7650.0,45.0,55.0,9.0,33.34000000000001,41.665,25.0,33.335,0,RR(cost=1.0),[138],-0.4,0.27777787948162114,0.6119040327276842,0.3280959672723157,0.35809596727231574,0.0,0.0,False,False,False,False,910752c6-1f4e-46d0-9ba9-764a62adae15
3,normal,200,88,discrete,resource_efficient,0,eMBB,29.3376,91680.0,36672.0,880723.6,1498254.0,60.0,40.0,36.0,41.66,41.665,25.0,33.335,0,RR(cost=1.0),[138],-0.4,0.26557250904358787,0.624930931128635,0.31506906887136504,0.345069068871365,0.0,0.0,False,True,False,False,910752c6-1f4e-46d0-9ba9-764a62adae15
3,normal,200,88,discrete,resource_efficient,1,URLLC,0.9984,1950.0,1248.0,2406.6,11685.0,36.0,64.0,9.0,25.0,41.665,25.0,33.335,0,RR(cost=1.0),[138],-0.4,0.26557250904358787,0.624930931128635,0.31506906887136504,0.345069068871365,0.0,0.0,True,False,False,False,910752c6-1f4e-46d0-9ba9-764a62adae15
3,normal,200,88,discrete,resource_efficient,2,MTC,1.1264,3840.0,1408.0,1001.5,7650.0,63.33200000000001,36.66799999999999,19.0,33.34000000000001,41.665,25.0,33.335,0,RR(cost=1.0),[138],-0.4,0.26557250904358787,0.624930931128635,0.31506906887136504,0.345069068871365,0.0,0.0,False,False,False,False,910752c6-1f4e-46d0-9ba9-764a62adae15
3,normal,200,89,discrete,resource_efficient,0,eMBB,30.56,84040.0,38200.0,890966.4,1498254.0,60.0,40.0,33.0,41.66,41.665,25.0,33.335,0,RR(cost=1.0),[138],-0.4,0.32063465801100205,0.6135699085876702,0.3264300914123297,0.35643009141232973,0.0,0.0,False,True,False,False,910752c6-1f4e-46d0-9ba9-764a62adae15
3,normal,200,89,discrete,resource_efficient,1,URLLC,1.248,1950.0,1560.0,2406.6,11685.0,20.0,80.0,5.0,25.0,41.665,25.0,33.335,0,RR(cost=1.0),[138],-0.4,0.32063465801100205,0.6135699085876702,0.3264300914123297,0.35643009141232973,0.0,0.0,True,False,False,False,910752c6-1f4e-46d0-9ba9-764a62adae15
3,normal,200,89,discrete,resource_efficient,2,MTC,1.6384000000000003,2560.0,2048.0,1035.5,7650.0,50.0,50.0,10.0,33.34000000000001,41.665,25.0,33.335,0,RR(cost=1.0),[138],-0.4,0.32063465801100205,0.6135699085876702,0.3264300914123297,0.35643009141232973,0.0,0.0,False,False,False,False,910752c6-1f4e-46d0-9ba9-764a62adae15
3,normal,200,90,discrete,resource_efficient,0,eMBB,29.337600000000002,91680.0,36672.0,899849.4,1527592.0,60.0,40.0,36.0,41.66,41.665,25.0,33.335,0,RR(cost=1.0),[138],-0.4,0.2931834462669537,0.619096198136618,0.3209038018633821,0.350903801863382,0.0,0.0,False,True,False,False,910752c6-1f4e-46d0-9ba9-764a62adae15
3,normal,200,90,discrete,resource_efficient,1,URLLC,1.4976,1950.0,1872.0,2853.8,13921.0,20.0,80.0,5.0,25.0,41.665,25.0,33.335,0,RR(cost=1.0),[138],-0.4,0.2931834462669537,0.619096198136618,0.3209038018633821,0.350903801863382,0.0,0.0,True,False,False,False,910752c6-1f4e-46d0-9ba9-764a62adae15
3,normal,200,90,discrete,resource_efficient,2,MTC,1.5359999999999998,3840.0,1920.0,921.9,6341.0,50.0,50.0,15.0,33.34000000000001,41.665,25.0,33.335,0,RR(cost=1.0),[138],-0.4,0.2931834462669537,0.619096198136618,0.3209038018633821,0.350903801863382,0.0,0.0,False,False,False,False,910752c6-1f4e-46d0-9ba9-764a62adae15
3,normal,200,91,discrete,resource_efficient,0,eMBB,30.56,91680.0,38200.0,904000.4,1527592.0,60.0,40.0,36.0,41.66,41.665,25.0,33.335,0,RR(cost=1.0),[138],-0.4,0.29896942186911,0.6128190284974633,0.3271809715025367,0.3571809715025367,0.0,0.0,False,True,False,False,910752c6-1f4e-46d0-9ba9-764a62adae15
3,normal,200,91,discrete,resource_efficient,1,URLLC,1.248,1950.0,1560.0,2853.8,13921.0,20.0,80.0,5.0,25.0,41.665,25.0,33.335,0,RR(cost=1.0),[138],-0.4,0.29896942186911,0.6128190284974633,0.3271809715025367,0.3571809715025367,0.0,0.0,True,False,False,False,910752c6-1f4e-46d0-9ba9-764a62adae15
3,normal,200,91,discrete,resource_efficient,2,MTC,1.5359999999999998,2560.0,1920.0,766.2,4365.0,50.0,50.0,10.0,33.34000000000001,41.665,25.0,33.335,0,RR(cost=1.0),[138],-0.4,0.29896942186911,0.6128190284974633,0.3271809715025367,0.3571809715025367,0.0,0.0,False,False,False,False,910752c6-1f4e-46d0-9ba9-764a62adae15
3,normal,200,92,discrete,resource_efficient,0,eMBB,34.2272,84040.0,42784.0,914419.0,1542639.0,50.910000000000004,49.089999999999996,28.0,41.66,41.665,25.0,33.335,0,RR(cost=1.0),[138],-0.4,0.34646236135821556,0.619361847652673,0.32063815234732695,0.350638152347327,0.0,0.0,False,True,False,False,910752c6-1f4e-46d0-9ba9-764a62adae15
3,normal,200,92,discrete,resource_efficient,1,URLLC,1.248,1950.0,1560.0,2853.8,13921.0,20.0,80.0,5.0,25.0,41.665,25.0,33.335,0,RR(cost=1.0),[138],-0.4,0.34646236135821556,0.619361847652673,0.32063815234732695,0.350638152347327,0.0,0.0,True,False,False,False,910752c6-1f4e-46d0-9ba9-764a62adae15
3,normal,200,92,discrete,resource_efficient,2,MTC,2.1504000000000003,3840.0,2688.0,761.7,4365.0,56.665000000000006,43.334999999999994,17.0,33.34000000000001,41.665,25.0,33.335,0,RR(cost=1.0),[138],-0.4,0.34646236135821556,0.619361847652673,0.32063815234732695,0.350638152347327,0.0,0.0,False,False,False,False,910752c6-1f4e-46d0-9ba9-764a62adae15
3,normal,200,93,discrete,resource_efficient,0,eMBB,28.1152,91680.0,35144.0,925165.0,1569516.0,61.66600000000001,38.33399999999999,37.0,41.66,41.665,25.0,33.335,0,RR(cost=1.0),[138],-0.4,0.27822539751730185,0.6100268435999063,0.32997315640009367,0.35997315640009364,0.0,0.0,False,True,False,False,910752c6-1f4e-46d0-9ba9-764a62adae15
3,normal,200,93,discrete,resource_efficient,1,URLLC,1.248,1950.0,1560.0,2727.0,13287.0,20.0,80.0,5.0,25.0,41.665,25.0,33.335,0,RR(cost=1.0),[138],-0.4,0.27822539751730185,0.6100268435999063,0.32997315640009367,0.35997315640009364,0.0,0.0,True,False,False,False,910752c6-1f4e-46d0-9ba9-764a62adae15
3,normal,200,93,discrete,resource_efficient,2,MTC,1.4335999999999998,2560.0,1792.0,450.6,1589.0,50.0,50.0,10.0,33.34000000000001,41.665,25.0,33.335,0,RR(cost=1.0),[138],-0.4,0.27822539751730185,0.6100268435999063,0.32997315640009367,0.35997315640009364,0.0,0.0,False,False,False,False,910752c6-1f4e-46d0-9ba9-764a62adae15
3,normal,200,94,discrete,resource_efficient,0,eMBB,25.6704,91680.0,32088.0,939771.2,1601215.0,65.0,35.0,39.0,41.66,41.665,25.0,33.335,0,RR(cost=1.0),[138],-0.4,0.250918189031743,0.6148703387445598,0.3251296612554402,0.3551296612554402,0.0,0.0,False,True,False,False,910752c6-1f4e-46d0-9ba9-764a62adae15
3,normal,200,94,discrete,resource_efficient,1,URLLC,1.248,1950.0,1560.0,2381.0,11557.0,20.0,80.0,5.0,25.0,41.665,25.0,33.335,0,RR(cost=1.0),[138],-0.4,0.250918189031743,0.6148703387445598,0.3251296612554402,0.3551296612554402,0.0,0.0,True,False,False,False,910752c6-1f4e-46d0-9ba9-764a62adae15
3,normal,200,94,discrete,resource_efficient,2,MTC,1.3312000000000002,3840.0,1664.0,518.3,1589.0,56.665000000000006,43.334999999999994,17.0,33.34000000000001,41.665,25.0,33.335,0,RR(cost=1.0),[138],-0.4,0.250918189031743,0.6148703387445598,0.3251296612554402,0.3551296612554402,0.0,0.0,False,False,False,False,910752c6-1f4e-46d0-9ba9-764a62adae15
3,normal,200,95,discrete,resource_efficient,0,eMBB,28.1152,84040.0,35144.0,944320.8,1611386.0,60.0,40.0,33.0,41.66,41.665,25.0,33.335,0,RR(cost=1.0),[138],-0.4,0.2769402986084299,0.6098774825150912,0.3301225174849088,0.36012251748490876,0.0,0.0,False,True,False,False,910752c6-1f4e-46d0-9ba9-764a62adae15
3,normal,200,95,discrete,resource_efficient,1,URLLC,0.9984,1950.0,1248.0,2381.0,11557.0,36.0,64.0,9.0,25.0,41.665,25.0,33.335,0,RR(cost=1.0),[138],-0.4,0.2769402986084299,0.6098774825150912,0.3301225174849088,0.36012251748490876,0.0,0.0,True,False,False,False,910752c6-1f4e-46d0-9ba9-764a62adae15
3,normal,200,95,discrete,resource_efficient,2,MTC,1.1264,2560.0,1408.0,478.7,1589.0,45.0,55.0,9.0,33.34000000000001,41.665,25.0,33.335,0,RR(cost=1.0),[138],-0.4,0.2769402986084299,0.6098774825150912,0.3301225174849088,0.36012251748490876,0.0,0.0,False,False,False,False,910752c6-1f4e-46d0-9ba9-764a62adae15
3,normal,200,96,discrete,resource_efficient,0,eMBB,29.3376,91680.0,36672.0,948044.8,1611386.0,60.0,40.0,36.0,31.660000000000004,31.665,55.00000000000001,13.334999999999999,1,PF(cost=2.0),[112],-0.4,0.23658477355166635,0.509987104301928,0.4300128956980721,0.460012895698072,0.30000000000000004,0.0,False,True,False,False,910752c6-1f4e-46d0-9ba9-764a62adae15
3,normal,200,96,discrete,resource_efficient,1,URLLC,1.248,1950.0,1560.0,2221.4,10759.0,20.0,80.0,5.0,55.0,31.665,55.00000000000001,13.334999999999999,1,PF(cost=2.0),[112],-0.4,0.23658477355166635,0.509987104301928,0.4300128956980721,0.460012895698072,0.30000000000000004,0.0,True,False,False,False,910752c6-1f4e-46d0-9ba9-764a62adae15
3,normal,200,96,discrete,resource_efficient,2,MTC,1.9455999999999998,3840.0,2432.0,526.3,2254.0,40.0,60.0,12.0,13.330000000000002,31.665,55.00000000000001,13.334999999999999,1,PF(cost=2.0),[112],-0.4,0.23658477355166635,0.509987104301928,0.4300128956980721,0.460012895698072,0.30000000000000004,0.0,False,False,False,False,910752c6-1f4e-46d0-9ba9-764a62adae15
3,normal,200,97,discrete,resource_efficient,0,eMBB,26.8928,91680.0,33616.0,963515.0,1624888.0,63.334,36.666,38.0,21.66,21.665,50.0,28.335,0,RR(cost=1.0),[51],-0.4,0.19411621070532778,0.4038187786952879,0.536181221304712,0.566181221304712,0.15000000000000002,0.0,False,True,False,False,910752c6-1f4e-46d0-9ba9-764a62adae15
3,normal,200,97,discrete,resource_efficient,1,URLLC,1.4976,1950.0,1872.0,2197.6,10640.0,20.0,80.0,5.0,50.0,21.665,50.0,28.335,0,RR(cost=1.0),[51],-0.4,0.19411621070532778,0.4038187786952879,0.536181221304712,0.566181221304712,0.15000000000000002,0.0,True,False,False,False,910752c6-1f4e-46d0-9ba9-764a62adae15
3,normal,200,97,discrete,resource_efficient,2,MTC,2.3552,2560.0,2944.0,573.9,2254.0,30.0,70.0,6.0,28.339999999999996,21.665,50.0,28.335,0,RR(cost=1.0),[51],-0.4,0.19411621070532778,0.4038187786952879,0.536181221304712,0.566181221304712,0.15000000000000002,0.0,False,False,False,False,910752c6-1f4e-46d0-9ba9-764a62adae15
3,normal,200,98,discrete,resource_efficient,0,eMBB,29.337600000000002,84040.0,36672.0,975927.4,1661291.0,60.0,40.0,33.0,16.66,16.665,20.0,63.334999999999994,0,RR(cost=1.0),[0],0.0,0.17026153704712463,0.3620972592936248,0.5779027407063752,0.6079027407063752,0.35,0.0,False,True,False,False,910752c6-1f4e-46d0-9ba9-764a62adae15
3,normal,200,98,discrete,resource_efficient,1,URLLC,1.248,1950.0,1560.0,1499.0,7147.0,20.0,80.0,5.0,20.0,16.665,20.0,63.334999999999994,0,RR(cost=1.0),[0],0.0,0.17026153704712463,0.3620972592936248,0.5779027407063752,0.6079027407063752,0.35,0.0,False,False,False,False,910752c6-1f4e-46d0-9ba9-764a62adae15
3,normal,200,98,discrete,resource_efficient,2,MTC,1.1264,3840.0,1408.0,264.8,810.0,63.33200000000001,36.66799999999999,19.0,63.33,16.665,20.0,63.334999999999994,0,RR(cost=1.0),[0],0.0,0.17026153704712463,0.3620972592936248,0.5779027407063752,0.6079027407063752,0.35,0.0,False,False,False,False,910752c6-1f4e-46d0-9ba9-764a62adae15
3,normal,200,99,discrete,resource_efficient,0,eMBB,31.782400000000003,91680.0,39728.0,977025.0,1661291.0,60.0,40.0,36.0,21.66,21.665,50.0,28.335,0,RR(cost=1.0),[51],0.0,0.2015301549568716,0.40201474479864185,0.5379852552013582,0.5679852552013581,0.35,0.0,False,True,False,False,910752c6-1f4e-46d0-9ba9-764a62adae15
3,normal,200,99,discrete,resource_efficient,1,URLLC,1.248,1950.0,1560.0,1563.0,7467.0,20.0,80.0,5.0,50.0,21.665,50.0,28.335,0,RR(cost=1.0),[51],0.0,0.2015301549568716,0.40201474479864185,0.5379852552013582,0.5679852552013581,0.35,0.0,False,False,False,False,910752c6-1f4e-46d0-9ba9-764a62adae15
3,normal,200,99,discrete,resource_efficient,2,MTC,1.6383999999999999,2560.0,2048.0,268.9,810.0,40.0,60.0,8.0,28.339999999999996,21.665,50.0,28.335,0,RR(cost=1.0),[51],0.0,0.2015301549568716,0.40201474479864185,0.5379852552013582,0.5679852552013581,0.35,0.0,False,False,False,False,910752c6-1f4e-46d0-9ba9-764a62adae15
3,normal,200,100,discrete,resource_efficient,0,eMBB,28.1152,91680.0,35144.0,998372.2,1693222.0,61.666,38.334,37.0,41.66,41.665,45.00000000000001,13.335000000000003,2,BCQI(cost=2.0),[152],0.0,0.26111072184025097,0.6056576547720073,0.33434234522799267,0.3643423452279928,0.19999999999999996,0.0,False,True,False,True,910752c6-1f4e-46d0-9ba9-764a62adae15
3,normal,200,100,discrete,resource_efficient,1,URLLC,1.248,1950.0,1560.0,275.8,1031.0,20.0,80.0,5.0,45.0,41.665,45.00000000000001,13.335000000000003,2,BCQI(cost=2.0),[152],0.0,0.26111072184025097,0.6056576547720073,0.33434234522799267,0.3643423452279928,0.19999999999999996,0.0,False,False,False,True,910752c6-1f4e-46d0-9ba9-764a62adae15
3,normal,200,100,discrete,resource_efficient,2,MTC,1.3312000000000002,3840.0,1664.0,242.6,533.0,59.999,40.001,18.0,13.34,41.665,45.00000000000001,13.335000000000003,2,BCQI(cost=2.0),[152],0.0,0.26111072184025097,0.6056576547720073,0.33434234522799267,0.3643423452279928,0.19999999999999996,0.0,False,False,False,True,910752c6-1f4e-46d0-9ba9-764a62adae15
