timestamp,ueImsi,sliceId,dTxBytes,dRxBytes,plr,resourceSharePct,dLostPackets,throughputMbps,bufferBytes
1510,1,0,0,3056,0.00,30.47,0,2.4448,2332015
1510,2,0,0,3056,0.00,30.47,0,2.4448,2331977
1510,3,0,0,3056,0.00,30.47,0,2.4448,2331965
1510,4,0,0,3056,0.00,30.47,0,2.4448,2331943
1510,5,0,0,3056,0.00,30.47,0,2.4448,2332020
1510,6,1,0,156,0.00,29.09,0,0.1248,87
1510,7,1,0,156,0.00,29.09,0,0.1248,87
1510,8,1,0,156,0.00,29.09,0,0.1248,87
1510,9,1,0,156,0.00,29.09,0,0.1248,87
1510,10,1,0,156,0.00,29.09,0,0.1248,87
1510,11,2,0,1920,0.00,40.44,0,1.5360,1541274
1510,12,2,0,1920,0.00,40.44,0,1.5360,1541318
1510,13,2,0,1792,0.00,40.44,0,1.4336,1541254
1510,14,2,0,1920,0.00,40.44,0,1.5360,1541290
1510,15,2,0,1920,0.00,40.44,0,1.5360,1541272
1510,16,2,0,1920,0.00,40.44,0,1.5360,1541306
1510,17,2,0,1920,0.00,40.44,0,1.5360,1541199
1510,18,2,0,1920,0.00,40.44,0,1.5360,1541265
1510,19,2,0,1920,0.00,40.44,0,1.5360,1541319
1510,20,2,0,1920,0.00,40.44,0,1.5360,1541328
