timestamp,ueImsi,sliceId,dTxBytes,dRxBytes,plr,resourceSharePct,dLostPackets,throughputMbps,bufferBytes
810,1,0,25976,4584,82.35,34.35,14,3.6672,630454
810,2,0,25976,4584,82.35,34.35,14,3.6672,630359
810,3,0,25976,4584,82.35,34.35,14,3.6672,630399
810,4,0,25976,4584,82.35,34.35,14,3.6672,630384
810,5,0,25976,4584,82.35,34.35,14,3.6672,630364
810,6,1,390,390,0.00,44.44,0,0.3120,87
810,7,1,390,390,0.00,44.44,0,0.3120,87
810,8,1,390,390,0.00,44.44,0,0.3120,87
810,9,1,390,390,0.00,44.44,0,0.3120,87
810,10,1,390,390,0.00,44.44,0,0.3120,87
810,11,2,16000,1280,92.00,21.21,115,1.0240,468908
810,12,2,16000,1280,92.00,21.21,115,1.0240,468939
810,13,2,16000,1280,92.00,21.21,115,1.0240,468919
810,14,2,16000,1280,92.00,21.21,115,1.0240,468905
810,15,2,16000,1280,92.00,21.21,115,1.0240,468895
810,16,2,16000,1280,92.00,21.21,115,1.0240,468978
810,17,2,16000,1152,92.80,21.21,116,0.9216,468924
810,18,2,16000,1280,92.00,21.21,115,1.0240,468908
810,19,2,16000,1152,92.80,21.21,116,0.9216,468816
810,20,2,16000,1152,92.80,21.21,116,0.9216,468834
