timestamp,sliceId,dedicatedPRB,minPRB,maxPRB
600,0,32.18210986315132,32.18210986315132,100.0
600,1,37.20003996155008,37.20003996155008,100.0
600,2,30.617850175298607,30.617850175298607,100.0
700,0,43.14187651587418,43.14187651587418,100.0
700,1,33.99958052030789,33.99958052030789,100.0
700,2,22.85854296381793,22.85854296381793,100.0
800,0,27.93898766195578,27.93898766195578,100.0
800,1,43.475946053351734,43.475946053351734,100.0
800,2,28.585066284692484,28.585066284692484,100.0
900,0,32.604426877369896,32.604426877369896,100.0
900,1,35.29521329384917,35.29521329384917,100.0
900,2,32.10035982878093,32.10035982878093,100.0
1000,0,30.6617502200716,30.6617502200716,100.0
1000,1,31.989580818922185,31.989580818922185,100.0
1000,2,37.348668961006226,37.348668961006226,100.0
1100,0,37.31635293067922,37.31635293067922,100.0
1100,1,38.15390899911698,38.15390899911698,100.0
1100,2,24.529738070203805,24.529738070203805,100.0
1200,0,37.89582451416526,37.89582451416526,100.0
1200,1,27.66970447973842,27.66970447973842,100.0
1200,2,34.43447100609633,34.43447100609633,100.0
1300,0,26.033396726544268,26.033396726544268,100.0
1300,1,40.85800790416159,40.85800790416159,100.0
1300,2,33.10859536929415,33.10859536929415,100.0
1400,0,24.50273505236347,24.50273505236347,100.0
1400,1,48.11859358773015,48.11859358773015,100.0
1400,2,27.378671359906388,27.378671359906388,100.0
1500,0,53.23579429365649,53.23579429365649,100.0
1500,1,27.505337024866762,27.505337024866762,100.0
1500,2,19.258868681476756,19.258868681476756,100.0
1600,0,26.9968562840256,26.9968562840256,100.0
1600,1,47.0217003706044,47.0217003706044,100.0
1600,2,25.981443345370003,25.981443345370003,100.0
1700,0,25.600443609650448,25.600443609650448,100.0
1700,1,28.488598463162017,28.488598463162017,100.0
1700,2,45.91095792718753,45.91095792718753,100.0
1800,0,26.471854381338154,26.471854381338154,100.0
1800,1,29.809865768563192,29.809865768563192,100.0
1800,2,43.718279850098654,43.718279850098654,100.0
1900,0,23.33296267042843,23.33296267042843,100.0
1900,1,47.786661454675375,47.786661454675375,100.0
1900,2,28.880375874896192,28.880375874896192,100.0
2000,0,26.907598857794007,26.907598857794007,100.0
2000,1,44.170002977307135,44.170002977307135,100.0
2000,2,28.922398164898862,28.922398164898862,100.0
2100,0,25.4309227760605,25.4309227760605,100.0
2100,1,34.739709697889595,34.739709697889595,100.0
2100,2,39.82936752604991,39.82936752604991,100.0
2200,0,25.31239911103616,25.31239911103616,100.0
2200,1,40.13270732992121,40.13270732992121,100.0
2200,2,34.554893559042625,34.554893559042625,100.0
2300,0,40.189960059881855,40.189960059881855,100.0
2300,1,39.03701947854687,39.03701947854687,100.0
2300,2,20.773020461571274,20.773020461571274,100.0
2400,0,39.187934827853375,39.187934827853375,100.0
2400,1,35.16310574702826,35.16310574702826,100.0
2400,2,25.648959425118356,25.648959425118356,100.0
2500,0,43.34985998187866,43.34985998187866,100.0
2500,1,30.804887792829994,30.804887792829994,100.0
2500,2,25.845252225291347,25.845252225291347,100.0
2600,0,29.799169907906425,29.799169907906425,100.0
2600,1,25.92308606307523,25.92308606307523,100.0
2600,2,44.27774402901836,44.27774402901836,100.0
2700,0,39.218265586764666,39.218265586764666,100.0
2700,1,23.851845842467256,23.851845842467256,100.0
2700,2,36.92988857076808,36.92988857076808,100.0
2800,0,25.88113960395666,25.88113960395666,100.0
2800,1,41.28786608025903,41.28786608025903,100.0
2800,2,32.83099431578431,32.83099431578431,100.0
2900,0,25.680308700864874,25.680308700864874,100.0
2900,1,49.1156334508806,49.1156334508806,100.0
2900,2,25.20405784825453,25.20405784825453,100.0
3000,0,35.33981867273586,35.33981867273586,100.0
3000,1,26.086844362894357,26.086844362894357,100.0
3000,2,38.57333696436979,38.57333696436979,100.0
3100,0,44.387087366146375,44.387087366146375,100.0
3100,1,33.35169130349164,33.35169130349164,100.0
3100,2,22.26122133036198,22.26122133036198,100.0
3200,0,41.897468953253814,41.897468953253814,100.0
3200,1,32.12337558759957,32.12337558759957,100.0
3200,2,25.979155459146618,25.979155459146618,100.0
3300,0,26.525704368401893,26.525704368401893,100.0
3300,1,45.57410005446107,45.57410005446107,100.0
3300,2,27.900195577137048,27.900195577137048,100.0
3400,0,32.92901071182438,32.92901071182438,100.0
3400,1,34.84698920026698,34.84698920026698,100.0
3400,2,32.22400008790864,32.22400008790864,100.0
3500,0,27.783999733490326,27.783999733490326,100.0
3500,1,46.659044229317836,46.659044229317836,100.0
3500,2,25.556956037191842,25.556956037191842,100.0
3600,0,29.829817554780192,29.829817554780192,100.0
3600,1,34.634439663677654,34.634439663677654,100.0
3600,2,35.535742781542154,35.535742781542154,100.0
3700,0,34.86597583613381,34.86597583613381,100.0
3700,1,40.422086625766255,40.422086625766255,100.0
3700,2,24.71193753809994,24.71193753809994,100.0
3800,0,35.708622967692385,35.708622967692385,100.0
3800,1,42.85071489390808,42.85071489390808,100.0
3800,2,21.440662138399524,21.440662138399524,100.0
3900,0,30.957427849660217,30.957427849660217,100.0
3900,1,38.207566391562295,38.207566391562295,100.0
3900,2,30.835005758777484,30.835005758777484,100.0
4000,0,49.94902176751667,49.94902176751667,100.0
4000,1,26.59593058561791,26.59593058561791,100.0
4000,2,23.455047646865417,23.455047646865417,100.0
4100,0,36.14257402756925,36.14257402756925,100.0
4100,1,25.13462405172583,25.13462405172583,100.0
4100,2,38.72280192070492,38.72280192070492,100.0
4200,0,31.533691613157593,31.533691613157593,100.0
4200,1,45.242175366117955,45.242175366117955,100.0
4200,2,23.22413302072446,23.22413302072446,100.0
4300,0,27.867022716783353,27.867022716783353,100.0
4300,1,46.11160600449053,46.11160600449053,100.0
4300,2,26.021371278726114,26.021371278726114,100.0
4400,0,33.47892965038732,33.47892965038732,100.0
4400,1,26.769250363322694,26.769250363322694,100.0
4400,2,39.75181998628999,39.75181998628999,100.0
4500,0,23.357873790455603,23.357873790455603,100.0
4500,1,44.40214456079417,44.40214456079417,100.0
4500,2,32.23998164875024,32.23998164875024,100.0
4600,0,34.376040203295,34.376040203295,100.0
4600,1,27.155771517001654,27.155771517001654,100.0
4600,2,38.46818827970335,38.46818827970335,100.0
4700,0,34.97124266340321,34.97124266340321,100.0
4700,1,39.655317736184045,39.655317736184045,100.0
4700,2,25.373439600412738,25.373439600412738,100.0
4800,0,28.000818557942797,28.000818557942797,100.0
4800,1,52.96109170853379,52.96109170853379,100.0
4800,2,19.03808973352341,19.03808973352341,100.0
4900,0,33.885466479025396,33.885466479025396,100.0
4900,1,47.3953491462172,47.3953491462172,100.0
4900,2,18.719184374757408,18.719184374757408,100.0
5000,0,37.732827222162676,37.732827222162676,100.0
5000,1,40.00455605321219,40.00455605321219,100.0
5000,2,22.26261672462514,22.26261672462514,100.0
5100,0,45.124406000713094,45.124406000713094,100.0
5100,1,31.54335409520256,31.54335409520256,100.0
5100,2,23.33223990408435,23.33223990408435,100.0
5200,0,46.05741599873765,46.05741599873765,100.0
5200,1,30.853832689580813,30.853832689580813,100.0
5200,2,23.08875131168154,23.08875131168154,100.0
5300,0,42.15176567991038,42.15176567991038,100.0
5300,1,26.641365183885846,26.641365183885846,100.0
5300,2,31.20686913620378,31.20686913620378,100.0
5400,0,24.998210082214868,24.998210082214868,100.0
5400,1,38.944463555662054,38.944463555662054,100.0
5400,2,36.05732636212308,36.05732636212308,100.0
5500,0,37.64482507187638,37.64482507187638,100.0
5500,1,43.02898477514647,43.02898477514647,100.0
5500,2,19.326190152977134,19.326190152977134,100.0
5600,0,27.575406915141343,27.575406915141343,100.0
5600,1,31.97878079988324,31.97878079988324,100.0
5600,2,40.44581228497543,40.44581228497543,100.0
5700,0,31.75269319148839,31.75269319148839,100.0
5700,1,46.29111189723207,46.29111189723207,100.0
5700,2,21.956194911279532,21.956194911279532,100.0
5800,0,45.69546835513059,45.69546835513059,100.0
5800,1,35.64488339967432,35.64488339967432,100.0
5800,2,18.659648245195086,18.659648245195086,100.0
5900,0,27.50487966127302,27.50487966127302,100.0
5900,1,32.74835944132845,32.74835944132845,100.0
5900,2,39.746760897398545,39.746760897398545,100.0
6000,0,39.50557854350372,39.50557854350372,100.0
6000,1,29.749057205515296,29.749057205515296,100.0
6000,2,30.745364250980987,30.745364250980987,100.0
6100,0,35.93427401740033,35.93427401740033,100.0
6100,1,43.1902937819589,43.1902937819589,100.0
6100,2,20.87543220064077,20.87543220064077,100.0
6200,0,25.244856348423273,25.244856348423273,100.0
6200,1,35.0586723098253,35.0586723098253,100.0
6200,2,39.696471341751426,39.696471341751426,100.0
6300,0,39.02666845940777,39.02666845940777,100.0
6300,1,42.59690381982918,42.59690381982918,100.0
6300,2,18.37642772076305,18.37642772076305,100.0
6400,0,22.52699026957331,22.52699026957331,100.0
6400,1,55.034047196846615,55.034047196846615,100.0
6400,2,22.438962533580074,22.438962533580074,100.0
6500,0,40.64333543290931,40.64333543290931,100.0
6500,1,38.619476089729545,38.619476089729545,100.0
6500,2,20.73718847736116,20.73718847736116,100.0
6600,0,33.004864822889274,33.004864822889274,100.0
6600,1,34.32810943863951,34.32810943863951,100.0
6600,2,32.66702573847122,32.66702573847122,100.0
6700,0,46.68170485946147,46.68170485946147,100.0
6700,1,26.21072542369945,26.21072542369945,100.0
6700,2,27.107569716839073,27.107569716839073,100.0
6800,0,48.10098692183064,48.10098692183064,100.0
6800,1,28.836832874733414,28.836832874733414,100.0
6800,2,23.06218020343595,23.06218020343595,100.0
6900,0,39.40369982754448,39.40369982754448,100.0
6900,1,37.742419709939746,37.742419709939746,100.0
6900,2,22.85388046251577,22.85388046251577,100.0
7000,0,48.920697468908756,48.920697468908756,100.0
7000,1,26.68476104738175,26.68476104738175,100.0
7000,2,24.394541483709496,24.394541483709496,100.0
7100,0,27.488536660079998,27.488536660079998,100.0
7100,1,48.68684014671432,48.68684014671432,100.0
7100,2,23.824623193205692,23.824623193205692,100.0
7200,0,33.04690895612016,33.04690895612016,100.0
7200,1,26.218461192986776,26.218461192986776,100.0
7200,2,40.734629850893064,40.734629850893064,100.0
7300,0,35.19599225563156,35.19599225563156,100.0
7300,1,32.8815174568184,32.8815174568184,100.0
7300,2,31.922490287550044,31.922490287550044,100.0
7400,0,36.385090298905354,36.385090298905354,100.0
7400,1,30.388353920114163,30.388353920114163,100.0
7400,2,33.226555780980476,33.226555780980476,100.0
7500,0,41.47939433927402,41.47939433927402,100.0
7500,1,24.864622658386143,24.864622658386143,100.0
7500,2,33.65598300233984,33.65598300233984,100.0
7600,0,25.974768001469993,25.974768001469993,100.0
7600,1,48.16626589308487,48.16626589308487,100.0
7600,2,25.85896610544515,25.85896610544515,100.0
7700,0,41.70311709218421,41.70311709218421,100.0
7700,1,23.952241283094793,23.952241283094793,100.0
7700,2,34.34464162472101,34.34464162472101,100.0
7800,0,41.541614849317156,41.541614849317156,100.0
7800,1,25.014762963725023,25.014762963725023,100.0
7800,2,33.443622186957825,33.443622186957825,100.0
7900,0,45.163884863845475,45.163884863845475,100.0
7900,1,28.39405965140867,28.39405965140867,100.0
7900,2,26.44205548474585,26.44205548474585,100.0
8000,0,28.461945692106884,28.461945692106884,100.0
8000,1,32.150366215979595,32.150366215979595,100.0
8000,2,39.387688091913525,39.387688091913525,100.0
8100,0,25.225385708661886,25.225385708661886,100.0
8100,1,39.18347058876612,39.18347058876612,100.0
8100,2,35.591143702572,35.591143702572,100.0
8200,0,36.62184690645813,36.62184690645813,100.0
8200,1,33.41979462295871,33.41979462295871,100.0
8200,2,29.958358470583157,29.958358470583157,100.0
8300,0,24.36616022621272,24.36616022621272,100.0
8300,1,39.457635730985785,39.457635730985785,100.0
8300,2,36.176204042801494,36.176204042801494,100.0
8400,0,30.831736335476513,30.831736335476513,100.0
8400,1,30.475791694890276,30.475791694890276,100.0
8400,2,38.69247196963321,38.69247196963321,100.0
8500,0,38.439895876196985,38.439895876196985,100.0
8500,1,34.10068620842519,34.10068620842519,100.0
8500,2,27.459417915377827,27.459417915377827,100.0
8600,0,41.373969569867015,41.373969569867015,100.0
8600,1,36.65504261535336,36.65504261535336,100.0
8600,2,21.97098781477962,21.97098781477962,100.0
8700,0,41.00623970031472,41.00623970031472,100.0
8700,1,34.22591091018396,34.22591091018396,100.0
8700,2,24.767849389501315,24.767849389501315,100.0
8800,0,30.89928134250347,30.89928134250347,100.0
8800,1,40.998893454626604,40.998893454626604,100.0
8800,2,28.101825202869936,28.101825202869936,100.0
8900,0,42.515885838589604,42.515885838589604,100.0
8900,1,35.39217958606882,35.39217958606882,100.0
8900,2,22.091934575341575,22.091934575341575,100.0
9000,0,28.977697482938826,28.977697482938826,100.0
9000,1,47.70431515362255,47.70431515362255,100.0
9000,2,23.317987363438622,23.317987363438622,100.0
9100,0,23.19197986700143,23.19197986700143,100.0
9100,1,43.38963024981685,43.38963024981685,100.0
9100,2,33.41838988318172,33.41838988318172,100.0
9200,0,25.94476155561734,25.94476155561734,100.0
9200,1,30.51991941629715,30.51991941629715,100.0
9200,2,43.53531902808552,43.53531902808552,100.0
9300,0,24.46036649296533,24.46036649296533,100.0
9300,1,31.561229850385953,31.561229850385953,100.0
9300,2,43.978403656648716,43.978403656648716,100.0
9400,0,32.19149407623789,32.19149407623789,100.0
9400,1,35.739130101047046,35.739130101047046,100.0
9400,2,32.069375822715074,32.069375822715074,100.0
9500,0,43.40386065038846,43.40386065038846,100.0
9500,1,32.40544549068788,32.40544549068788,100.0
9500,2,24.190693858923666,24.190693858923666,100.0
9600,0,26.122815653306112,26.122815653306112,100.0
9600,1,32.320227277539864,32.320227277539864,100.0
9600,2,41.55695706915402,41.55695706915402,100.0
9700,0,46.866814780646244,46.866814780646244,100.0
9700,1,27.87763683429952,27.87763683429952,100.0
9700,2,25.25554838505424,25.25554838505424,100.0
9800,0,36.52203589028545,36.52203589028545,100.0
9800,1,30.136826222328445,30.136826222328445,100.0
9800,2,33.34113788738611,33.34113788738611,100.0
9900,0,45.88262310189557,45.88262310189557,100.0
9900,1,31.03687842050855,31.03687842050855,100.0
9900,2,23.080498477595878,23.080498477595878,100.0
