timestamp,ueImsi,sliceId,dTxBytes,dRxBytes,plr,resourceSharePct,dLostPackets,throughputMbps,bufferBytes
560,1,0,24448,0,100.00,16.67,16,0.0000,137909
560,2,0,24448,1528,93.75,16.67,15,1.2224,137431
560,3,0,24448,1528,93.75,16.67,15,1.2224,137493
560,4,0,24448,0,100.00,16.67,16,0.0000,136515
560,5,0,24448,0,100.00,16.67,16,0.0000,136531
560,6,1,780,624,20.00,70.00,2,0.4992,87
560,7,1,780,624,20.00,70.00,2,0.4992,87
560,8,1,780,624,20.00,70.00,2,0.4992,87
560,9,1,780,624,20.00,70.00,2,0.4992,87
560,10,1,780,624,20.00,70.00,2,0.4992,87
560,11,2,16000,512,96.80,13.34,121,0.4096,92463
560,12,2,16000,512,96.80,13.34,121,0.4096,92463
560,13,2,16000,640,96.00,13.34,120,0.5120,91981
560,14,2,16000,384,97.60,13.34,122,0.3072,91841
560,15,2,16000,512,96.80,13.34,121,0.4096,91892
560,16,2,16000,512,96.80,13.34,121,0.4096,91892
560,17,2,16000,512,96.80,13.34,121,0.4096,91892
560,18,2,16000,512,96.80,13.34,121,0.4096,91899
560,19,2,16000,512,96.80,13.34,121,0.4096,91897
560,20,2,16000,384,97.60,13.34,122,0.3072,91895
