timestamp,sliceId,dedicatedPRB,minPRB,maxPRB
510,0,41.65286992294141,41.65286992294141,100.0
510,1,38.12140348319064,38.12140348319064,100.0
510,2,20.225726593867947,20.225726593867947,100.0
520,0,42.74880769507736,42.74880769507736,100.0
520,1,29.780439711517126,29.780439711517126,100.0
520,2,27.470752593405507,27.470752593405507,100.0
530,0,47.67389450320238,47.67389450320238,100.0
530,1,27.862136076334366,27.862136076334366,100.0
530,2,24.463969420463258,24.463969420463258,100.0
540,0,46.872976279791814,46.872976279791814,100.0
540,1,33.03952617799615,33.03952617799615,100.0
540,2,20.087497542212034,20.087497542212034,100.0
550,0,51.27946999665007,51.27946999665007,100.0
550,1,30.054524910199266,30.054524910199266,100.0
550,2,18.666005093150662,18.666005093150662,100.0
