timestamp,ueImsi,sliceId,dTxBytes,dRxBytes,plr,resourceSharePct,dLostPackets,throughputMbps,bufferBytes
560,1,0,24448,1528,93.75,51.28,15,1.2224,133198
560,2,0,24448,1528,93.75,51.28,15,1.2224,133191
560,3,0,24448,1528,93.75,51.28,15,1.2224,133237
560,4,0,24448,1528,93.75,51.28,15,1.2224,133154
560,5,0,24448,1528,93.75,51.28,15,1.2224,133155
560,6,1,780,624,20.00,30.05,2,0.4992,126
560,7,1,780,624,20.00,30.05,2,0.4992,126
560,8,1,780,624,20.00,30.05,2,0.4992,87
560,9,1,780,624,20.00,30.05,2,0.4992,126
560,10,1,780,624,20.00,30.05,2,0.4992,126
560,11,2,16000,512,96.80,18.67,121,0.4096,92226
560,12,2,16000,384,97.60,18.67,122,0.3072,92328
560,13,2,16000,384,97.60,18.67,122,0.3072,92218
560,14,2,16000,384,97.60,18.67,122,0.3072,92229
560,15,2,16000,512,96.80,18.67,121,0.4096,92284
560,16,2,16000,512,96.80,18.67,121,0.4096,92302
560,17,2,16000,512,96.80,18.67,121,0.4096,92294
560,18,2,16000,512,96.80,18.67,121,0.4096,92308
560,19,2,16000,512,96.80,18.67,121,0.4096,92291
560,20,2,16000,512,96.80,18.67,121,0.4096,92289
