timestamp,sliceId,dedicatedPRB,minPRB,maxPRB
510,0,33.2358380356215,33.2358380356215,100.0
510,1,41.055220504174514,41.055220504174514,100.0
510,2,25.708941460203988,25.708941460203988,100.0
520,0,36.83897586210881,36.83897586210881,100.0
520,1,39.59416033335672,39.59416033335672,100.0
520,2,23.566863804534467,23.566863804534467,100.0
530,0,47.83873562662735,47.83873562662735,100.0
530,1,31.421080110437767,31.421080110437767,100.0
530,2,20.74018426293489,20.74018426293489,100.0
540,0,43.880997237205264,43.880997237205264,100.0
540,1,32.69329275899962,32.69329275899962,100.0
540,2,23.425710003795114,23.425710003795114,100.0
550,0,25.928855484547114,25.928855484547114,100.0
550,1,25.41711002650552,25.41711002650552,100.0
550,2,48.65403448894738,48.65403448894738,100.0
