timestamp,sliceId,dedicatedPRB,minPRB,maxPRB,algorithm
510,0,21.665,21.665,100.0,2
510,1,30.000000000000004,30.000000000000004,100.0,2
510,2,48.334999999999994,48.334999999999994,100.0,2
520,0,26.665,26.665,100.0,2
520,1,50.0,50.0,100.0,2
520,2,23.335,23.335,100.0,2
530,0,41.665,41.665,100.0,2
530,1,35.0,35.0,100.0,2
530,2,23.335,23.335,100.0,2
540,0,56.665,56.665,100.0,2
540,1,20.0,20.0,100.0,2
540,2,23.335,23.335,100.0,2
550,0,46.665,46.665,100.0,0
550,1,35.0,35.0,100.0,0
550,2,18.335,18.335,100.0,0
560,0,41.665,41.665,100.0,2
560,1,35.0,35.0,100.0,2
560,2,23.335,23.335,100.0,2
570,0,16.665000000000003,16.665000000000003,100.0,1
570,1,70.0,70.0,100.0,1
570,2,13.335000000000003,13.335000000000003,100.0,1
580,0,46.665,46.665,100.0,1
580,1,35.0,35.0,100.0,1
580,2,18.335,18.335,100.0,1
590,0,16.665,16.665,100.0,1
590,1,55.00000000000001,55.00000000000001,100.0,1
590,2,28.335,28.335,100.0,1
600,0,16.665,16.665,100.0,2
600,1,45.0,45.0,100.0,2
600,2,38.334999999999994,38.334999999999994,100.0,2
610,0,21.665,21.665,100.0,2
610,1,25.0,25.0,100.0,2
610,2,53.335,53.335,100.0,2
620,0,31.665,31.665,100.0,1
620,1,50.0,50.0,100.0,1
620,2,18.335,18.335,100.0,1
630,0,16.665000000000003,16.665000000000003,100.0,0
630,1,70.0,70.0,100.0,0
630,2,13.335000000000003,13.335000000000003,100.0,0
