timestamp,sliceId,dedicatedPRB,minPRB,maxPRB
510,0,42.10254045866743,42.10254045866743,100.0
510,1,30.875980604626356,30.875980604626356,100.0
510,2,27.021478936706224,27.021478936706224,100.0
520,0,23.483967080680912,23.483967080680912,100.0
520,1,54.568432393285846,54.568432393285846,100.0
520,2,21.94760052603324,21.94760052603324,100.0
530,0,40.1557041888187,40.1557041888187,100.0
530,1,25.549857142352266,25.549857142352266,100.0
530,2,34.29443866882903,34.29443866882903,100.0
540,0,43.102856523601865,43.102856523601865,100.0
540,1,39.10292128500296,39.10292128500296,100.0
540,2,17.794222191395185,17.794222191395185,100.0
550,0,24.59940160035824,24.59940160035824,100.0
550,1,38.671860365200644,38.671860365200644,100.0
550,2,36.728738034441115,36.728738034441115,100.0
560,0,30.670212090752724,30.670212090752724,100.0
560,1,34.2864512137715,34.2864512137715,100.0
560,2,35.04333669547579,35.04333669547579,100.0
570,0,23.481608436685036,23.481608436685036,100.0
570,1,33.242489238074604,33.242489238074604,100.0
570,2,43.27590232524037,43.27590232524037,100.0
