timestamp,ueImsi,sliceId,dTxBytes,dRxBytes,plr,resourceSharePct,dLostPackets,throughputMbps,bufferBytes
1510,1,0,18336,0,100.00,35.47,12,0.0000,1696873
1510,2,0,18336,3056,83.33,35.47,10,2.4448,1459948
1510,3,0,18336,6112,66.67,35.47,8,4.8896,1129822
1510,4,0,18336,4584,75.00,35.47,9,3.6672,1348194
1510,5,0,18336,0,100.00,35.47,12,0.0000,1695724
1510,6,1,390,390,0.00,30.90,0,0.3120,87
1510,7,1,390,0,100.00,30.90,5,0.0000,10450
1510,8,1,390,390,0.00,30.90,0,0.3120,87
1510,9,1,390,0,100.00,30.90,5,0.0000,251
1510,10,1,390,0,100.00,30.90,5,0.0000,579
1510,11,2,384,256,33.33,33.63,1,0.2048,137
1510,12,2,384,256,33.33,33.63,1,0.2048,137
1510,13,2,384,256,33.33,33.63,1,0.2048,137
1510,14,2,384,256,33.33,33.63,1,0.2048,137
1510,15,2,384,256,33.33,33.63,1,0.2048,58
1510,16,2,384,0,100.00,33.63,3,0.0000,759
1510,17,2,384,256,33.33,33.63,1,0.2048,137
1510,18,2,384,0,100.00,33.63,3,0.0000,137
1510,19,2,384,256,33.33,33.63,1,0.2048,137
1510,20,2,384,256,33.33,33.63,1,0.2048,137
