timestamp,ueImsi,sliceId,dTxBytes,dRxBytes,plr,resourceSharePct,dLostPackets,throughputMbps,bufferBytes
570,1,0,25976,1528,94.12,36.66,16,1.2224,158954
570,2,0,25976,1528,94.12,36.66,16,1.2224,158862
570,3,0,25976,1528,94.12,36.66,16,1.2224,158863
570,4,0,25976,3056,88.24,36.66,15,2.4448,158848
570,5,0,25976,1528,94.12,36.66,16,1.2224,158844
570,6,1,390,468,0.00,30.00,0,0.3744,87
570,7,1,390,468,0.00,30.00,0,0.3744,87
570,8,1,390,468,0.00,30.00,0,0.3744,87
570,9,1,390,468,0.00,30.00,0,0.3744,87
570,10,1,390,468,0.00,30.00,0,0.3744,87
570,11,2,16000,1280,92.00,33.33,115,1.0240,102928
570,12,2,16000,1280,92.00,33.33,115,1.0240,102920
570,13,2,16000,1280,92.00,33.33,115,1.0240,102921
570,14,2,16000,1280,92.00,33.33,115,1.0240,102922
570,15,2,16000,1280,92.00,33.33,115,1.0240,102874
570,16,2,16000,1280,92.00,33.33,115,1.0240,102885
570,17,2,16000,1280,92.00,33.33,115,1.0240,102808
570,18,2,16000,1280,92.00,33.33,115,1.0240,102887
570,19,2,16000,1280,92.00,33.33,115,1.0240,102872
570,20,2,16000,1280,92.00,33.33,115,1.0240,102872
