timestamp,ueImsi,sliceId,dTxBytes,dRxBytes,plr,resourceSharePct,dLostPackets,throughputMbps,bufferBytes
1510,1,0,18336,0,100.00,21.66,12,0.0000,1684296
1510,2,0,18336,1528,91.67,21.66,11,1.2224,1528856
1510,3,0,18336,6112,66.67,21.66,8,4.8896,1247936
1510,4,0,18336,0,100.00,21.66,12,0.0000,1253334
1510,5,0,18336,0,100.00,21.66,12,0.0000,1717643
1510,6,1,390,390,0.00,50.00,0,0.3120,87
1510,7,1,390,0,100.00,50.00,5,0.0000,415
1510,8,1,390,390,0.00,50.00,0,0.3120,87
1510,9,1,390,0,100.00,50.00,5,0.0000,333
1510,10,1,390,0,100.00,50.00,5,0.0000,661
1510,11,2,384,256,33.33,28.34,1,0.2048,137
1510,12,2,384,256,33.33,28.34,1,0.2048,137
1510,13,2,384,256,33.33,28.34,1,0.2048,137
1510,14,2,384,256,33.33,28.34,1,0.2048,137
1510,15,2,384,256,33.33,28.34,1,0.2048,80
1510,16,2,384,0,100.00,28.34,3,0.0000,285
1510,17,2,384,256,33.33,28.34,1,0.2048,137
1510,18,2,384,0,100.00,28.34,3,0.0000,531
1510,19,2,384,256,33.33,28.34,1,0.2048,137
1510,20,2,384,256,33.33,28.34,1,0.2048,137
