timestamp,sliceId,dedicatedPRB,minPRB,maxPRB
510,0,35.877444003300866,35.877444003300866,100.0
510,1,33.27681750792029,33.27681750792029,100.0
510,2,30.84573848877885,30.84573848877885,100.0
520,0,35.62226942763356,35.62226942763356,100.0
520,1,30.753844132408588,30.753844132408588,100.0
520,2,33.62388643995786,33.62388643995786,100.0
530,0,44.79940498899722,44.79940498899722,100.0
530,1,32.508142553639715,32.508142553639715,100.0
530,2,22.69245245736307,22.69245245736307,100.0
540,0,36.947577090951654,36.947577090951654,100.0
540,1,29.45697358472175,29.45697358472175,100.0
540,2,33.5954493243266,33.5954493243266,100.0
550,0,23.72084910990557,23.72084910990557,100.0
550,1,51.276161106655174,51.276161106655174,100.0
550,2,25.002989783439272,25.002989783439272,100.0
560,0,30.092178686358707,30.092178686358707,100.0
560,1,45.5248407993995,45.5248407993995,100.0
560,2,24.382980514241794,24.382980514241794,100.0
570,0,38.990805219353355,38.990805219353355,100.0
570,1,32.334443455472346,32.334443455472346,100.0
570,2,28.6747513251743,28.6747513251743,100.0
580,0,26.287340470855657,26.287340470855657,100.0
580,1,45.24203632627376,45.24203632627376,100.0
580,2,28.47062320287057,28.47062320287057,100.0
590,0,30.70135122392765,30.70135122392765,100.0
590,1,31.304348233215883,31.304348233215883,100.0
590,2,37.99430054285647,37.99430054285647,100.0
600,0,34.09502173835506,34.09502173835506,100.0
600,1,26.153222603385977,26.153222603385977,100.0
600,2,39.75175565825897,39.75175565825897,100.0
610,0,30.101610881299717,30.101610881299717,100.0
610,1,34.51781689013052,34.51781689013052,100.0
610,2,35.38057222856977,35.38057222856977,100.0
620,0,48.38042881339744,48.38042881339744,100.0
620,1,26.064415429609095,26.064415429609095,100.0
620,2,25.555155756993475,25.555155756993475,100.0
630,0,30.098861852786975,30.098861852786975,100.0
630,1,30.19722230207542,30.19722230207542,100.0
630,2,39.70391584513761,39.70391584513761,100.0
640,0,37.42598874839106,37.42598874839106,100.0
640,1,34.84572579624796,34.84572579624796,100.0
640,2,27.72828545536098,27.72828545536098,100.0
650,0,27.802884831224045,27.802884831224045,100.0
650,1,31.177888259492796,31.177888259492796,100.0
650,2,41.019226909283155,41.019226909283155,100.0
660,0,47.461015901310496,47.461015901310496,100.0
660,1,25.71310479471413,25.71310479471413,100.0
660,2,26.825879303975377,26.825879303975377,100.0
670,0,34.20663090473866,34.20663090473866,100.0
670,1,46.38272233605672,46.38272233605672,100.0
670,2,19.41064675920462,19.41064675920462,100.0
680,0,40.49119998086959,40.49119998086959,100.0
680,1,27.310712822694537,27.310712822694537,100.0
680,2,32.19808719643588,32.19808719643588,100.0
690,0,23.28845676243043,23.28845676243043,100.0
690,1,34.06993888909602,34.06993888909602,100.0
690,2,42.64160434847355,42.64160434847355,100.0
700,0,26.700299414186134,26.700299414186134,100.0
700,1,48.03438051983863,48.03438051983863,100.0
700,2,25.265320065975246,25.265320065975246,100.0
710,0,29.58443872360003,29.58443872360003,100.0
710,1,37.590611277475375,37.590611277475375,100.0
710,2,32.82494999892459,32.82494999892459,100.0
720,0,26.313634894950884,26.313634894950884,100.0
720,1,27.461451418523808,27.461451418523808,100.0
720,2,46.22491368652531,46.22491368652531,100.0
730,0,24.63131991353915,24.63131991353915,100.0
730,1,51.32226090440648,51.32226090440648,100.0
730,2,24.04641918205437,24.04641918205437,100.0
740,0,28.72491309602252,28.72491309602252,100.0
740,1,29.978489941587604,29.978489941587604,100.0
740,2,41.29659696238988,41.29659696238988,100.0
750,0,38.19143758805899,38.19143758805899,100.0
750,1,25.606146362462358,25.606146362462358,100.0
750,2,36.20241604947866,36.20241604947866,100.0
760,0,31.366259374490856,31.366259374490856,100.0
760,1,36.17504515864752,36.17504515864752,100.0
760,2,32.458695466861634,32.458695466861634,100.0
770,0,39.71064594478637,39.71064594478637,100.0
770,1,31.744046316834474,31.744046316834474,100.0
770,2,28.545307738379154,28.545307738379154,100.0
780,0,26.593598621165793,26.593598621165793,100.0
780,1,40.27287112128582,40.27287112128582,100.0
780,2,33.13353025754839,33.13353025754839,100.0
790,0,24.25324643662441,24.25324643662441,100.0
790,1,44.36621489614551,44.36621489614551,100.0
790,2,31.380538667230084,31.380538667230084,100.0
800,0,33.84552111542613,33.84552111542613,100.0
800,1,27.327169370940556,27.327169370940556,100.0
800,2,38.82730951363331,38.82730951363331,100.0
810,0,29.10687410660048,29.10687410660048,100.0
810,1,40.53093860404838,40.53093860404838,100.0
810,2,30.362187289351144,30.362187289351144,100.0
820,0,39.31053074525154,39.31053074525154,100.0
820,1,33.791057621563134,33.791057621563134,100.0
820,2,26.898411633185326,26.898411633185326,100.0
830,0,36.3296576278948,36.3296576278948,100.0
830,1,42.70149115392747,42.70149115392747,100.0
830,2,20.96885121817774,20.96885121817774,100.0
840,0,35.98235728643993,35.98235728643993,100.0
840,1,38.74606317256103,38.74606317256103,100.0
840,2,25.271579540999046,25.271579540999046,100.0
850,0,30.867543509788543,30.867543509788543,100.0
850,1,28.316325064007806,28.316325064007806,100.0
850,2,40.81613142620366,40.81613142620366,100.0
860,0,36.95616423874094,36.95616423874094,100.0
860,1,32.685872410504295,32.685872410504295,100.0
860,2,30.357963350754762,30.357963350754762,100.0
870,0,27.93860485140326,27.93860485140326,100.0
870,1,40.95084658318367,40.95084658318367,100.0
870,2,31.110548565413083,31.110548565413083,100.0
880,0,27.854668995358782,27.854668995358782,100.0
880,1,39.7257893379902,39.7257893379902,100.0
880,2,32.41954166665102,32.41954166665102,100.0
890,0,22.86573638740304,22.86573638740304,100.0
890,1,41.17731456871674,41.17731456871674,100.0
890,2,35.95694904388022,35.95694904388022,100.0
900,0,34.490033167292175,34.490033167292175,100.0
900,1,25.87240517282443,25.87240517282443,100.0
900,2,39.63756165988341,39.63756165988341,100.0
910,0,21.75723690107578,21.75723690107578,100.0
910,1,43.47541660661362,43.47541660661362,100.0
910,2,34.76734649231061,34.76734649231061,100.0
920,0,22.836008119057173,22.836008119057173,100.0
920,1,26.22412138895367,26.22412138895367,100.0
920,2,50.93987049198917,50.93987049198917,100.0
930,0,36.25455298514979,36.25455298514979,100.0
930,1,34.98307253536821,34.98307253536821,100.0
930,2,28.762374479482006,28.762374479482006,100.0
940,0,38.7961561568844,38.7961561568844,100.0
940,1,32.21076585894789,32.21076585894789,100.0
940,2,28.993077984167716,28.993077984167716,100.0
950,0,23.42392804366128,23.42392804366128,100.0
950,1,42.7928899212951,42.7928899212951,100.0
950,2,33.78318203504362,33.78318203504362,100.0
960,0,41.347565469057336,41.347565469057336,100.0
960,1,35.614660807432834,35.614660807432834,100.0
960,2,23.03777372350983,23.03777372350983,100.0
970,0,34.77450300248998,34.77450300248998,100.0
970,1,39.234498456186586,39.234498456186586,100.0
970,2,25.990998541323446,25.990998541323446,100.0
980,0,37.055327065696,37.055327065696,100.0
980,1,39.069066986973745,39.069066986973745,100.0
980,2,23.875605947330257,23.875605947330257,100.0
990,0,24.85781613741282,24.85781613741282,100.0
990,1,29.917556889244484,29.917556889244484,100.0
990,2,45.224626973342694,45.224626973342694,100.0
1000,0,24.288566269288854,24.288566269288854,100.0
1000,1,53.33097840353438,53.33097840353438,100.0
1000,2,22.38045532717676,22.38045532717676,100.0
1010,0,23.878719154856295,23.878719154856295,100.0
1010,1,35.39706890660837,35.39706890660837,100.0
1010,2,40.72421193853534,40.72421193853534,100.0
1020,0,39.8107425352082,39.8107425352082,100.0
1020,1,31.733870953825782,31.733870953825782,100.0
1020,2,28.45538651096602,28.45538651096602,100.0
1030,0,33.15030359581242,33.15030359581242,100.0
1030,1,31.074382352088158,31.074382352088158,100.0
1030,2,35.77531405209943,35.77531405209943,100.0
1040,0,38.411927677956,38.411927677956,100.0
1040,1,26.293172398655486,26.293172398655486,100.0
1040,2,35.29489992338852,35.29489992338852,100.0
1050,0,37.13925431055547,37.13925431055547,100.0
1050,1,29.239260481997615,29.239260481997615,100.0
1050,2,33.621485207446916,33.621485207446916,100.0
1060,0,43.87559641289164,43.87559641289164,100.0
1060,1,32.22996921556492,32.22996921556492,100.0
1060,2,23.894434371543444,23.894434371543444,100.0
1070,0,45.955182456047595,45.955182456047595,100.0
1070,1,30.31607808313167,30.31607808313167,100.0
1070,2,23.728739460820737,23.728739460820737,100.0
1080,0,41.82478878682121,41.82478878682121,100.0
1080,1,30.000898121101017,30.000898121101017,100.0
1080,2,28.174313092077785,28.174313092077785,100.0
1090,0,23.757411739812294,23.757411739812294,100.0
1090,1,28.60640488521136,28.60640488521136,100.0
1090,2,47.63618337497635,47.63618337497635,100.0
1100,0,48.96666184880318,48.96666184880318,100.0
1100,1,30.16508280299155,30.16508280299155,100.0
1100,2,20.868255348205277,20.868255348205277,100.0
1110,0,37.902786504936934,37.902786504936934,100.0
1110,1,23.982666570149398,23.982666570149398,100.0
1110,2,38.11454692491366,38.11454692491366,100.0
1120,0,24.218425160578935,24.218425160578935,100.0
1120,1,52.25023858839188,52.25023858839188,100.0
1120,2,23.531336251029174,23.531336251029174,100.0
1130,0,41.06951146339358,41.06951146339358,100.0
1130,1,39.3906420732717,39.3906420732717,100.0
1130,2,19.53984646333472,19.53984646333472,100.0
1140,0,32.22391378361982,32.22391378361982,100.0
1140,1,28.198508989332048,28.198508989332048,100.0
1140,2,39.57757722704813,39.57757722704813,100.0
1150,0,34.24917356855112,34.24917356855112,100.0
1150,1,34.88243417916419,34.88243417916419,100.0
1150,2,30.86839225228469,30.86839225228469,100.0
1160,0,29.86540755031951,29.86540755031951,100.0
1160,1,35.99437449541821,35.99437449541821,100.0
1160,2,34.14021795426228,34.14021795426228,100.0
1170,0,49.00439406960791,49.00439406960791,100.0
1170,1,29.867101588965117,29.867101588965117,100.0
1170,2,21.12850434142696,21.12850434142696,100.0
1180,0,41.72371004457723,41.72371004457723,100.0
1180,1,24.43312641547767,24.43312641547767,100.0
1180,2,33.843163539945095,33.843163539945095,100.0
1190,0,28.94036053775376,28.94036053775376,100.0
1190,1,35.616399601731146,35.616399601731146,100.0
1190,2,35.44323986051509,35.44323986051509,100.0
1200,0,22.936331506453733,22.936331506453733,100.0
1200,1,26.339591835908916,26.339591835908916,100.0
1200,2,50.724076657637355,50.724076657637355,100.0
1210,0,42.86065052132242,42.86065052132242,100.0
1210,1,32.27307203958903,32.27307203958903,100.0
1210,2,24.866277439088556,24.866277439088556,100.0
1220,0,40.67765220862513,40.67765220862513,100.0
1220,1,34.88551329306952,34.88551329306952,100.0
1220,2,24.436834498305338,24.436834498305338,100.0
1230,0,47.44435028634374,47.44435028634374,100.0
1230,1,29.24451409834562,29.24451409834562,100.0
1230,2,23.31113561531064,23.31113561531064,100.0
1240,0,38.65025410563416,38.65025410563416,100.0
1240,1,40.80387974333771,40.80387974333771,100.0
1240,2,20.545866151028118,20.545866151028118,100.0
1250,0,24.592363970756196,24.592363970756196,100.0
1250,1,37.14013139843312,37.14013139843312,100.0
1250,2,38.26750463081069,38.26750463081069,100.0
1260,0,21.08351154087364,21.08351154087364,100.0
1260,1,43.61912860788881,43.61912860788881,100.0
1260,2,35.29735985123755,35.29735985123755,100.0
1270,0,37.73122620098901,37.73122620098901,100.0
1270,1,32.985377131413394,32.985377131413394,100.0
1270,2,29.283396667597593,29.283396667597593,100.0
1280,0,26.10038877288713,26.10038877288713,100.0
1280,1,52.355432644016034,52.355432644016034,100.0
1280,2,21.544178583096844,21.544178583096844,100.0
1290,0,24.30159143884439,24.30159143884439,100.0
1290,1,42.862372428950955,42.862372428950955,100.0
1290,2,32.83603613220466,32.83603613220466,100.0
1300,0,26.931706875766046,26.931706875766046,100.0
1300,1,40.02147563778228,40.02147563778228,100.0
1300,2,33.04681748645168,33.04681748645168,100.0
1310,0,37.16135208152659,37.16135208152659,100.0
1310,1,31.718680631668093,31.718680631668093,100.0
1310,2,31.119967286805316,31.119967286805316,100.0
1320,0,24.493687323940772,24.493687323940772,100.0
1320,1,55.868130217777804,55.868130217777804,100.0
1320,2,19.638182458281428,19.638182458281428,100.0
1330,0,35.57232390637128,35.57232390637128,100.0
1330,1,41.28442699282672,41.28442699282672,100.0
1330,2,23.143249100802006,23.143249100802006,100.0
1340,0,42.816109171688055,42.816109171688055,100.0
1340,1,34.8911254594518,34.8911254594518,100.0
1340,2,22.29276536886014,22.29276536886014,100.0
1350,0,24.017811748072766,24.017811748072766,100.0
1350,1,43.8922288510876,43.8922288510876,100.0
1350,2,32.08995940083964,32.08995940083964,100.0
1360,0,30.944110669061832,30.944110669061832,100.0
1360,1,44.45065700531081,44.45065700531081,100.0
1360,2,24.605232325627355,24.605232325627355,100.0
1370,0,43.605621803389326,43.605621803389326,100.0
1370,1,31.399417516146315,31.399417516146315,100.0
1370,2,24.994960680464363,24.994960680464363,100.0
1380,0,22.70498231355353,22.70498231355353,100.0
1380,1,46.169290989501036,46.169290989501036,100.0
1380,2,31.125726696945442,31.125726696945442,100.0
1390,0,25.653390906296377,25.653390906296377,100.0
1390,1,40.15671058022344,40.15671058022344,100.0
1390,2,34.18989851348018,34.18989851348018,100.0
1400,0,27.40854995871949,27.40854995871949,100.0
1400,1,30.268330534016062,30.268330534016062,100.0
1400,2,42.32311950726446,42.32311950726446,100.0
1410,0,23.828238376985215,23.828238376985215,100.0
1410,1,28.896026573071133,28.896026573071133,100.0
1410,2,47.27573504994366,47.27573504994366,100.0
1420,0,22.156256521163474,22.156256521163474,100.0
1420,1,45.9791758291081,45.9791758291081,100.0
1420,2,31.864567649728425,31.864567649728425,100.0
1430,0,46.25054064679123,46.25054064679123,100.0
1430,1,27.33242747567408,27.33242747567408,100.0
1430,2,26.417031877534704,26.417031877534704,100.0
1440,0,40.54639829787733,40.54639829787733,100.0
1440,1,29.773254983183207,29.773254983183207,100.0
1440,2,29.680346718939465,29.680346718939465,100.0
1450,0,39.04919395806187,39.04919395806187,100.0
1450,1,33.39386763972135,33.39386763972135,100.0
1450,2,27.55693840221678,27.55693840221678,100.0
1460,0,29.226742852930442,29.226742852930442,100.0
1460,1,28.83195583469964,28.83195583469964,100.0
1460,2,41.941301312369916,41.941301312369916,100.0
1470,0,26.1900203887939,26.1900203887939,100.0
1470,1,25.84796488293627,25.84796488293627,100.0
1470,2,47.96201472826983,47.96201472826983,100.0
1480,0,46.56031570545983,46.56031570545983,100.0
1480,1,34.86991240184172,34.86991240184172,100.0
1480,2,18.56977189269845,18.56977189269845,100.0
1490,0,34.63984223911156,34.63984223911156,100.0
1490,1,24.91420614606947,24.91420614606947,100.0
1490,2,40.445951614818966,40.445951614818966,100.0
1500,0,48.871396928382346,48.871396928382346,100.0
1500,1,29.600394683807433,29.600394683807433,100.0
1500,2,21.528208387810217,21.528208387810217,100.0
